0 0.568713 0.154847 0.347803 0.156089 0.347270 0.126143 0.568181 0.124900 0.354218 0.142285 2 0.375607 0.139220 2 0.414550 0.137972 2 0.470040 0.137989 2 0.513020 0.137404 2 0.541269 0.133658 2
0 0.574008 0.267188 0.529504 0.280863 0.423018 0.171219 0.467521 0.157543 0.435170 0.169069 2 0.446612 0.179004 2 0.471985 0.198873 2 0.495368 0.221680 2 0.520243 0.243368 2 0.535786 0.260316 2
0 0.469841 0.331771 0.419285 0.343794 0.328525 0.223043 0.379081 0.211020 0.441117 0.334082 2 0.428544 0.318040 2 0.414131 0.299584 2 0.389292 0.273192 2 0.369053 0.246628 2 0.354640 0.227827 2
0 0.279261 0.414231 0.217201 0.428990 0.108245 0.284030 0.170304 0.269271 0.241901 0.415762 2 0.225645 0.397049 2 0.208256 0.371106 2 0.182549 0.338784 2 0.158355 0.306675 2 0.128112 0.286261 2
0 0.731415 0.171875 0.677167 0.185138 0.572048 0.049093 0.626297 0.035830 0.697544 0.166613 2 0.689501 0.151101 2 0.671116 0.126540 2 0.638944 0.093901 2 0.614239 0.070633 2 0.606771 0.048334 2
0 0.219586 0.415102 0.265591 0.420889 0.214684 0.548944 0.168678 0.543157 0.193566 0.543418 2 0.201954 0.525593 2 0.211275 0.500165 2 0.230848 0.469232 2 0.237373 0.443017 2 0.250888 0.427289 2
0 0.367989 0.542448 0.310100 0.548710 0.264225 0.414534 0.322114 0.408272 0.332619 0.540463 2 0.325566 0.524421 2 0.317286 0.500790 2 0.306553 0.473191 2 0.302567 0.443695 2 0.298580 0.424030 2
0 0.359581 0.384898 0.719378 0.558854 0.661710 0.596594 0.301913 0.422637 0.337832 0.409196 2 0.392110 0.434725 2 0.467853 0.467844 2 0.551877 0.509587 2 0.621534 0.543396 2 0.672297 0.569245 2
0 0.167357 0.726628 0.219378 0.728385 0.203230 0.879589 0.151209 0.877832 0.174931 0.875520 2 0.174553 0.857870 2 0.175687 0.823209 2 0.179846 0.786846 2 0.185516 0.765157 2 0.199881 0.745593 2
0 0.396900 0.756149 0.439619 0.780401 0.181472 0.924278 0.138753 0.900027 0.169112 0.909023 2 0.202201 0.894081 2 0.244610 0.868128 2 0.305660 0.835098 2 0.355526 0.804428 2 0.371371 0.781097 2
0 0.525092 0.860327 0.315389 0.926308 0.286871 0.897630 0.496574 0.831649 0.302433 0.910676 2 0.323826 0.904660 2 0.364372 0.893886 2 0.416859 0.881713 2 0.451435 0.871638 2 0.462878 0.857086 2
0 0.641279 0.850732 0.585186 0.854217 0.559119 0.721454 0.615212 0.717969 0.610636 0.843094 2 0.609143 0.828962 2 0.605412 0.806154 2 0.599691 0.774672 2 0.595213 0.747807 2 0.593223 0.728218 2