0 0.579320 0.127206 0.353602 0.165094 0.339030 0.137628 0.564749 0.099740 0.358300 0.151281 2 0.382526 0.144209 2 0.426684 0.136102 2 0.485255 0.127132 2 0.525427 0.120577 2 0.547813 0.118335 2
0 0.544841 0.257552 0.492485 0.265703 0.439651 0.158320 0.492007 0.150169 0.466045 0.158978 2 0.473098 0.168982 2 0.483831 0.190199 2 0.497324 0.220385 2 0.512350 0.244879 2 0.524003 0.257126 2
0 0.720500 0.323809 0.644982 0.325083 0.637150 0.178275 0.712667 0.177000 0.676103 0.318361 2 0.681010 0.297662 2 0.688369 0.268683 2 0.692049 0.225043 2 0.678557 0.207276 2 0.652184 0.194856 2
0 0.264722 0.402842 0.199078 0.418454 0.103183 0.290872 0.168827 0.275260 0.234453 0.406378 2 0.216744 0.388290 2 0.196705 0.364697 2 0.171073 0.330880 2 0.147771 0.298637 2 0.128198 0.276092 2
0 0.589259 0.399728 0.550203 0.415746 0.399055 0.299138 0.438111 0.283120 0.560677 0.394581 2 0.547162 0.384882 2 0.520598 0.364697 2 0.485646 0.340318 2 0.454421 0.322492 2 0.433450 0.307812 2
0 0.253662 0.604905 0.193325 0.608310 0.169689 0.475801 0.230026 0.472396 0.228812 0.603023 2 0.223219 0.589392 2 0.218093 0.564750 2 0.210636 0.534866 2 0.205510 0.502884 2 0.203646 0.479291 2
0 0.457048 0.660769 0.391696 0.672140 0.315600 0.533767 0.380952 0.522396 0.416555 0.661090 2 0.408582 0.642634 2 0.395090 0.617622 2 0.372090 0.587608 2 0.357371 0.566219 2 0.362584 0.543105 2
0 0.615212 0.493229 0.522786 0.528797 0.248998 0.303686 0.341423 0.268119 0.295593 0.292697 2 0.334086 0.314672 2 0.395559 0.357653 2 0.461628 0.411945 2 0.519079 0.457511 2 0.553703 0.492438 2
0 0.115586 0.782813 0.178175 0.782813 0.178175 0.949219 0.115586 0.949219 0.143014 0.942354 2 0.143014 0.926625 2 0.143480 0.895693 2 0.147674 0.858730 2 0.150004 0.825438 2 0.152334 0.802107 2
0 0.438474 0.899786 0.205608 0.938874 0.190064 0.909575 0.422931 0.870486 0.210589 0.922955 2 0.230162 0.920072 2 0.264649 0.913518 2 0.312184 0.904081 2 0.364846 0.896741 2 0.396536 0.891498 2
0 0.461594 0.683081 0.519378 0.715885 0.259208 0.860891 0.201423 0.828086 0.239949 0.840118 2 0.269309 0.824652 2 0.317310 0.799486 2 0.386283 0.765145 2 0.426362 0.733950 2 0.443139 0.706163 2
0 0.644998 0.818499 0.692306 0.846453 0.526748 0.935106 0.479440 0.907153 0.508839 0.916233 2 0.526932 0.909161 2 0.555757 0.894499 2 0.602062 0.877077 2 0.633933 0.855154 2 0.643154 0.834472 2