0 0.186420 0.071094 0.233642 0.071094 0.233642 0.201302 0.186420 0.201302 0.202909 0.078696 2 0.199180 0.093638 2 0.201045 0.114871 2 0.200112 0.135057 2 0.199180 0.166514 2 0.220152 0.185126 2
0 0.537221 0.144168 0.579230 0.153606 0.500909 0.263907 0.458900 0.254469 0.562822 0.151233 2 0.551475 0.160893 2 0.533689 0.185042 2 0.507931 0.208674 2 0.496891 0.222473 2 0.495051 0.238687 2
0 0.253556 0.311916 0.455916 0.333807 0.447531 0.358333 0.245170 0.336442 0.257431 0.324055 2 0.278403 0.326414 2 0.322676 0.334541 2 0.368347 0.343454 2 0.410756 0.343454 2 0.435922 0.336900 2
0 0.233396 0.601062 0.167472 0.609745 0.116486 0.487257 0.182409 0.478574 0.146544 0.484000 2 0.150324 0.499098 2 0.159397 0.526104 2 0.165824 0.552897 2 0.176031 0.575225 2 0.197201 0.585644 2
0 0.262408 0.546219 0.464305 0.578875 0.447779 0.611203 0.245881 0.578547 0.261089 0.562678 2 0.286795 0.571610 2 0.329891 0.583305 2 0.381304 0.593299 2 0.417974 0.589897 2 0.442546 0.578414 2
0 0.182007 0.315454 0.544290 0.460937 0.490349 0.503438 0.128066 0.357955 0.161609 0.341924 2 0.208108 0.359786 2 0.284093 0.384878 2 0.355920 0.415924 2 0.445136 0.456114 2 0.486342 0.479080 2
0 0.202176 0.773463 0.251192 0.778195 0.217438 0.888802 0.168423 0.884069 0.194721 0.879876 2 0.199321 0.866594 2 0.207294 0.840203 2 0.215267 0.812776 2 0.222014 0.798287 2 0.229067 0.783970 2
0 0.559346 0.731268 0.614040 0.732500 0.603549 0.879948 0.548855 0.878717 0.000000 0.000000 0 0.582624 0.750172 2 0.580477 0.774148 2 0.578330 0.805197 2 0.576797 0.824689 2 0.574957 0.846940 2
0 0.504412 0.709129 0.684130 0.742630 0.671205 0.764569 0.491487 0.731068 0.668259 0.755185 2 0.646369 0.749309 2 0.611544 0.741473 2 0.573237 0.733078 2 0.530451 0.725802 2 0.508313 0.715727 2
0 0.593652 0.750778 0.639712 0.767385 0.504554 0.885998 0.458493 0.869391 0.609481 0.767699 2 0.000000 0.000000 0 0.000000 0.000000 0 0.521398 0.819371 2 0.502496 0.839998 2 0.499850 0.861050 2
0 0.386928 0.612268 0.533835 0.720789 0.490734 0.739251 0.343827 0.630729 0.502874 0.727934 2 0.486241 0.716238 2 0.458644 0.698589 2 0.422731 0.675198 2 0.389086 0.649893 2 0.369050 0.631606 2
0 0.715484 0.634466 0.409588 0.730713 0.378065 0.699014 0.683962 0.602767 0.400049 0.712836 2 0.435206 0.699865 2 0.491533 0.683066 2 0.568653 0.659888 2 0.614017 0.644152 2 0.660137 0.626290 2