0 0.172068 0.046890 0.371219 0.128567 0.344739 0.148996 0.145588 0.067319 0.166720 0.056838 2 0.191595 0.065794 2 0.226206 0.079996 2 0.273223 0.100060 2 0.312737 0.116585 2 0.340539 0.130708 2
0 0.394292 0.163841 0.434687 0.172654 0.352623 0.291667 0.312228 0.282854 0.334573 0.284870 2 0.344692 0.267276 2 0.362785 0.239332 2 0.385477 0.211043 2 0.396823 0.196036 2 0.410316 0.178787 2
0 0.677242 0.116269 0.711460 0.137315 0.557716 0.216406 0.523498 0.195360 0.694651 0.128967 2 0.674615 0.138323 2 0.635678 0.155548 2 0.596740 0.171496 2 0.574814 0.188295 2 0.565741 0.203393 2
0 0.257630 0.323206 0.212497 0.324222 0.203787 0.201797 0.248920 0.200781 0.000000 0.000000 0 0.000000 0.000000 0 0.000000 0.000000 0 0.232142 0.263862 2 0.226550 0.235026 2 0.217352 0.213882 2
0 0.217620 0.282936 0.276589 0.295421 0.190085 0.424694 0.131116 0.412209 0.169799 0.415578 2 0.178998 0.398156 2 0.203837 0.367108 2 0.232970 0.330884 2 0.236649 0.310012 2 0.226223 0.288968 2
0 0.221456 0.335850 0.264457 0.336575 0.257633 0.464486 0.214632 0.463760 0.232104 0.461198 2 0.237397 0.445462 2 0.240799 0.418882 2 0.243067 0.386985 2 0.242689 0.361467 2 0.000000 0.000000 0
0 0.308674 0.342183 0.354938 0.344531 0.334811 0.469984 0.288547 0.467636 0.308251 0.464418 2 0.311931 0.449238 2 0.315304 0.424227 2 0.321744 0.396455 2 0.325424 0.374376 2 0.328797 0.355230 2
0 0.419234 0.526859 0.372558 0.529493 0.349465 0.400030 0.396142 0.397396 0.397318 0.523654 2 0.390602 0.509242 2 0.382393 0.486575 2 0.374185 0.459989 2 0.378413 0.433404 2 0.381896 0.414794 2
0 0.407113 0.505668 0.473457 0.520573 0.306029 0.756365 0.239685 0.741459 0.283546 0.743805 2 0.300936 0.712759 2 0.335337 0.664276 2 0.373896 0.608350 2 0.410566 0.564120 2 0.425687 0.522016 2
0 0.645228 0.651042 0.392808 0.711072 0.354185 0.659686 0.606604 0.599655 0.626637 0.639653 2 0.586465 0.639825 2 0.508882 0.639825 2 0.433138 0.648277 2 0.403393 0.681223 2 0.401860 0.705545 2
0 0.611778 0.624532 0.656802 0.626562 0.641629 0.733020 0.596605 0.730990 0.623254 0.729628 2 0.626483 0.717483 2 0.630115 0.693875 2 0.634352 0.660051 2 0.000000 0.000000 0 0.000000 0.000000 0
0 0.675219 0.612025 0.719844 0.615051 0.691897 0.745422 0.647272 0.742395 0.702352 0.623163 2 0.697510 0.639394 2 0.688228 0.665500 2 0.675112 0.691605 2 0.668251 0.718959 2 0.679551 0.741092 2