0 0.556271 0.415625 0.528414 0.433106 0.378816 0.357679 0.406673 0.340198 0.396997 0.350997 2 0.414001 0.359981 2 0.451811 0.375652 2 0.491611 0.392303 2 0.519720 0.411752 2 0.544381 0.423849 2
0 0.190340 0.665321 0.151450 0.668851 0.114363 0.539583 0.153254 0.536052 0.133393 0.541605 2 0.136378 0.554898 2 0.142845 0.579244 2 0.150557 0.607228 2 0.161999 0.636612 2 0.162248 0.652144 2
0 0.201066 0.608528 0.155938 0.610308 0.139832 0.481089 0.184959 0.479309 0.174437 0.606949 2 0.169959 0.593096 2 0.164735 0.569589 2 0.151303 0.540066 2 0.157024 0.516139 2 0.167969 0.498089 2
0 0.265067 0.627344 0.213505 0.630547 0.189387 0.507711 0.240949 0.504508 0.234448 0.625132 2 0.232301 0.609263 2 0.233528 0.575109 2 0.232301 0.540265 2 0.213902 0.522671 2 0.195506 0.511501 2
0 0.387652 0.695654 0.302067 0.699998 0.263570 0.460045 0.349155 0.455700 0.336956 0.694320 2 0.329005 0.663539 2 0.319732 0.619359 2 0.312649 0.563186 2 0.306275 0.507810 2 0.303442 0.471158 2
0 0.237939 0.781663 0.188917 0.790193 0.122526 0.669468 0.171549 0.660937 0.145908 0.669362 2 0.155737 0.683609 2 0.179931 0.709977 2 0.201803 0.735707 2 0.207528 0.760374 2 0.204126 0.776961 2
0 0.440993 0.739583 0.135566 0.820465 0.107532 0.786969 0.412959 0.706088 0.123982 0.803116 2 0.162542 0.793759 2 0.000000 0.000000 0 0.289184 0.767817 2 0.376553 0.745333 2 0.402408 0.720900 2
0 0.356966 0.801424 0.136364 0.858333 0.116284 0.833706 0.336887 0.776796 0.127875 0.844576 2 0.150262 0.838979 2 0.190809 0.829884 2 0.250260 0.815192 2 0.293294 0.802319 2 0.316428 0.785249 2
0 0.324985 0.864011 0.126721 0.961825 0.091559 0.939274 0.289823 0.841460 0.113578 0.948208 2 0.136884 0.937859 2 0.178588 0.920609 2 0.242066 0.891976 2 0.276411 0.870931 2 0.283218 0.852727 2
0 0.397980 0.915472 0.353493 0.918490 0.322432 0.773590 0.366919 0.770573 0.345115 0.773506 2 0.347383 0.791368 2 0.356834 0.820926 2 0.366285 0.855374 2 0.372333 0.879829 2 0.370443 0.902369 2
0 0.420830 0.780711 0.471136 0.781560 0.464010 0.915148 0.413703 0.914299 0.438490 0.909812 2 0.440002 0.897266 2 0.442270 0.868133 2 0.445672 0.841340 2 0.446428 0.821777 2 0.444538 0.803489 2
0 0.677660 0.909740 0.638552 0.929034 0.488003 0.832481 0.527111 0.813187 0.655482 0.914064 2 0.635068 0.901944 2 0.605203 0.885145 2 0.572692 0.865794 2 0.539690 0.842681 2 0.521302 0.825951 2