0 0.130677 0.326374 0.073063 0.330611 0.037953 0.179552 0.095568 0.175315 0.067095 0.183933 2 0.068836 0.199744 2 0.079035 0.227309 2 0.093960 0.261870 2 0.106148 0.291673 2 0.094706 0.311962 2
0 0.205097 0.242781 0.149648 0.252772 0.086654 0.142154 0.142104 0.132163 0.112300 0.142128 2 0.119564 0.154160 2 0.139540 0.177995 2 0.157902 0.204895 2 0.162745 0.223963 2 0.148217 0.239400 2
0 0.148226 0.138366 0.190193 0.144646 0.138318 0.254336 0.096351 0.248056 0.164763 0.152798 2 0.157499 0.161878 2 0.000000 0.000000 0 0.131469 0.202398 2 0.120573 0.223055 2 0.126021 0.242010 2
0 0.418688 0.161577 0.241463 0.200243 0.219352 0.168177 0.396577 0.129511 0.397850 0.143438 2 0.382210 0.146371 2 0.350932 0.157410 2 0.312600 0.172417 2 0.274881 0.179662 2 0.246976 0.174314 2
0 0.469015 0.136826 0.655952 0.194271 0.629702 0.221300 0.442764 0.163855 0.463243 0.156848 2 0.475736 0.159895 2 0.506227 0.167119 2 0.544756 0.178471 2 0.581265 0.193539 2 0.598180 0.201375 2
0 0.406469 0.203019 0.652141 0.219682 0.646969 0.243809 0.401297 0.227146 0.413360 0.215690 2 0.437574 0.215804 2 0.484993 0.219322 2 0.538666 0.224089 2 0.576601 0.226813 2 0.599403 0.228402 2
0 0.367266 0.234299 0.176975 0.315670 0.145754 0.292569 0.336045 0.211198 0.173936 0.300048 2 0.190105 0.291793 2 0.227169 0.271644 2 0.274929 0.249676 2 0.312988 0.239322 2 0.340848 0.238762 2
0 0.566570 0.259475 0.628466 0.265810 0.585436 0.398824 0.523540 0.392488 0.597462 0.265227 2 0.594088 0.279717 2 0.589489 0.305763 2 0.587342 0.336812 2 0.569863 0.368896 2 0.543797 0.386490 2
0 0.447156 0.434635 0.114828 0.619562 0.055942 0.586079 0.388269 0.401152 0.096704 0.597685 2 0.127703 0.576633 2 0.190835 0.536656 2 0.273625 0.487110 2 0.343562 0.459253 2 0.376829 0.432460 2
0 0.413162 0.528871 0.484595 0.552956 0.299009 0.727109 0.227576 0.703023 0.432589 0.545288 2 0.410685 0.562066 2 0.378063 0.592999 2 0.333324 0.637563 2 0.304896 0.681079 2 0.299769 0.716993 2
0 0.510582 0.664323 0.461627 0.681587 0.328955 0.562554 0.377910 0.545290 0.476320 0.668600 2 0.464119 0.653737 2 0.442288 0.630792 2 0.411839 0.602030 2 0.379091 0.578439 2 0.349216 0.566806 2
0 0.665609 0.571785 0.436287 0.608878 0.418760 0.574593 0.648082 0.537500 0.646815 0.560019 2 0.623834 0.562928 2 0.591087 0.564543 2 0.529040 0.567129 2 0.481929 0.582317 2 0.456076 0.593951 2