0 0.571235 0.414519 0.548450 0.432441 0.364321 0.358375 0.387106 0.340453 0.383775 0.352306 2 0.404173 0.359302 2 0.443475 0.373015 2 0.487504 0.389246 2 0.517106 0.402398 2 0.536011 0.419609 2
0 0.179972 0.639066 0.148148 0.641406 0.120305 0.521611 0.152129 0.519270 0.137396 0.523516 2 0.138888 0.535409 2 0.148341 0.563813 2 0.154808 0.592358 2 0.156798 0.618943 2 0.148590 0.638672 2
0 0.204069 0.605711 0.165546 0.609431 0.129235 0.490442 0.167757 0.486722 0.178052 0.603582 2 0.172003 0.585507 2 0.000000 0.000000 0 0.000000 0.000000 0 0.143272 0.514909 2 0.162174 0.499386 2
0 0.267275 0.644684 0.216235 0.645833 0.206645 0.511045 0.257685 0.509896 0.234571 0.644074 2 0.233825 0.627703 2 0.236810 0.600418 2 0.241785 0.568236 2 0.235815 0.542490 2 0.227180 0.524879 2
0 0.397116 0.701071 0.306329 0.706195 0.262542 0.460715 0.353329 0.455591 0.342103 0.697547 2 0.333787 0.667352 2 0.325470 0.616955 2 0.320177 0.556776 2 0.311860 0.508931 2 0.289178 0.475758 2
0 0.252608 0.773185 0.210406 0.783503 0.123627 0.671194 0.165829 0.660876 0.143206 0.671875 2 0.152657 0.683570 2 0.177229 0.707812 2 0.212386 0.738858 2 0.220325 0.759272 2 0.219947 0.777134 2
0 0.465039 0.747754 0.126247 0.821669 0.107488 0.794464 0.446279 0.720549 0.124918 0.807295 2 0.161735 0.797596 2 0.217659 0.785799 2 0.296885 0.766138 2 0.374712 0.750147 2 0.425510 0.739137 2
0 0.350364 0.809636 0.134148 0.863949 0.115579 0.840559 0.331794 0.786247 0.129451 0.849287 2 0.155640 0.843394 2 0.205235 0.832622 2 0.264651 0.822218 2 0.301807 0.813287 2 0.325626 0.801947 2
0 0.407235 0.904545 0.362391 0.908357 0.324710 0.768111 0.369553 0.764299 0.346087 0.769938 2 0.348847 0.787188 2 0.357127 0.814787 2 0.370313 0.849975 2 0.376139 0.877574 2 0.372153 0.899136 2
0 0.331775 0.866759 0.131883 0.963403 0.100689 0.942989 0.300581 0.846344 0.118428 0.952806 2 0.141489 0.941324 2 0.191011 0.919846 2 0.252253 0.894754 2 0.280695 0.878530 2 0.294117 0.862878 2
0 0.502373 0.916490 0.448148 0.925260 0.393923 0.819188 0.448148 0.810417 0.466857 0.917962 2 0.459818 0.907374 2 0.443450 0.885001 2 0.423809 0.859958 2 0.427558 0.838146 2 0.445832 0.823643 2
0 0.683922 0.910817 0.657214 0.925678 0.495172 0.833540 0.521879 0.818679 0.665167 0.914405 2 0.641785 0.904190 2 0.608203 0.885720 2 0.569647 0.863753 2 0.538802 0.839826 2 0.521140 0.825414 2