0 0.343827 0.310156 0.315472 0.324720 0.159528 0.228652 0.187884 0.214089 0.176971 0.223052 2 0.190952 0.232227 2 0.218448 0.251888 2 0.257129 0.276267 2 0.288819 0.292782 2 0.320509 0.304579 2
0 0.168690 0.320853 0.398734 0.332531 0.395604 0.352044 0.165559 0.340366 0.176039 0.328958 2 0.198409 0.330269 2 0.246876 0.333677 2 0.301402 0.337871 2 0.339617 0.343114 2 0.363850 0.347308 2
0 0.531790 0.361198 0.336052 0.436523 0.304421 0.410516 0.500159 0.335191 0.504593 0.352813 2 0.482223 0.359891 2 0.440746 0.373261 2 0.394143 0.386368 2 0.356394 0.401048 2 0.327034 0.418611 2
0 0.206170 0.420420 0.643632 0.450091 0.633223 0.498647 0.195761 0.468976 0.210525 0.445874 2 0.264119 0.447972 2 0.357326 0.454001 2 0.457523 0.462652 2 0.539545 0.468943 2 0.608518 0.473662 2
0 0.197287 0.624754 0.148476 0.630607 0.102476 0.509209 0.151288 0.503357 0.127889 0.509554 2 0.133559 0.523589 2 0.147169 0.545279 2 0.154729 0.571009 2 0.158888 0.597589 2 0.162668 0.620980 2
0 0.349049 0.600460 0.131351 0.629132 0.121074 0.604443 0.338773 0.575771 0.127133 0.616302 2 0.153217 0.613325 2 0.197825 0.606308 2 0.249616 0.598015 2 0.293090 0.599078 2 0.325980 0.605032 2
0 0.113699 0.752812 0.341049 0.769531 0.335529 0.793282 0.108179 0.776562 0.115017 0.765044 2 0.143370 0.765682 2 0.189112 0.768659 2 0.238257 0.774188 2 0.280975 0.776314 2 0.312730 0.777803 2
0 0.418827 0.780729 0.276606 0.852322 0.243141 0.831288 0.385362 0.759695 0.267365 0.838832 2 0.285133 0.829050 2 0.310839 0.810975 2 0.342216 0.794602 2 0.370947 0.784182 2 0.392117 0.777803 2
0 0.655401 0.870313 0.599543 0.875061 0.562442 0.736977 0.618300 0.732229 0.582138 0.740625 2 0.588186 0.758274 2 0.598771 0.786556 2 0.607088 0.809947 2 0.612381 0.830574 2 0.612759 0.852901 2
0 0.616088 0.737696 0.662339 0.754371 0.537346 0.864062 0.491095 0.847387 0.633252 0.753990 2 0.615697 0.768632 2 0.000000 0.000000 0 0.562628 0.801548 2 0.532966 0.831626 2 0.524662 0.847173 2
0 0.476702 0.649992 0.665312 0.698649 0.643827 0.725000 0.455217 0.676344 0.644640 0.712949 2 0.618942 0.705986 2 0.582273 0.693440 2 0.533128 0.678342 2 0.488898 0.673876 2 0.465082 0.672813 2
0 0.568204 0.654496 0.254989 0.764954 0.219501 0.733114 0.532716 0.622656 0.246577 0.747664 2 0.284003 0.734693 2 0.353561 0.706624 2 0.435595 0.679830 2 0.496459 0.661330 2 0.528592 0.653675 2