0 0.207245 0.034735 0.281120 0.053793 0.188332 0.167598 0.114457 0.148540 0.154766 0.156486 2 0.160436 0.138837 2 0.171777 0.111193 2 0.194837 0.076744 2 0.234531 0.059733 2 0.270067 0.057181 2
0 0.224836 0.087063 0.268293 0.100418 0.141987 0.230469 0.098530 0.217114 0.131900 0.217428 2 0.142863 0.201905 2 0.171215 0.174261 2 0.207507 0.143853 2 0.229433 0.112382 2 0.235103 0.094732 2
0 0.317130 0.061979 0.343033 0.075553 0.226956 0.145641 0.201052 0.132067 0.000000 0.000000 0 0.000000 0.000000 0 0.000000 0.000000 0 0.000000 0.000000 0 0.274797 0.096859 2 0.312979 0.083037 2
0 0.412820 0.106771 0.257700 0.142638 0.233693 0.109786 0.388814 0.073919 0.000000 0.000000 0 0.000000 0.000000 0 0.000000 0.000000 0 0.302008 0.103824 2 0.366758 0.094640 2 0.391988 0.101749 2
0 0.256071 0.128604 0.299858 0.133854 0.249043 0.267958 0.205256 0.262709 0.229195 0.259933 2 0.231931 0.245102 2 0.240886 0.216278 2 0.250090 0.179198 2 0.262776 0.157650 2 0.280438 0.142259 2
0 0.442748 0.181481 0.484975 0.209635 0.318860 0.288466 0.276633 0.260312 0.303442 0.271514 2 0.320606 0.260320 2 0.355929 0.243529 2 0.396226 0.224780 2 0.427071 0.211067 2 0.447220 0.202812 2
0 0.539475 0.212149 0.597445 0.220475 0.545623 0.334635 0.487652 0.326309 0.568046 0.222159 2 0.561330 0.231954 2 0.551131 0.252662 2 0.538445 0.277848 2 0.524017 0.306112 2 0.516804 0.324302 2
0 0.385544 0.434647 0.319702 0.452083 0.218845 0.331577 0.284687 0.314141 0.348167 0.438898 2 0.333754 0.424581 2 0.312288 0.403192 2 0.286223 0.377490 2 0.267517 0.352996 2 0.255864 0.328847 2
0 0.573063 0.455190 0.644620 0.471267 0.518389 0.649041 0.446831 0.632965 0.605619 0.467586 2 0.590694 0.487175 2 0.567560 0.519917 2 0.532735 0.563992 2 0.508109 0.598833 2 0.492935 0.632274 2
0 0.704409 0.636236 0.643142 0.639693 0.620634 0.513504 0.681900 0.510046 0.674602 0.630561 2 0.670163 0.615692 2 0.666329 0.591289 2 0.658056 0.559622 2 0.653415 0.534084 2 0.653415 0.515810 2
0 0.307000 0.568689 0.412290 0.573437 0.375454 0.831882 0.270165 0.827134 0.317515 0.821496 2 0.321194 0.793379 2 0.327634 0.738009 2 0.335914 0.674187 2 0.346033 0.615884 2 0.351247 0.578625 2
0 0.512607 0.802429 0.738080 0.813874 0.731880 0.852519 0.506407 0.841074 0.718686 0.832947 2 0.695031 0.831557 2 0.651851 0.828284 2 0.599052 0.823354 2 0.543718 0.823995 2 0.515962 0.823855 2