0 0.228779 0.296681 0.445679 0.310156 0.441307 0.332423 0.224407 0.318948 0.236510 0.309169 2 0.260326 0.308531 2 0.301154 0.310657 2 0.353701 0.313421 2 0.397553 0.316824 2 0.426284 0.319163 2
0 0.104010 0.297910 0.291319 0.359643 0.269952 0.380156 0.082643 0.318423 0.097771 0.308956 2 0.122343 0.313634 2 0.163549 0.326818 2 0.202109 0.339152 2 0.235754 0.352973 2 0.266753 0.367008 2
0 0.460031 0.411979 0.244305 0.476703 0.219159 0.450185 0.434885 0.385461 0.442183 0.402232 2 0.412318 0.410738 2 0.371112 0.421370 2 0.317809 0.436681 2 0.276603 0.447738 2 0.243336 0.455606 2
0 0.199139 0.642632 0.143670 0.651943 0.087331 0.545745 0.142800 0.536434 0.111460 0.537715 2 0.119433 0.553412 2 0.133539 0.583598 2 0.153778 0.606712 2 0.154085 0.632413 2 0.146725 0.652940 2
0 0.333584 0.628005 0.127551 0.630323 0.126699 0.606370 0.332733 0.604052 0.130443 0.619168 2 0.000000 0.000000 0 0.189795 0.617254 2 0.238940 0.617467 2 0.269183 0.617467 2 0.293377 0.607473 2
0 0.512482 0.403398 0.569753 0.432813 0.291993 0.603924 0.234722 0.574509 0.263671 0.587932 2 0.293978 0.565878 2 0.341509 0.537416 2 0.409586 0.499985 2 0.475210 0.458414 2 0.511089 0.430298 2
0 0.492878 0.674569 0.252160 0.763281 0.218400 0.734296 0.459118 0.645584 0.244102 0.750398 2 0.284274 0.736599 2 0.335485 0.709173 2 0.392522 0.688991 2 0.434534 0.682609 2 0.471333 0.674502 2
0 0.458015 0.645550 0.612704 0.675354 0.591512 0.710156 0.436823 0.680352 0.583815 0.696367 2 0.558189 0.690919 2 0.524693 0.682746 2 0.495031 0.675709 2 0.482924 0.672645 2 0.457702 0.661295 2
0 0.446605 0.811458 0.251664 0.814749 0.250061 0.784705 0.445002 0.781414 0.258567 0.794752 2 0.282179 0.801996 2 0.318058 0.805964 2 0.358229 0.809759 2 0.402081 0.805101 2 0.425080 0.786127 2
0 0.365807 0.829283 0.161418 0.890606 0.129717 0.857175 0.334106 0.795852 0.143872 0.883065 2 0.180670 0.874268 2 0.207349 0.859434 2 0.231575 0.842012 2 0.265920 0.833732 2 0.308238 0.821485 2
0 0.453549 0.843750 0.572994 0.843750 0.572994 0.868750 0.453549 0.868750 0.000000 0.000000 0 0.000000 0.000000 0 0.000000 0.000000 0 0.000000 0.000000 0 0.000000 0.000000 0 0.000000 0.000000 0
0 0.605644 0.800890 0.647994 0.817187 0.547499 0.899815 0.505149 0.883517 0.612963 0.817280 2 0.602843 0.826250 2 0.581071 0.840912 2 0.000000 0.000000 0 0.000000 0.000000 0 0.000000 0.000000 0