0 0.250012 0.408349 0.217011 0.423670 0.084489 0.333350 0.117489 0.318030 0.105130 0.325938 2 0.117793 0.335978 2 0.145392 0.352020 2 0.180044 0.371512 2 0.205189 0.390314 2 0.221135 0.411875 2
0 0.281027 0.303331 0.494822 0.336613 0.480783 0.365147 0.266989 0.331864 0.281546 0.318729 2 0.300559 0.320454 2 0.346250 0.327354 2 0.401448 0.334943 2 0.435487 0.344431 2 0.465232 0.352538 2
0 0.380275 0.463697 0.169529 0.513817 0.151600 0.489964 0.362346 0.439844 0.362142 0.452785 2 0.332090 0.458478 2 0.277506 0.472967 2 0.238867 0.485904 2 0.198695 0.492804 2 0.162204 0.493494 2
0 0.188963 0.701832 0.148198 0.706960 0.094151 0.571007 0.134915 0.565879 0.118767 0.578344 2 0.122498 0.593735 2 0.134438 0.614444 2 0.148119 0.641309 2 0.157572 0.666635 2 0.158570 0.686200 2
0 0.286964 0.555063 0.318491 0.572258 0.173357 0.656450 0.141830 0.639254 0.160014 0.647494 2 0.172587 0.638179 2 0.199573 0.623345 2 0.242198 0.598506 2 0.270103 0.581084 2 0.295862 0.566250 2
0 0.386795 0.407683 0.469290 0.419531 0.359955 0.660388 0.277460 0.648539 0.310949 0.648463 2 0.324936 0.621032 2 0.355557 0.565956 2 0.384288 0.508968 2 0.404702 0.470904 2 0.414531 0.440708 2
0 0.539522 0.684580 0.236715 0.775431 0.207314 0.744425 0.510121 0.653574 0.224797 0.762045 2 0.257308 0.749924 2 0.324977 0.729298 2 0.394535 0.704844 2 0.458423 0.688895 2 0.500007 0.673160 2
0 0.438466 0.679877 0.648800 0.679877 0.648800 0.702364 0.438466 0.702364 0.643661 0.692723 2 0.624759 0.692510 2 0.585443 0.689959 2 0.540079 0.688895 2 0.503788 0.689533 2 0.473923 0.693361 2
0 0.378500 0.834691 0.141687 0.895782 0.125869 0.876382 0.362682 0.815290 0.137169 0.884123 2 0.159805 0.878386 2 0.203337 0.867192 2 0.000000 0.000000 0 0.000000 0.000000 0 0.000000 0.000000 0
0 0.421279 0.829953 0.214694 0.884659 0.199434 0.866425 0.406019 0.811719 0.212080 0.875297 2 0.237778 0.867931 2 0.273763 0.858635 2 0.317921 0.845008 2 0.364532 0.836039 2 0.396424 0.828277 2
0 0.477219 0.818050 0.677315 0.895052 0.653068 0.914988 0.452972 0.837986 0.658937 0.905775 2 0.631574 0.896680 2 0.593266 0.879330 2 0.552720 0.862399 2 0.504711 0.844909 2 0.476105 0.836514 2
0 0.448239 0.850654 0.631787 0.893094 0.619221 0.910290 0.435673 0.867850 0.000000 0.000000 0 0.000000 0.000000 0 0.000000 0.000000 0 0.539491 0.876436 2 0.488796 0.865270 2 0.446470 0.866108 2