0 0.178013 0.617035 0.138422 0.619721 0.114406 0.507688 0.153997 0.505003 0.131923 0.505995 2 0.132389 0.518315 2 0.140778 0.541908 2 0.152428 0.569434 2 0.156623 0.596172 2 0.154759 0.612425 2
0 0.203538 0.591344 0.162948 0.596690 0.116547 0.485219 0.157138 0.479873 0.176931 0.591965 2 0.169285 0.577971 2 0.000000 0.000000 0 0.000000 0.000000 0 0.000000 0.000000 0 0.000000 0.000000 0
0 0.373787 0.337723 0.572434 0.412538 0.549593 0.431727 0.350946 0.356912 0.375475 0.348761 2 0.397671 0.356820 2 0.439238 0.372710 2 0.480603 0.386671 2 0.513695 0.400064 2 0.529636 0.415046 2
0 0.212555 0.534275 0.260183 0.534275 0.260183 0.660814 0.212555 0.660814 0.229632 0.656103 2 0.231900 0.640368 2 0.237571 0.608471 2 0.242107 0.576787 2 0.236058 0.554884 2 0.233034 0.537660 2
0 0.384404 0.707824 0.310562 0.711991 0.266524 0.465104 0.340366 0.460937 0.348998 0.699154 2 0.337805 0.671310 2 0.327866 0.627973 2 0.322696 0.571096 2 0.310369 0.509718 2 0.302396 0.482119 2
0 0.256954 0.774538 0.208010 0.787499 0.112294 0.673135 0.161238 0.660173 0.137815 0.670660 2 0.149535 0.683206 2 0.177887 0.705321 2 0.204728 0.726586 2 0.216825 0.752528 2 0.215313 0.773580 2
0 0.474251 0.746023 0.129705 0.818973 0.109015 0.788054 0.453561 0.715104 0.127404 0.801189 2 0.170029 0.791184 2 0.239953 0.776262 2 0.319800 0.759336 2 0.386833 0.747888 2 0.435898 0.736676 2
0 0.341720 0.833479 0.126315 0.861849 0.116023 0.837126 0.331428 0.808756 0.125458 0.850707 2 0.151217 0.847085 2 0.199975 0.839150 2 0.263146 0.832941 2 0.308224 0.826903 2 0.331530 0.817589 2
0 0.411701 0.898762 0.371617 0.902865 0.325514 0.760353 0.365598 0.756250 0.347476 0.763426 2 0.351156 0.781193 2 0.360968 0.810344 2 0.373235 0.846223 2 0.376301 0.873304 2 0.372315 0.895038 2
0 0.494347 0.812558 0.693991 0.903370 0.661611 0.925893 0.461967 0.835081 0.670318 0.914248 2 0.646438 0.903894 2 0.612111 0.886403 2 0.567087 0.866115 2 0.536528 0.852223 2 0.510160 0.839350 2
0 0.415595 0.830620 0.544348 0.905191 0.494586 0.932376 0.365833 0.857806 0.510204 0.918799 2 0.489352 0.911037 2 0.455007 0.896720 2 0.419435 0.881368 2 0.407169 0.861186 2 0.426181 0.838417 2
0 0.331802 0.874479 0.132844 0.964980 0.100531 0.942503 0.299490 0.852003 0.120848 0.951665 2 0.143734 0.941590 2 0.181046 0.925079 2 0.243980 0.901293 2 0.276221 0.886235 2 0.293014 0.871264 2