0 0.266245 0.411508 0.212912 0.425631 0.117960 0.312181 0.171293 0.298058 0.239771 0.416809 2 0.225971 0.400767 2 0.202359 0.378170 2 0.173227 0.351089 2 0.158507 0.329182 2 0.158201 0.313658 2
0 0.629639 0.549718 0.574754 0.555977 0.528434 0.427442 0.583318 0.421183 0.564038 0.431911 2 0.568331 0.446573 2 0.576917 0.473655 2 0.587650 0.502461 2 0.588877 0.522470 2 0.582744 0.539029 2
0 0.149114 0.544953 0.207770 0.547266 0.192503 0.669740 0.133848 0.667427 0.164255 0.663470 2 0.168694 0.650531 2 0.177775 0.624539 2 0.187056 0.596958 2 0.184232 0.575960 2 0.174748 0.560297 2
0 0.370567 0.675114 0.268948 0.680849 0.223800 0.427734 0.325418 0.421999 0.314469 0.669543 2 0.309870 0.645394 2 0.304942 0.591338 2 0.300363 0.527064 2 0.289937 0.469279 2 0.260498 0.439437 2
0 0.686260 0.710655 0.627306 0.714318 0.601540 0.583090 0.660494 0.579427 0.653626 0.707105 2 0.652382 0.692273 2 0.649397 0.666668 2 0.647656 0.636025 2 0.636711 0.614337 2 0.627258 0.596986 2
0 0.566936 0.578979 0.628342 0.594820 0.490625 0.763729 0.429220 0.747888 0.449123 0.746494 2 0.465281 0.734662 2 0.504918 0.702526 2 0.559394 0.658451 2 0.576309 0.626129 2 0.581533 0.598844 2
0 0.188511 0.823876 0.130189 0.824532 0.125069 0.680551 0.183391 0.679895 0.155379 0.683908 2 0.156622 0.698320 2 0.158642 0.723808 2 0.160993 0.756902 2 0.162868 0.787890 2 0.149684 0.802862 2
0 0.222638 0.691365 0.263509 0.692055 0.256720 0.819309 0.215849 0.818619 0.238013 0.809815 2 0.237031 0.797754 2 0.239486 0.770133 2 0.238667 0.738461 2 0.244611 0.716561 2 0.000000 0.000000 0
0 0.198445 0.653624 0.370920 0.745834 0.333274 0.768113 0.160799 0.675903 0.335945 0.758425 2 0.316574 0.747756 2 0.284692 0.727212 2 0.248170 0.705306 2 0.215683 0.686919 2 0.192571 0.670931 2
0 0.297925 0.971190 0.240143 0.992024 0.095007 0.864655 0.152789 0.843822 0.133605 0.858301 2 0.143264 0.870870 2 0.165651 0.895917 2 0.192019 0.928798 2 0.221620 0.953565 2 0.247988 0.964618 2
0 0.463276 0.761056 0.320712 0.856110 0.273420 0.833667 0.415984 0.738613 0.300685 0.839045 2 0.319937 0.831427 2 0.347687 0.816640 2 0.386855 0.794383 2 0.412746 0.772874 2 0.411418 0.752485 2
0 0.286143 0.837443 0.500198 0.919817 0.460815 0.952198 0.246760 0.869824 0.281678 0.858576 2 0.301900 0.870849 2 0.333526 0.886650 2 0.371121 0.905290 2 0.413605 0.920447 2 0.442576 0.922657 2