0 0.179220 0.028208 0.357660 0.109375 0.327688 0.130223 0.149248 0.049056 0.161969 0.042595 2 0.185173 0.048724 2 0.218064 0.060414 2 0.266491 0.075737 2 0.297969 0.100821 2 0.320787 0.119741 2
0 0.393550 0.151561 0.436925 0.161306 0.348419 0.285950 0.305044 0.276205 0.331864 0.275578 2 0.340559 0.261969 2 0.357192 0.238791 2 0.382521 0.208383 2 0.397264 0.189032 2 0.403313 0.168193 2
0 0.688054 0.093531 0.720247 0.109413 0.575571 0.202201 0.543377 0.186318 0.692785 0.105231 2 0.677759 0.118168 2 0.652000 0.137659 2 0.621948 0.158186 2 0.586683 0.180437 2 0.559165 0.191017 2
0 0.218483 0.210303 0.272012 0.216406 0.229159 0.335319 0.175630 0.329215 0.208811 0.330196 2 0.214331 0.312429 2 0.225064 0.288108 2 0.245303 0.252574 2 0.241930 0.231530 2 0.221384 0.220836 2
0 0.225896 0.307031 0.274327 0.318229 0.180199 0.447036 0.131769 0.435838 0.163246 0.437885 2 0.172753 0.420980 2 0.192992 0.393209 2 0.226417 0.359055 2 0.244203 0.340081 2 0.241054 0.320808 2
0 0.220062 0.356816 0.269249 0.358478 0.256087 0.481717 0.206901 0.480055 0.229361 0.475765 2 0.228863 0.457016 2 0.228863 0.430151 2 0.227619 0.395170 2 0.237569 0.377680 2 0.252992 0.363688 2
0 0.301234 0.356948 0.344234 0.359375 0.320031 0.495064 0.277031 0.492637 0.298735 0.488277 2 0.302108 0.472926 2 0.306401 0.445499 2 0.309774 0.413070 2 0.315294 0.395821 2 0.318054 0.376157 2
0 0.443616 0.527013 0.399843 0.534360 0.334257 0.410733 0.378030 0.403385 0.418953 0.525586 2 0.410258 0.511338 2 0.395136 0.488160 2 0.372832 0.462005 2 0.361491 0.441165 2 0.371698 0.420539 2
0 0.447511 0.487148 0.509049 0.506510 0.294282 0.722484 0.232744 0.703121 0.267009 0.708804 2 0.292716 0.683287 2 0.334678 0.635867 2 0.393651 0.576326 2 0.435613 0.538901 2 0.474363 0.510216 2
0 0.356271 0.619271 0.621923 0.651121 0.598655 0.712528 0.333003 0.680678 0.606585 0.665509 2 0.567640 0.661541 2 0.495883 0.650674 2 0.420446 0.639980 2 0.367088 0.656712 2 0.344703 0.681896 2
0 0.602309 0.621792 0.643308 0.623177 0.630343 0.744580 0.589344 0.743194 0.608740 0.738964 2 0.612420 0.727234 2 0.619166 0.706362 2 0.627139 0.674106 2 0.624993 0.649612 2 0.599541 0.634088 2
0 0.672262 0.584708 0.716230 0.587690 0.688925 0.715067 0.644957 0.712085 0.695938 0.588183 2 0.690646 0.606046 2 0.683841 0.628586 2 0.675524 0.657931 2 0.667208 0.691104 2 0.669854 0.713006 2