0 0.222238 0.139019 0.424846 0.160938 0.413862 0.193063 0.211254 0.171145 0.417577 0.177559 2 0.398174 0.174481 2 0.357130 0.170703 2 0.307131 0.170143 2 0.247680 0.166225 2 0.226287 0.157830 2
0 0.661782 0.243484 0.616787 0.266134 0.479128 0.179608 0.524123 0.156958 0.505897 0.174108 2 0.522763 0.180318 2 0.561095 0.195325 2 0.596667 0.214472 2 0.611999 0.234653 2 0.619053 0.249660 2
0 0.436701 0.207674 0.651080 0.251692 0.634233 0.277652 0.419854 0.233634 0.440580 0.223786 2 0.466339 0.225339 2 0.515403 0.233446 2 0.565695 0.243105 2 0.601880 0.256215 2 0.616906 0.266909 2
0 0.165586 0.325260 0.127157 0.329418 0.085309 0.207019 0.123738 0.202862 0.107995 0.207233 2 0.112224 0.220246 2 0.121925 0.249630 2 0.130134 0.277894 2 0.135606 0.303780 2 0.144313 0.320990 2
0 0.191005 0.284297 0.146900 0.289845 0.099722 0.171173 0.143827 0.165625 0.120184 0.175471 2 0.123418 0.184566 2 0.131875 0.209752 2 0.140581 0.240675 2 0.154263 0.260963 2 0.168442 0.278454 2
0 0.384722 0.260417 0.185790 0.320102 0.151798 0.284255 0.350730 0.224570 0.180382 0.296643 2 0.200282 0.287968 2 0.244311 0.272857 2 0.296051 0.256346 2 0.334110 0.249070 2 0.360975 0.245572 2
0 0.127012 0.430512 0.080877 0.434170 0.041670 0.277673 0.087806 0.274016 0.059859 0.281013 2 0.065072 0.299815 2 0.077339 0.333278 2 0.089298 0.366052 2 0.092058 0.393478 2 0.091138 0.410900 2
0 0.589020 0.272696 0.638824 0.280148 0.573720 0.417809 0.523917 0.410356 0.611651 0.281449 2 0.607972 0.297491 2 0.599385 0.326643 2 0.588039 0.360796 2 0.572093 0.383910 2 0.551240 0.397882 2
0 0.420994 0.341699 0.490734 0.373421 0.193827 0.579948 0.124087 0.548225 0.170534 0.553395 2 0.194146 0.534075 2 0.245051 0.499232 2 0.310981 0.451969 2 0.378445 0.408501 2 0.420457 0.376072 2
0 0.465898 0.532940 0.647101 0.583439 0.618043 0.616430 0.436839 0.565931 0.630648 0.597231 2 0.607266 0.593873 2 0.562739 0.585337 2 0.512243 0.576522 2 0.480403 0.560151 2 0.485129 0.543920 2
0 0.475149 0.664032 0.422557 0.681365 0.294012 0.557958 0.346605 0.540625 0.441819 0.667063 2 0.433472 0.654725 2 0.412030 0.629498 2 0.388460 0.594788 2 0.356706 0.574072 2 0.323642 0.569008 2
0 0.513901 0.746074 0.132829 0.748217 0.132200 0.712821 0.513272 0.710677 0.144898 0.735132 2 0.185053 0.734678 2 0.253053 0.733770 2 0.338003 0.730478 2 0.415689 0.730705 2 0.460282 0.733202 2