0 0.229902 0.438736 0.163364 0.451976 0.104170 0.357847 0.170708 0.344608 0.139849 0.350680 2 0.148742 0.359822 2 0.160089 0.373622 2 0.190141 0.406223 2 0.192594 0.427095 2 0.174195 0.441757 2
0 0.296619 0.310052 0.508052 0.354818 0.488122 0.384601 0.276690 0.339835 0.297769 0.325209 2 0.319659 0.330246 2 0.365429 0.338781 2 0.418164 0.347876 2 0.449755 0.360189 2 0.464680 0.376980 2
0 0.106610 0.452411 0.315109 0.467744 0.305206 0.510350 0.096707 0.495017 0.298359 0.490518 2 0.264661 0.490598 2 0.211179 0.491577 2 0.160683 0.492557 2 0.128594 0.479824 2 0.118147 0.459675 2
0 0.194753 0.713802 0.149895 0.719445 0.102663 0.600635 0.147521 0.594992 0.129001 0.604513 2 0.131293 0.619428 2 0.142969 0.644944 2 0.157712 0.675777 2 0.162627 0.693001 2 0.153176 0.710864 2
0 0.285152 0.551931 0.322284 0.571782 0.179935 0.656028 0.142804 0.636176 0.162048 0.647007 2 0.178304 0.634461 2 0.209681 0.616811 2 0.238789 0.598524 2 0.264118 0.581087 2 0.292092 0.571518 2
0 0.303478 0.443160 0.392869 0.444166 0.384568 0.677604 0.295177 0.676598 0.335083 0.673347 2 0.335839 0.644214 2 0.349133 0.597199 2 0.367216 0.535340 2 0.352688 0.488372 2 0.308530 0.462498 2
0 0.463243 0.713186 0.198457 0.786979 0.173335 0.758457 0.438121 0.684664 0.194402 0.773033 2 0.230471 0.760580 2 0.289176 0.741551 2 0.359075 0.718604 2 0.000000 0.000000 0 0.000000 0.000000 0
0 0.600143 0.706620 0.383096 0.725072 0.376400 0.700151 0.593447 0.681699 0.594683 0.696380 2 0.569056 0.698196 2 0.516997 0.697855 2 0.466148 0.701601 2 0.435275 0.706709 2 0.408640 0.711249 2
0 0.332849 0.846462 0.130651 0.893214 0.114778 0.871491 0.316975 0.824740 0.128248 0.882468 2 0.146408 0.877133 2 0.190800 0.866691 2 0.232972 0.857157 2 0.279786 0.850687 2 0.312878 0.843991 2
0 0.389861 0.847698 0.192613 0.914206 0.166574 0.889772 0.363822 0.823264 0.182778 0.899252 2 0.204419 0.891416 2 0.236259 0.882461 2 0.294716 0.865671 2 0.339242 0.849580 2 0.355411 0.835308 2
0 0.498716 0.825605 0.683212 0.904498 0.647835 0.930674 0.463339 0.851781 0.656895 0.920668 2 0.630432 0.909398 2 0.595275 0.890473 2 0.557471 0.866444 2 0.517400 0.849007 2 0.484511 0.846880 2
0 0.443229 0.863157 0.661166 0.881685 0.653119 0.911633 0.435183 0.893106 0.000000 0.000000 0 0.000000 0.000000 0 0.000000 0.000000 0 0.541989 0.881489 2 0.487054 0.875957 2 0.449029 0.883201 2