0 0.215789 0.417015 0.159827 0.419222 0.143636 0.289332 0.199598 0.287124 0.187323 0.406685 2 0.184870 0.391850 2 0.181804 0.364596 2 0.178124 0.336652 2 0.176284 0.312503 2 0.173488 0.297496 2
0 0.602698 0.557112 0.551007 0.557985 0.544220 0.430765 0.595911 0.429893 0.565842 0.441362 2 0.569076 0.458292 2 0.573690 0.483005 2 0.577534 0.512069 2 0.577534 0.537628 2 0.560370 0.546863 2
0 0.134542 0.541676 0.202475 0.543972 0.188761 0.672386 0.120828 0.670091 0.163480 0.655976 2 0.165222 0.639745 2 0.168676 0.615969 2 0.171566 0.586900 2 0.169948 0.562647 2 0.166465 0.546976 2
0 0.269436 0.752399 0.197681 0.752803 0.195533 0.631976 0.267288 0.631572 0.238417 0.746923 2 0.236601 0.734438 2 0.233574 0.708673 2 0.233776 0.676552 2 0.231556 0.649085 2 0.222880 0.632967 2
0 0.121142 0.690365 0.175772 0.690365 0.175772 0.841406 0.121142 0.841406 0.151414 0.697548 2 0.149396 0.710828 2 0.151818 0.735912 2 0.152826 0.761336 2 0.156459 0.790166 2 0.162108 0.810028 2
0 0.212934 0.739525 0.260965 0.741148 0.254012 0.806250 0.205981 0.804627 0.230714 0.795954 2 0.231118 0.781426 2 0.233715 0.759733 2 0.000000 0.000000 0 0.000000 0.000000 0 0.000000 0.000000 0
0 0.412504 0.717640 0.464342 0.735119 0.331986 0.859321 0.280148 0.841842 0.307824 0.846216 2 0.323457 0.834245 2 0.348500 0.816015 2 0.383528 0.790696 2 0.408734 0.764548 2 0.410207 0.746687 2
0 0.347925 0.666818 0.257228 0.671421 0.216093 0.415021 0.306790 0.410417 0.303892 0.662827 2 0.293693 0.635263 2 0.285236 0.582092 2 0.275783 0.519687 2 0.264092 0.466656 2 0.252898 0.427338 2
0 0.670152 0.699138 0.620250 0.700262 0.610261 0.559862 0.660163 0.558738 0.645177 0.691351 2 0.643765 0.677844 2 0.638794 0.652940 2 0.636398 0.623868 2 0.634079 0.598620 2 0.630245 0.579665 2
0 0.567347 0.587602 0.637808 0.606261 0.496233 0.775419 0.425772 0.756760 0.461695 0.759931 2 0.476829 0.743928 2 0.504069 0.709877 2 0.550005 0.659084 2 0.569018 0.625276 2 0.554912 0.598712 2
0 0.329810 0.967028 0.282453 0.996746 0.097376 0.903431 0.144733 0.873712 0.123083 0.892082 2 0.136765 0.903835 2 0.178306 0.926783 2 0.224823 0.950010 2 0.256663 0.967080 2 0.288752 0.977015 2
0 0.283192 0.848666 0.495753 0.910913 0.463516 0.945744 0.250955 0.883497 0.279548 0.870114 2 0.297209 0.880468 2 0.335019 0.896280 2 0.384670 0.914542 2 0.428499 0.917190 2 0.445319 0.908750 2