0 0.444302 0.149479 0.413156 0.171109 0.240382 0.092390 0.271528 0.070761 0.266457 0.088435 2 0.284224 0.092901 2 0.316357 0.104809 2 0.365502 0.125648 2 0.393855 0.139045 2 0.405952 0.156907 2
0 0.417450 0.166667 0.457000 0.177140 0.357660 0.295833 0.318111 0.285360 0.340173 0.284069 2 0.351893 0.267695 2 0.373063 0.240264 2 0.396123 0.211557 2 0.412756 0.196671 2 0.430902 0.183275 2
0 0.685942 0.034911 0.729573 0.048319 0.612554 0.168807 0.568923 0.155400 0.693013 0.051530 2 0.679827 0.064294 2 0.657441 0.087926 2 0.634749 0.111040 2 0.612363 0.135189 2 0.606537 0.153473 2
0 0.247080 0.228385 0.291792 0.238431 0.203332 0.363011 0.158620 0.352965 0.188718 0.355465 2 0.196998 0.338216 2 0.213864 0.315101 2 0.231637 0.288344 2 0.245449 0.267148 2 0.264768 0.252142 2
0 0.179396 0.399288 0.224056 0.400294 0.213971 0.542033 0.169312 0.541028 0.191299 0.539226 2 0.191450 0.522106 2 0.192677 0.492437 2 0.189610 0.458973 2 0.194517 0.435169 2 0.206170 0.413090 2
0 0.206358 0.429964 0.247355 0.432979 0.217607 0.560972 0.176609 0.557957 0.196371 0.553308 2 0.000000 0.000000 0 0.000000 0.000000 0 0.224044 0.489672 2 0.230177 0.459830 2 0.216378 0.443099 2
0 0.284117 0.421875 0.331802 0.421875 0.331802 0.557031 0.284117 0.557031 0.313182 0.546751 2 0.313384 0.529613 2 0.315401 0.500329 2 0.318922 0.471030 2 0.313096 0.448416 2 0.292244 0.434444 2
0 0.503396 0.553035 0.462358 0.561201 0.390135 0.446354 0.431174 0.438189 0.000000 0.000000 0 0.477964 0.544316 2 0.468512 0.522628 2 0.455825 0.490586 2 0.437169 0.469038 2 0.421000 0.453786 2
0 0.617450 0.556510 0.164099 0.635394 0.144454 0.599671 0.597805 0.520788 0.167655 0.614435 2 0.228679 0.600290 2 0.316075 0.585111 2 0.441803 0.566309 2 0.517547 0.552165 2 0.567838 0.538020 2
0 0.719210 0.639633 0.678098 0.642188 0.652727 0.512971 0.693839 0.510417 0.672101 0.520771 2 0.673634 0.535606 2 0.679601 0.559582 2 0.686914 0.589768 2 0.685594 0.620817 2 0.684060 0.640309 2
0 0.509594 0.804550 0.428715 0.805460 0.421757 0.609764 0.502635 0.608854 0.467116 0.794376 2 0.471274 0.771836 2 0.478457 0.731433 2 0.488488 0.677467 2 0.472786 0.642548 2 0.436495 0.621709 2
0 0.629146 0.678150 0.671153 0.691059 0.557953 0.807615 0.515947 0.794707 0.539091 0.801327 2 0.552277 0.789425 2 0.574050 0.766311 2 0.598275 0.742680 2 0.611461 0.721290 2 0.624341 0.705249 2