0 0.257660 0.207031 0.209559 0.213652 0.161645 0.103516 0.209745 0.096895 0.183952 0.101613 2 0.186976 0.113946 2 0.194915 0.136061 2 0.207012 0.168596 2 0.221377 0.186458 2 0.245194 0.204746 2
0 0.511511 0.190950 0.554788 0.193146 0.534512 0.319531 0.491235 0.317334 0.538866 0.196886 2 0.531305 0.210921 2 0.521854 0.233886 2 0.512025 0.258766 2 0.509757 0.276841 2 0.515806 0.298318 2
0 0.440444 0.342326 0.229190 0.348272 0.227247 0.326424 0.438500 0.320478 0.232139 0.337660 2 0.261965 0.335825 2 0.313695 0.335038 2 0.369153 0.335562 2 0.399445 0.331106 2 0.426475 0.323504 2
0 0.177716 0.338984 0.564141 0.475260 0.526465 0.509064 0.140040 0.372787 0.164807 0.357153 2 0.210549 0.373526 2 0.285022 0.397768 2 0.370459 0.429877 2 0.457407 0.460711 2 0.507827 0.476137 2
0 0.263626 0.576972 0.201633 0.590497 0.124997 0.479355 0.186989 0.465830 0.152985 0.482815 2 0.159509 0.495923 2 0.173024 0.518729 2 0.181879 0.545992 2 0.211705 0.569585 2 0.244328 0.580071 2
0 0.438678 0.593750 0.221013 0.606035 0.217382 0.585677 0.435047 0.573392 0.220160 0.595322 2 0.248706 0.593158 2 0.299852 0.590341 2 0.361368 0.588768 2 0.396321 0.586933 2 0.422419 0.581166 2
0 0.526885 0.742209 0.478213 0.756812 0.378032 0.651164 0.426705 0.636561 0.500751 0.738355 2 0.486385 0.730670 2 0.455008 0.709618 2 0.425900 0.684951 2 0.418717 0.664112 2 0.431948 0.648802 2
0 0.231251 0.747610 0.277062 0.759118 0.187482 0.871953 0.141670 0.860446 0.167335 0.862262 2 0.178374 0.848290 2 0.191560 0.823796 2 0.213333 0.803442 2 0.225906 0.786365 2 0.243998 0.769116 2
0 0.610901 0.844271 0.564786 0.844530 0.562637 0.723668 0.608752 0.723409 0.584396 0.729293 2 0.587132 0.743985 2 0.585869 0.765108 2 0.586147 0.788352 2 0.585142 0.815023 2 0.584813 0.836804 2
0 0.590018 0.743293 0.634677 0.757676 0.521086 0.869271 0.476426 0.854888 0.606251 0.754491 2 0.000000 0.000000 0 0.000000 0.000000 0 0.548929 0.802201 2 0.517704 0.829464 2 0.519568 0.850435 2
0 0.501256 0.685860 0.684417 0.733111 0.667824 0.753463 0.484663 0.706212 0.666132 0.740493 2 0.640500 0.733939 2 0.608810 0.724502 2 0.568731 0.717686 2 0.531448 0.707987 2 0.504418 0.697239 2
0 0.671515 0.642513 0.352921 0.731302 0.324772 0.699344 0.643367 0.610555 0.342705 0.715327 2 0.385114 0.701171 2 0.440572 0.683345 2 0.510943 0.662898 2 0.568265 0.648480 2 0.617665 0.636684 2