0 0.276313 0.220509 0.228060 0.231666 0.142442 0.114504 0.190695 0.103347 0.166627 0.110560 2 0.173286 0.123386 2 0.183980 0.143362 2 0.196289 0.172645 2 0.221713 0.195800 2 0.242698 0.213166 2
0 0.499439 0.224343 0.560421 0.226059 0.548499 0.360072 0.487516 0.358356 0.529812 0.233831 2 0.525140 0.247993 2 0.519927 0.270589 2 0.509807 0.299568 2 0.508580 0.321992 2 0.518393 0.340276 2
0 0.454133 0.332629 0.222197 0.352347 0.216219 0.330098 0.448156 0.310380 0.227872 0.339527 2 0.251791 0.336250 2 0.294416 0.335560 2 0.352067 0.331765 2 0.397145 0.326245 2 0.418684 0.322693 2
0 0.150440 0.354939 0.551235 0.458333 0.516973 0.500356 0.116178 0.396961 0.142330 0.376970 2 0.193028 0.387721 2 0.280176 0.408168 2 0.365460 0.430712 2 0.457735 0.458500 2 0.507601 0.474490 2
0 0.270557 0.584790 0.221975 0.598671 0.121809 0.487752 0.170391 0.473871 0.157116 0.480345 2 0.161652 0.495017 2 0.177530 0.523937 2 0.194163 0.552644 2 0.214577 0.573696 2 0.242174 0.585179 2
0 0.408793 0.586065 0.192230 0.626434 0.178071 0.602401 0.394634 0.562032 0.182552 0.612417 2 0.212921 0.608201 2 0.260175 0.602885 2 0.309320 0.596719 2 0.354684 0.588000 2 0.377367 0.575454 2
0 0.228861 0.743200 0.276698 0.757552 0.174613 0.865208 0.126776 0.850856 0.149640 0.852167 2 0.161829 0.841113 2 0.176007 0.823483 2 0.194166 0.798157 2 0.214813 0.781786 2 0.234215 0.768773 2
0 0.505036 0.777733 0.446730 0.784041 0.413141 0.685799 0.471447 0.679492 0.476292 0.776517 2 0.468591 0.765165 2 0.454352 0.743607 2 0.442700 0.719113 2 0.444539 0.700656 2 0.463552 0.682889 2
0 0.625309 0.649479 0.300010 0.742427 0.271823 0.711215 0.597123 0.618267 0.291691 0.728187 2 0.330629 0.716278 2 0.388090 0.695439 2 0.460295 0.674600 2 0.521159 0.659077 2 0.559719 0.648232 2
0 0.490300 0.671661 0.671382 0.725992 0.649627 0.748934 0.468545 0.694604 0.656739 0.737133 2 0.634660 0.731441 2 0.593875 0.720229 2 0.543891 0.707810 2 0.505982 0.697674 2 0.492169 0.686593 2
0 0.614003 0.842957 0.567716 0.843478 0.563466 0.723970 0.609753 0.723449 0.582439 0.729588 2 0.582937 0.745819 2 0.586419 0.767507 2 0.587912 0.794512 2 0.589902 0.818718 2 0.587869 0.836212 2
0 0.590142 0.740775 0.632004 0.752737 0.531591 0.863929 0.489729 0.851968 0.609976 0.754317 2 0.000000 0.000000 0 0.000000 0.000000 0 0.553320 0.797462 2 0.521363 0.824877 2 0.515181 0.846742 2