0 0.258330 0.125386 0.469290 0.170052 0.451500 0.196637 0.240540 0.151971 0.448845 0.185859 2 0.428053 0.180543 2 0.388359 0.172462 2 0.340349 0.162680 2 0.296875 0.151623 2 0.259449 0.139289 2
0 0.664331 0.261714 0.629602 0.275368 0.512075 0.180780 0.546804 0.167127 0.537683 0.177991 2 0.549403 0.185859 2 0.569060 0.201382 2 0.597035 0.225623 2 0.615559 0.241997 2 0.628412 0.259434 2
0 0.266932 0.238976 0.465451 0.262777 0.453837 0.293429 0.255317 0.269628 0.267079 0.252906 2 0.287625 0.254286 2 0.327796 0.256874 2 0.384221 0.261013 2 0.424086 0.271363 2 0.436045 0.285852 2
0 0.224640 0.395797 0.173665 0.402209 0.131790 0.296875 0.182765 0.290463 0.148842 0.297696 2 0.155702 0.311770 2 0.169221 0.335832 2 0.176889 0.367045 2 0.199892 0.393718 2 0.229958 0.410063 2
0 0.139363 0.325247 0.178086 0.331510 0.132550 0.420586 0.093827 0.414323 0.000000 0.000000 0 0.000000 0.000000 0 0.150272 0.349782 2 0.138781 0.378543 2 0.117524 0.406982 2 0.087650 0.422494 2
0 0.146810 0.367972 0.556563 0.377196 0.552654 0.432141 0.142901 0.422917 0.150416 0.389693 2 0.209137 0.382615 2 0.315858 0.383664 2 0.433765 0.382615 2 0.490155 0.395198 2 0.525573 0.419839 2
0 0.611954 0.317060 0.655733 0.325771 0.572658 0.457874 0.528878 0.449163 0.624092 0.328884 2 0.615237 0.344875 2 0.605450 0.368992 2 0.596130 0.397828 2 0.576090 0.424042 2 0.555119 0.436625 2
0 0.598610 0.381383 0.668608 0.390602 0.627623 0.489062 0.557625 0.479843 0.000000 0.000000 0 0.000000 0.000000 0 0.000000 0.000000 0 0.582141 0.437989 2 0.587967 0.466278 2 0.620779 0.479733 2
0 0.086717 0.454867 0.146242 0.459244 0.113591 0.599724 0.054066 0.595347 0.100845 0.466729 2 0.102991 0.485013 2 0.107591 0.511404 2 0.108204 0.546076 2 0.096552 0.567120 2 0.081526 0.585231 2
0 0.442637 0.511665 0.627795 0.576963 0.603631 0.598643 0.418472 0.533346 0.610052 0.585772 2 0.588162 0.579335 2 0.551595 0.566462 2 0.503338 0.551771 2 0.470254 0.536799 2 0.448446 0.523815 2
0 0.432120 0.650052 0.390407 0.671477 0.228219 0.571562 0.269932 0.550138 0.403360 0.661292 2 0.387217 0.650849 2 0.361995 0.630306 2 0.328903 0.598979 2 0.292985 0.579684 2 0.261306 0.570377 2
0 0.517438 0.720573 0.153397 0.753619 0.143914 0.720566 0.507955 0.687520 0.152543 0.736377 2 0.196816 0.732182 2 0.261129 0.726940 2 0.346879 0.713570 2 0.419114 0.709638 2 0.465252 0.713832 2