0 0.342315 0.121768 0.552567 0.131250 0.549316 0.154064 0.339063 0.144582 0.348367 0.134192 2 0.367647 0.133767 2 0.408475 0.134830 2 0.460266 0.139721 2 0.500716 0.140359 2 0.527934 0.137595 2
0 0.528313 0.028388 0.728956 0.110677 0.698497 0.134176 0.497854 0.051887 0.698821 0.119734 2 0.675054 0.106102 2 0.643363 0.091160 2 0.596760 0.073334 2 0.552487 0.057606 2 0.525923 0.045809 2
0 0.424181 0.315059 0.388969 0.318663 0.348752 0.194344 0.383964 0.190740 0.405413 0.312928 2 0.399443 0.296137 2 0.390488 0.273890 2 0.376060 0.246465 2 0.368100 0.220859 2 0.372080 0.201830 2
0 0.596086 0.321875 0.546518 0.334326 0.458447 0.223392 0.508015 0.210941 0.483698 0.221066 2 0.493511 0.230208 2 0.517124 0.250907 2 0.545029 0.277643 2 0.557602 0.302482 2 0.553615 0.322147 2
0 0.257849 0.427216 0.204149 0.435902 0.123870 0.278865 0.177571 0.270179 0.236514 0.427176 2 0.219881 0.408463 2 0.197954 0.379118 2 0.169224 0.341692 2 0.162041 0.313410 2 0.166577 0.290445 2
0 0.252135 0.388036 0.292382 0.394792 0.220317 0.530632 0.180070 0.523877 0.206394 0.518824 2 0.213385 0.501522 2 0.226434 0.475832 2 0.248337 0.442278 2 0.257658 0.420520 2 0.270707 0.404005 2
0 0.339610 0.543496 0.300528 0.545480 0.278300 0.406932 0.317382 0.404948 0.315718 0.540639 2 0.312922 0.523600 2 0.309193 0.497647 2 0.304533 0.468287 2 0.301737 0.443908 2 0.296610 0.421101 2
0 0.345259 0.419100 0.726591 0.539082 0.675998 0.589959 0.294665 0.469977 0.320482 0.449223 2 0.374076 0.469146 2 0.442117 0.494312 2 0.545576 0.535469 2 0.634589 0.548576 2 0.698435 0.531536 2
0 0.627394 0.781729 0.571769 0.788398 0.525100 0.665234 0.580724 0.658565 0.598475 0.782433 2 0.595678 0.770898 2 0.590552 0.748354 2 0.577503 0.716110 2 0.564454 0.689110 2 0.538822 0.674954 2
0 0.163216 0.709635 0.222156 0.709635 0.222156 0.855208 0.163216 0.855208 0.184232 0.845542 2 0.185367 0.830231 2 0.189525 0.806628 2 0.191415 0.770903 2 0.190281 0.740070 2 0.195573 0.723483 2
0 0.391246 0.760898 0.440675 0.790104 0.180285 0.929538 0.130857 0.900332 0.158254 0.915541 2 0.186160 0.901914 2 0.233385 0.873970 2 0.299009 0.835676 2 0.342860 0.810837 2 0.397445 0.794278 2
0 0.562754 0.856932 0.347727 0.921446 0.320093 0.892304 0.535120 0.827789 0.339712 0.903836 2 0.365583 0.896980 2 0.402646 0.885367 2 0.452397 0.869695 2 0.487222 0.858641 2 0.505381 0.849267 2