0 0.224815 0.073331 0.272113 0.083042 0.188898 0.211274 0.141601 0.201563 0.240739 0.084764 2 0.231532 0.096317 2 0.213117 0.120220 2 0.191870 0.144921 2 0.182663 0.167629 2 0.198952 0.187150 2
0 0.549749 0.093839 0.602153 0.104935 0.536971 0.202344 0.484567 0.191248 0.573616 0.106277 2 0.563700 0.114643 2 0.548827 0.138945 2 0.538911 0.160856 2 0.522622 0.175198 2 0.488626 0.183564 2
0 0.482994 0.372826 0.457601 0.398315 0.275169 0.340807 0.300562 0.315318 0.295982 0.329375 2 0.316522 0.338538 2 0.342244 0.348175 2 0.388280 0.364191 2 0.422702 0.372931 2 0.452266 0.373572 2
0 0.160547 0.315206 0.522619 0.457552 0.470826 0.499236 0.108754 0.356890 0.144444 0.341955 2 0.188296 0.358342 2 0.263733 0.384733 2 0.344383 0.416472 2 0.424419 0.456145 2 0.463058 0.479259 2
0 0.185582 0.605729 0.130578 0.611040 0.090632 0.480141 0.145636 0.474830 0.125495 0.485282 2 0.126415 0.501669 2 0.136535 0.531511 2 0.145734 0.557039 2 0.152174 0.574979 2 0.147268 0.595333 2
0 0.450268 0.619869 0.407558 0.640519 0.245767 0.534638 0.288477 0.513989 0.274124 0.530490 2 0.290758 0.543674 2 0.324025 0.565576 2 0.358426 0.589393 2 0.386779 0.607467 2 0.412107 0.618100 2
0 0.690817 0.640284 0.389789 0.744100 0.355210 0.712374 0.656238 0.608558 0.378659 0.728164 2 0.419486 0.715405 2 0.477704 0.697968 2 0.552555 0.674790 2 0.600188 0.656290 2 0.625138 0.637577 2
0 0.491100 0.697938 0.443299 0.717542 0.298744 0.606021 0.346545 0.586416 0.464473 0.705623 2 0.448595 0.694353 2 0.419864 0.675640 2 0.374878 0.647784 2 0.348416 0.624393 2 0.341233 0.602916 2
0 0.249149 0.775536 0.296230 0.789323 0.201895 0.891248 0.154815 0.877461 0.180453 0.882483 2 0.189039 0.872133 2 0.212958 0.853676 2 0.242397 0.831080 2 0.246077 0.813313 2 0.243930 0.795029 2
0 0.501498 0.697160 0.677424 0.760589 0.641871 0.791789 0.465945 0.728360 0.641293 0.774490 2 0.622587 0.765348 2 0.594068 0.748789 2 0.552363 0.730504 2 0.522005 0.727227 2 0.495939 0.727055 2
0 0.565581 0.734113 0.612897 0.743229 0.549111 0.847979 0.501796 0.838862 0.000000 0.000000 0 0.000000 0.000000 0 0.571889 0.762628 2 0.553184 0.785053 2 0.541224 0.819551 2 0.557783 0.844218 2
0 0.588355 0.751146 0.633290 0.769190 0.482804 0.887760 0.437869 0.869716 0.592092 0.770196 2 0.574324 0.784444 2 0.000000 0.000000 0 0.513838 0.821656 2 0.487376 0.846749 2 0.480193 0.869076 2