0 0.256781 0.567185 0.200316 0.567820 0.195469 0.431506 0.251934 0.430871 0.229835 0.560499 2 0.226107 0.544770 2 0.218650 0.512002 2 0.212126 0.482642 2 0.219498 0.459305 2 0.231151 0.443263 2
0 0.221047 0.611675 0.175153 0.615577 0.144880 0.502908 0.190775 0.499006 0.198459 0.611374 2 0.192002 0.598434 2 0.182720 0.573124 2 0.171017 0.544294 2 0.169402 0.523410 2 0.170613 0.506838 2
0 0.249367 0.690852 0.194560 0.704251 0.102583 0.585214 0.157390 0.571815 0.136402 0.586669 2 0.140821 0.601308 2 0.153588 0.626903 2 0.169629 0.658484 2 0.193199 0.678094 2 0.218242 0.689419 2
0 0.191886 0.766511 0.138629 0.772584 0.097644 0.658856 0.150902 0.652784 0.127154 0.658657 2 0.130987 0.670575 2 0.140471 0.694751 2 0.154596 0.726759 2 0.154999 0.753944 2 0.152606 0.772353 2
0 0.354920 0.676807 0.285902 0.679919 0.252773 0.447478 0.321792 0.444366 0.318032 0.672520 2 0.312808 0.645375 2 0.312311 0.594583 2 0.307833 0.540433 2 0.307336 0.488382 2 0.294322 0.451891 2
0 0.451178 0.691406 0.132380 0.801351 0.100285 0.771905 0.419083 0.661960 0.129734 0.783374 2 0.165802 0.772180 2 0.221025 0.753711 2 0.313312 0.721528 2 0.357589 0.697182 2 0.393907 0.679412 2
0 0.378342 0.770691 0.136684 0.850336 0.110081 0.824796 0.351738 0.745151 0.129701 0.836592 2 0.152835 0.829596 2 0.206565 0.813365 2 0.263777 0.796154 2 0.293379 0.784961 2 0.311040 0.771948 2
0 0.238918 0.813907 0.277567 0.829427 0.121689 0.952246 0.083040 0.936726 0.107034 0.937536 2 0.127213 0.925732 2 0.156874 0.905642 2 0.206513 0.874770 2 0.232744 0.852637 2 0.241622 0.831412 2
0 0.414141 0.914844 0.355574 0.921866 0.301027 0.777912 0.359595 0.770890 0.330375 0.778708 2 0.333806 0.797890 2 0.344298 0.822974 2 0.358298 0.859240 2 0.371135 0.884719 2 0.385058 0.905717 2
0 0.435901 0.740885 0.487326 0.742623 0.474506 0.862675 0.423080 0.860938 0.441423 0.858967 2 0.444697 0.847090 2 0.450642 0.821268 2 0.458851 0.794263 2 0.456323 0.769194 2 0.454983 0.753151 2
0 0.688981 0.897292 0.629311 0.909544 0.541763 0.774636 0.601434 0.762384 0.655795 0.899265 2 0.640661 0.885304 2 0.619071 0.861923 2 0.590216 0.831845 2 0.578916 0.807328 2 0.592032 0.788260 2
0 0.598445 0.421059 0.568171 0.439679 0.407383 0.356964 0.437657 0.338344 0.430006 0.347936 2 0.447419 0.357311 2 0.479010 0.373821 2 0.511597 0.391172 2 0.537218 0.403905 2 0.559822 0.417750 2