0 0.220694 0.412715 0.163249 0.415305 0.144252 0.282018 0.201698 0.279427 0.190403 0.404150 2 0.185446 0.390605 2 0.181904 0.369889 2 0.178363 0.341205 2 0.174114 0.310130 2 0.174114 0.291406 2
0 0.556757 0.454089 0.610582 0.464460 0.533697 0.590722 0.479872 0.580351 0.579940 0.468689 2 0.571441 0.482633 2 0.560109 0.501756 2 0.544527 0.525659 2 0.527529 0.552351 2 0.517614 0.567092 2
0 0.627083 0.532242 0.683059 0.534767 0.663333 0.673163 0.607358 0.670639 0.630933 0.661908 2 0.635183 0.645574 2 0.635891 0.623663 2 0.639432 0.598564 2 0.645615 0.569140 2 0.649399 0.548441 2
0 0.208394 0.628564 0.142453 0.629306 0.137397 0.487130 0.203338 0.486388 0.173470 0.627729 2 0.166013 0.612000 2 0.161819 0.583951 2 0.154829 0.550921 2 0.155295 0.532046 2 0.164615 0.513434 2
0 0.329729 0.667382 0.226276 0.670878 0.197437 0.400834 0.300890 0.397338 0.274932 0.650152 2 0.266314 0.617835 2 0.261143 0.561928 2 0.253100 0.496649 2 0.244483 0.451406 2 0.236439 0.409394 2
0 0.202944 0.590291 0.250772 0.592448 0.233826 0.711340 0.185998 0.709183 0.212732 0.705847 2 0.212732 0.691347 2 0.212354 0.663491 2 0.220670 0.625002 2 0.000000 0.000000 0 0.000000 0.000000 0
0 0.229446 0.637937 0.275914 0.641354 0.247224 0.764794 0.200756 0.761376 0.227356 0.759329 2 0.227050 0.744149 2 0.228890 0.717930 2 0.000000 0.000000 0 0.237169 0.664975 2 0.252809 0.647208 2
0 0.177410 0.861400 0.123342 0.862008 0.118203 0.717506 0.172271 0.716898 0.148841 0.726240 2 0.148228 0.740729 2 0.151294 0.767466 2 0.158961 0.802309 2 0.151601 0.829046 2 0.143935 0.843880 2
0 0.411241 0.725916 0.469180 0.744576 0.345011 0.866562 0.287072 0.847902 0.317940 0.853644 2 0.332352 0.842605 2 0.354431 0.822251 2 0.386017 0.797412 2 0.403496 0.772573 2 0.408709 0.750321 2
0 0.565553 0.815530 0.470866 0.820336 0.437336 0.611341 0.532023 0.606534 0.520422 0.803477 2 0.523368 0.781841 2 0.524361 0.742508 2 0.523605 0.682117 2 0.504704 0.641077 2 0.466900 0.617048 2
0 0.278176 0.856126 0.500372 0.894789 0.475309 0.940365 0.253112 0.901702 0.281596 0.882406 2 0.299257 0.890522 2 0.343038 0.900176 2 0.394529 0.908991 2 0.442289 0.911650 2 0.474129 0.906473 2
0 0.126924 0.891443 0.339811 0.973368 0.292507 1.012262 0.079620 0.930337 0.107783 0.916298 2 0.130419 0.929731 2 0.169473 0.941624 2 0.224198 0.956456 2 0.269968 0.977024 2 0.281908 0.992556 2