0 0.263153 0.529740 0.211268 0.530616 0.204075 0.395781 0.255960 0.394905 0.236380 0.523597 2 0.234141 0.508066 2 0.231654 0.475184 2 0.227674 0.443282 2 0.230410 0.421873 2 0.232897 0.407321 2
0 0.646142 0.449479 0.601279 0.470735 0.442166 0.364475 0.487029 0.343220 0.473227 0.361372 2 0.492186 0.368481 2 0.519763 0.386256 2 0.561702 0.408231 2 0.585832 0.426005 2 0.601344 0.442163 2
0 0.225418 0.622467 0.171926 0.624577 0.157169 0.506190 0.210661 0.504080 0.199416 0.618252 2 0.194510 0.605488 2 0.184084 0.578579 2 0.172737 0.548047 2 0.183470 0.529591 2 0.203403 0.519241 2
0 0.377431 0.662287 0.280274 0.665022 0.259241 0.428599 0.356398 0.425864 0.318190 0.654465 2 0.316657 0.629971 2 0.318190 0.578913 2 0.320030 0.515608 2 0.308991 0.473003 2 0.279859 0.440746 2
0 0.188663 0.809699 0.140092 0.813829 0.105210 0.684004 0.153781 0.679875 0.129563 0.685891 2 0.132016 0.698138 2 0.141522 0.724875 2 0.152562 0.759373 2 0.153788 0.780935 2 0.149188 0.797322 2
0 0.214978 0.737718 0.176264 0.741456 0.135957 0.609375 0.174671 0.605637 0.157006 0.614312 2 0.160072 0.628974 2 0.168045 0.648293 2 0.180005 0.677617 2 0.188284 0.710908 2 0.186138 0.728847 2
0 0.497994 0.806250 0.452952 0.820091 0.350911 0.715024 0.395953 0.701183 0.467646 0.810091 2 0.462433 0.797154 2 0.448327 0.773005 2 0.429314 0.750754 2 0.402942 0.735747 2 0.387916 0.727985 2
0 0.437346 0.690885 0.162962 0.765440 0.135442 0.733394 0.409825 0.658839 0.000000 0.000000 0 0.000000 0.000000 0 0.202697 0.738852 2 0.278441 0.722465 2 0.348051 0.704353 2 0.384850 0.678307 2
0 0.380864 0.788281 0.160857 0.845038 0.140734 0.820357 0.360741 0.763601 0.157293 0.834105 2 0.177875 0.828657 2 0.214195 0.816626 2 0.267062 0.800622 2 0.319122 0.787796 2 0.341016 0.774544 2
0 0.236492 0.800424 0.280396 0.818055 0.134778 0.932790 0.090873 0.915159 0.114502 0.918649 2 0.128223 0.910136 2 0.155060 0.889252 2 0.186941 0.861671 2 0.218917 0.838268 2 0.242323 0.821419 2
0 0.423457 0.937760 0.370320 0.947998 0.284755 0.807483 0.337892 0.797245 0.307677 0.801718 2 0.316757 0.819311 2 0.333908 0.843941 2 0.361552 0.876062 2 0.375072 0.902962 2 0.380318 0.925549 2
0 0.669467 0.872064 0.625236 0.875824 0.591798 0.751374 0.636030 0.747614 0.649266 0.869596 2 0.643374 0.857075 2 0.633226 0.832492 2 0.618167 0.802569 2 0.609656 0.778539 2 0.620682 0.760043 2