0 0.287749 0.103564 0.459624 0.137763 0.445389 0.160399 0.273514 0.126200 0.284789 0.115920 2 0.303756 0.116942 2 0.343305 0.122276 2 0.381644 0.131470 2 0.418973 0.140096 2 0.434309 0.151333 2
0 0.416499 0.168379 0.458991 0.181128 0.347012 0.299219 0.304520 0.286470 0.329218 0.287662 2 0.340909 0.272830 2 0.364789 0.246945 2 0.391405 0.219520 2 0.408320 0.202869 2 0.424738 0.189717 2
0 0.254391 0.415590 0.211579 0.419724 0.175033 0.299967 0.217845 0.295833 0.232487 0.413381 2 0.226268 0.397990 2 0.217810 0.374203 2 0.208855 0.342860 2 0.200398 0.318094 2 0.195444 0.296879 2
0 0.176060 0.411718 0.219938 0.411718 0.219938 0.554678 0.176060 0.554678 0.195134 0.551754 2 0.196268 0.533254 2 0.199670 0.505185 2 0.207987 0.469248 2 0.204673 0.441193 2 0.183767 0.427788 2
0 0.294051 0.423078 0.355511 0.427598 0.325513 0.556666 0.264052 0.552146 0.294125 0.546472 2 0.297498 0.531293 2 0.303018 0.502659 2 0.308844 0.467988 2 0.312218 0.448496 2 0.321417 0.430730 2
0 0.578343 0.564877 0.140530 0.612240 0.129517 0.580029 0.567330 0.532666 0.147177 0.598694 2 0.209175 0.586786 2 0.285538 0.572751 2 0.404998 0.554464 2 0.493458 0.552975 2 0.562261 0.563820 2
0 0.165993 0.514583 0.204419 0.514583 0.204419 0.585677 0.165993 0.585677 0.000000 0.000000 0 0.000000 0.000000 0 0.000000 0.000000 0 0.000000 0.000000 0 0.000000 0.000000 0 0.000000 0.000000 0
0 0.580007 0.618402 0.536740 0.624101 0.487786 0.506494 0.531052 0.500796 0.556898 0.617402 2 0.551991 0.603257 2 0.543712 0.578073 2 0.530219 0.540987 2 0.516420 0.524083 2 0.506913 0.509593 2
0 0.680345 0.598958 0.638511 0.599194 0.636185 0.468340 0.678019 0.468105 0.655428 0.472663 2 0.657575 0.487497 2 0.658801 0.511301 2 0.662174 0.545455 2 0.660028 0.571329 2 0.654508 0.589785 2
0 0.674179 0.023876 0.715079 0.039616 0.594444 0.138802 0.553544 0.123063 0.691974 0.036967 2 0.671735 0.048179 2 0.641070 0.067671 2 0.603964 0.089750 2 0.588632 0.112864 2 0.595991 0.132873 2
0 0.452974 0.676061 0.527729 0.693346 0.399254 0.869154 0.324499 0.851870 0.360914 0.851189 2 0.378682 0.834178 2 0.413083 0.801856 2 0.460716 0.755286 2 0.484532 0.721051 2 0.472435 0.689154 2
0 0.549329 0.742398 0.591512 0.749479 0.532080 0.861508 0.489896 0.854428 0.512402 0.852729 2 0.523157 0.842347 2 0.538451 0.817550 2 0.554704 0.790813 2 0.563290 0.768217 2 0.551638 0.751485 2