0 0.577141 0.424480 0.544269 0.443142 0.390291 0.357323 0.423163 0.338661 0.409593 0.351663 2 0.427753 0.360857 2 0.459852 0.377151 2 0.501058 0.399479 2 0.527711 0.414828 2 0.537305 0.430031 2
0 0.266512 0.604688 0.221821 0.609262 0.183423 0.490566 0.228114 0.485992 0.241382 0.604492 2 0.234320 0.586104 2 0.220095 0.559516 2 0.209510 0.530809 2 0.209888 0.505504 2 0.227656 0.490832 2
0 0.207049 0.606302 0.158434 0.608495 0.142105 0.493930 0.190721 0.491738 0.175403 0.607000 2 0.168963 0.592166 2 0.163444 0.565775 2 0.158537 0.534208 2 0.166204 0.515579 2 0.188896 0.502642 2
0 0.223555 0.667599 0.173645 0.677848 0.099913 0.564228 0.149823 0.553980 0.132752 0.563189 2 0.135737 0.577741 2 0.148424 0.607964 2 0.160861 0.637628 2 0.175289 0.654278 2 0.197428 0.668551 2
0 0.224934 0.759635 0.160701 0.770812 0.106858 0.672905 0.171092 0.661728 0.146735 0.669026 2 0.147348 0.681273 2 0.163907 0.705077 2 0.182306 0.735781 2 0.171880 0.761310 2 0.155321 0.776834 2
0 0.376456 0.695835 0.285563 0.699420 0.256194 0.463800 0.347086 0.460216 0.331758 0.689813 2 0.324545 0.662108 2 0.315945 0.615704 2 0.313647 0.552040 2 0.306752 0.504858 2 0.296986 0.472219 2
0 0.426005 0.721838 0.139451 0.825154 0.100424 0.790905 0.386978 0.687589 0.122989 0.804181 2 0.163439 0.791848 2 0.229973 0.772285 2 0.326372 0.746129 2 0.366822 0.722951 2 0.377785 0.698497 2
0 0.350107 0.791206 0.141822 0.855211 0.119012 0.831724 0.327297 0.767719 0.131551 0.844817 2 0.155746 0.836737 2 0.199976 0.824829 2 0.262730 0.805478 2 0.300155 0.791231 2 0.314143 0.773581 2
0 0.266044 0.840265 0.303300 0.861415 0.118799 0.964246 0.081543 0.943096 0.107082 0.949967 2 0.130713 0.937094 2 0.174493 0.915546 2 0.223995 0.891619 2 0.255566 0.872270 2 0.270537 0.852364 2
0 0.403086 0.916667 0.356456 0.920631 0.317159 0.774374 0.363790 0.770410 0.337386 0.776859 2 0.341369 0.795530 2 0.349101 0.821287 2 0.360064 0.857862 2 0.368003 0.884443 2 0.373296 0.906983 2
0 0.429293 0.776211 0.479505 0.777908 0.466049 0.903906 0.415837 0.902210 0.434506 0.899157 2 0.438598 0.884242 2 0.438962 0.856933 2 0.443509 0.826054 2 0.448419 0.806259 2 0.463150 0.788581 2
0 0.670767 0.909428 0.623308 0.928486 0.487035 0.821115 0.534494 0.802056 0.647311 0.909162 2 0.626422 0.897493 2 0.591498 0.876605 2 0.553893 0.857432 2 0.535190 0.834611 2 0.541058 0.814349 2