0 0.220080 0.268390 0.401870 0.306880 0.385044 0.332024 0.203254 0.293534 0.214612 0.280187 2 0.234992 0.285862 2 0.275147 0.296304 2 0.322767 0.306746 2 0.360096 0.310492 2 0.389960 0.308562 2
0 0.143670 0.292158 0.332540 0.337075 0.310494 0.366406 0.121624 0.321489 0.140486 0.309103 2 0.161066 0.314406 2 0.200446 0.324292 2 0.243463 0.334558 2 0.284197 0.340878 2 0.312029 0.343757 2
0 0.497994 0.382292 0.291863 0.454986 0.259541 0.425986 0.465672 0.353292 0.473887 0.367179 2 0.448763 0.375854 2 0.412197 0.391106 2 0.366924 0.408456 2 0.326378 0.420629 2 0.290558 0.433222 2
0 0.201235 0.641927 0.150733 0.649181 0.088302 0.511649 0.138803 0.504395 0.124897 0.516057 2 0.129135 0.533082 2 0.144874 0.561458 2 0.162025 0.593238 2 0.171509 0.615711 2 0.185028 0.630807 2
0 0.348238 0.620189 0.120680 0.624031 0.119042 0.593333 0.346601 0.589492 0.126000 0.609197 2 0.000000 0.000000 0 0.193464 0.604022 2 0.258781 0.606955 2 0.304166 0.608507 2 0.334524 0.599710 2
0 0.639198 0.433854 0.278179 0.555582 0.223541 0.504310 0.584559 0.382582 0.259765 0.531128 2 0.308405 0.509826 2 0.371027 0.484619 2 0.479611 0.460705 2 0.554872 0.437437 2 0.587620 0.407060 2
0 0.530808 0.665885 0.248084 0.750711 0.223457 0.724740 0.506181 0.639914 0.248696 0.734762 2 0.285801 0.720445 2 0.336092 0.704921 2 0.408462 0.686292 2 0.461820 0.671285 2 0.507818 0.655760 2
0 0.460711 0.642473 0.665586 0.689844 0.647098 0.715143 0.442223 0.667772 0.646412 0.703859 2 0.624333 0.698166 2 0.592441 0.687472 2 0.549203 0.679365 2 0.500138 0.666428 2 0.473766 0.655215 2
0 0.214674 0.750932 0.429938 0.774219 0.417953 0.809275 0.202688 0.785987 0.219585 0.767485 2 0.246019 0.770322 2 0.295455 0.772819 2 0.354779 0.777019 2 0.391503 0.791434 2 0.408251 0.807551 2
0 0.390123 0.815365 0.211645 0.858999 0.189198 0.829948 0.367676 0.786313 0.206496 0.844487 2 0.226628 0.838411 2 0.271477 0.826902 2 0.315507 0.811342 2 0.351189 0.803240 2 0.000000 0.000000 0
0 0.604340 0.735320 0.661420 0.738542 0.638414 0.867518 0.581334 0.864296 0.627296 0.743973 2 0.624311 0.762023 2 0.621824 0.786229 2 0.618341 0.810016 2 0.613864 0.830305 2 0.608391 0.848075 2
0 0.583231 0.768583 0.622330 0.783630 0.519753 0.867969 0.480654 0.852923 0.000000 0.000000 0 0.000000 0.000000 0 0.598192 0.789727 2 0.567596 0.809317 2 0.538243 0.818971 2 0.519338 0.841219 2