0 0.373016 0.307385 0.331000 0.332211 0.170724 0.246386 0.212740 0.221560 0.198773 0.240560 2 0.215104 0.249000 2 0.241925 0.265580 2 0.280164 0.290824 2 0.314123 0.306176 2 0.344366 0.311705 2
0 0.165508 0.308676 0.386680 0.336497 0.374159 0.367992 0.152987 0.340172 0.171475 0.323568 2 0.191511 0.324844 2 0.241034 0.329735 2 0.287911 0.333350 2 0.325336 0.341217 2 0.343860 0.354614 2
0 0.522204 0.360995 0.316201 0.440270 0.283409 0.413308 0.489411 0.334032 0.491672 0.355039 2 0.467856 0.363333 2 0.433076 0.374390 2 0.389980 0.387787 2 0.346884 0.403097 2 0.323068 0.419258 2
0 0.631791 0.478100 0.246233 0.497672 0.235581 0.431275 0.621139 0.411703 0.248127 0.460978 2 0.302131 0.459362 2 0.402097 0.462271 2 0.510680 0.469703 2 0.571004 0.452899 2 0.600304 0.424784 2
0 0.213735 0.640625 0.168895 0.647606 0.100694 0.508990 0.145534 0.502009 0.124211 0.509404 2 0.127976 0.526161 2 0.140252 0.551296 2 0.152200 0.575050 2 0.169059 0.599725 2 0.178553 0.617679 2
0 0.369665 0.598067 0.131839 0.619656 0.125445 0.597370 0.363272 0.575781 0.135593 0.604645 2 0.159360 0.603859 2 0.192915 0.604121 2 0.264218 0.603597 2 0.297306 0.597043 2 0.323870 0.588130 2
0 0.490586 0.644010 0.665400 0.690303 0.643255 0.716763 0.468441 0.670470 0.649064 0.704137 2 0.628079 0.699938 2 0.590951 0.691425 2 0.542927 0.682004 2 0.509633 0.672243 2 0.499343 0.660893 2
0 0.576174 0.650581 0.249642 0.755745 0.220326 0.726945 0.546858 0.621780 0.242159 0.740883 2 0.280374 0.730397 2 0.340026 0.712309 2 0.414591 0.685833 2 0.475176 0.664861 2 0.513390 0.651230 2
0 0.132716 0.749820 0.360727 0.761394 0.356771 0.786057 0.128759 0.774483 0.138605 0.758219 2 0.162218 0.762014 2 0.200243 0.764256 2 0.261574 0.768223 2 0.308492 0.774606 2 0.334251 0.770811 2
0 0.419753 0.786198 0.259892 0.851761 0.229947 0.828659 0.389808 0.763096 0.245320 0.838435 2 0.263077 0.831057 2 0.293546 0.817437 2 0.332691 0.801433 2 0.368810 0.789969 2 0.381724 0.778392 2
0 0.643827 0.862760 0.602440 0.866757 0.564467 0.742323 0.605854 0.738327 0.584305 0.741252 2 0.588397 0.757640 2 0.593143 0.781118 2 0.600182 0.810028 2 0.604110 0.826141 2 0.608674 0.842552 2
0 0.608681 0.739100 0.647994 0.753906 0.521318 0.860328 0.482005 0.845522 0.624267 0.752439 2 0.611920 0.764164 2 0.000000 0.000000 0 0.564206 0.801719 2 0.533981 0.827124 2 0.517119 0.843107 2