0 0.326895 0.121658 0.537753 0.139583 0.532277 0.159963 0.321420 0.142037 0.329525 0.132099 2 0.350497 0.133409 2 0.382653 0.134982 2 0.428791 0.141274 2 0.477258 0.146254 2 0.493569 0.146517 2
0 0.496229 0.055789 0.713116 0.085644 0.697145 0.122353 0.480259 0.092498 0.694134 0.100201 2 0.666159 0.093822 2 0.624575 0.085529 2 0.565224 0.073408 2 0.516457 0.075747 2 0.491129 0.087443 2
0 0.416690 0.315635 0.372659 0.318873 0.342333 0.188394 0.386364 0.185156 0.393728 0.310880 2 0.387902 0.292251 2 0.379315 0.266032 2 0.366436 0.234294 2 0.366436 0.214284 2 0.367663 0.197553 2
0 0.636364 0.405729 0.594890 0.414510 0.515238 0.295479 0.556712 0.286697 0.534335 0.294018 2 0.542793 0.306331 2 0.557220 0.328999 2 0.578364 0.356843 2 0.594533 0.379650 2 0.607717 0.402038 2
0 0.256907 0.470683 0.214832 0.477489 0.143103 0.337177 0.185178 0.330371 0.237166 0.470574 2 0.223557 0.453137 2 0.206923 0.426556 2 0.182729 0.393171 2 0.177814 0.359786 2 0.195204 0.338096 2
0 0.223890 0.379813 0.261171 0.380442 0.254781 0.500234 0.217499 0.499605 0.232380 0.496163 2 0.235753 0.478741 2 0.000000 0.000000 0 0.248633 0.426820 2 0.240047 0.402154 2 0.219194 0.385595 2
0 0.283586 0.420052 0.321086 0.420052 0.321086 0.547396 0.283586 0.547396 0.302424 0.544358 2 0.000000 0.000000 0 0.000000 0.000000 0 0.298696 0.479347 2 0.298230 0.451035 2 0.306619 0.432161 2
0 0.228790 0.486657 0.682870 0.525260 0.669382 0.575460 0.215302 0.536857 0.231185 0.512787 2 0.291509 0.516342 2 0.377686 0.521835 2 0.493163 0.533792 2 0.590831 0.547042 2 0.656900 0.532823 2
0 0.218109 0.818180 0.175130 0.818905 0.167977 0.684840 0.210957 0.684115 0.197002 0.814955 2 0.197380 0.799857 2 0.198137 0.774552 2 0.201917 0.742018 2 0.200405 0.717138 2 0.187173 0.695661 2
0 0.598571 0.739396 0.559338 0.741166 0.541398 0.615291 0.580631 0.613522 0.579638 0.736036 2 0.575345 0.722065 2 0.567679 0.696708 2 0.554493 0.663934 2 0.557866 0.643235 2 0.566452 0.623916 2
0 0.482714 0.792734 0.205465 0.921448 0.161485 0.891474 0.438735 0.762760 0.196648 0.906876 2 0.223634 0.893594 2 0.266565 0.868583 2 0.329123 0.834429 2 0.377574 0.811315 2 0.423266 0.790788 2
0 0.589798 0.844468 0.393213 0.912264 0.364827 0.886221 0.561412 0.818425 0.381592 0.896285 2 0.401218 0.890075 2 0.437710 0.879726 2 0.493828 0.865581 2 0.525413 0.850747 2 0.542892 0.836430 2