0 0.129709 0.425326 0.194006 0.433035 0.149612 0.550195 0.085315 0.542486 0.159408 0.434013 2 0.152194 0.447726 2 0.143737 0.472352 2 0.129807 0.501736 2 0.116872 0.525243 2 0.123339 0.549170 2
0 0.337644 0.323919 0.524454 0.386908 0.498772 0.411007 0.311962 0.348019 0.333244 0.334977 2 0.356377 0.342253 2 0.400158 0.357504 2 0.450405 0.372196 2 0.477270 0.384369 2 0.489957 0.399341 2
0 0.223167 0.548757 0.157253 0.566667 0.061710 0.455410 0.127623 0.437500 0.178881 0.557436 2 0.163855 0.542429 2 0.147324 0.522365 2 0.000000 0.000000 0 0.111410 0.477284 2 0.116703 0.449002 2
0 0.257504 0.663554 0.193666 0.664991 0.184780 0.540091 0.248618 0.538654 0.218660 0.660484 2 0.219904 0.645512 2 0.225376 0.620326 2 0.225128 0.583806 2 0.211583 0.560020 2 0.202654 0.543434 2
0 0.388206 0.698123 0.306471 0.703667 0.255774 0.467169 0.337510 0.461625 0.338681 0.698110 2 0.335615 0.667751 2 0.331935 0.620143 2 0.331015 0.563048 2 0.311696 0.509230 2 0.281337 0.481804 2
0 0.261422 0.751616 0.211933 0.770660 0.081376 0.663315 0.130864 0.644271 0.116103 0.661178 2 0.126223 0.675322 2 0.152288 0.697746 2 0.184180 0.723103 2 0.204419 0.734832 2 0.225579 0.752081 2
0 0.391049 0.706510 0.432513 0.715557 0.327665 0.867613 0.286201 0.858567 0.412196 0.721723 2 0.393491 0.739835 2 0.366147 0.763257 2 0.336234 0.793300 2 0.323997 0.817211 2 0.321639 0.842341 2
0 0.471205 0.743117 0.139084 0.819909 0.108232 0.777690 0.440353 0.700898 0.129408 0.793330 2 0.169480 0.780146 2 0.228832 0.764198 2 0.302549 0.743784 2 0.366059 0.734853 2 0.000000 0.000000 0
0 0.337440 0.845569 0.110169 0.883718 0.097531 0.859896 0.324802 0.821747 0.109704 0.871488 2 0.136339 0.865699 2 0.185776 0.854803 2 0.240257 0.845496 2 0.289900 0.841864 2 0.327628 0.834827 2
0 0.337894 0.858559 0.130476 0.950994 0.106317 0.933840 0.313735 0.841406 0.121700 0.940067 2 0.143470 0.930768 2 0.186406 0.912335 2 0.240465 0.892772 2 0.281175 0.875501 2 0.293377 0.859384 2
0 0.377338 0.867189 0.598470 0.892403 0.586837 0.924683 0.365705 0.899468 0.588247 0.906717 2 0.563926 0.906047 2 0.520381 0.902598 2 0.460584 0.898975 2 0.418265 0.891386 2 0.394040 0.881381 2
0 0.478648 0.833250 0.678863 0.907035 0.650432 0.931445 0.450217 0.857659 0.657979 0.917718 2 0.632358 0.908344 2 0.602010 0.893932 2 0.554996 0.873223 2 0.515445 0.857412 2 0.474899 0.851955 2