0 0.260065 0.307962 0.461379 0.318181 0.458203 0.337974 0.256890 0.327755 0.264434 0.318778 2 0.286024 0.318778 2 0.331021 0.320027 2 0.377431 0.321275 2 0.415568 0.323886 2 0.446916 0.328409 2
0 0.109598 0.299865 0.273653 0.387573 0.240722 0.407062 0.076667 0.319354 0.107379 0.312152 2 0.120697 0.320891 2 0.151771 0.338144 2 0.193338 0.355169 2 0.219973 0.371740 2 0.237730 0.391263 2
0 0.431607 0.436491 0.215190 0.495296 0.195732 0.472638 0.412149 0.413833 0.418194 0.426437 2 0.386061 0.433241 2 0.342587 0.444512 2 0.293442 0.456420 2 0.248456 0.469604 2 0.218213 0.479598 2
0 0.191512 0.682292 0.150076 0.686774 0.103916 0.551765 0.145353 0.547283 0.126240 0.556445 2 0.130020 0.571755 2 0.142495 0.599186 2 0.156482 0.631508 2 0.161397 0.654049 2 0.161397 0.675313 2
0 0.107510 0.578181 0.282660 0.579167 0.281533 0.642573 0.106383 0.641588 0.125484 0.626830 2 0.000000 0.000000 0 0.193152 0.624278 2 0.247967 0.617261 2 0.268381 0.600037 2 0.270271 0.576221 2
0 0.471521 0.414460 0.526171 0.432887 0.316597 0.629550 0.261946 0.611123 0.283311 0.614260 2 0.312123 0.588721 2 0.358398 0.545011 2 0.417770 0.499336 2 0.452694 0.462993 2 0.477141 0.429597 2
0 0.470579 0.660060 0.641900 0.677596 0.634568 0.700260 0.463247 0.682724 0.631062 0.691031 2 0.614284 0.687886 2 0.578866 0.683429 2 0.532729 0.676351 2 0.509427 0.673206 2 0.480067 0.669798 2
0 0.563533 0.667977 0.251698 0.763802 0.224122 0.735409 0.535957 0.639583 0.245186 0.746906 2 0.282989 0.736487 2 0.342341 0.716285 2 0.413412 0.692044 2 0.468605 0.679923 2 0.000000 0.000000 0
0 0.451529 0.820170 0.254938 0.865625 0.233348 0.836080 0.429938 0.790625 0.242970 0.848692 2 0.264114 0.841276 2 0.307148 0.827283 2 0.356401 0.815810 2 0.395455 0.814411 2 0.427792 0.821966 2
0 0.360369 0.839245 0.147068 0.894271 0.126277 0.868771 0.339578 0.813744 0.143525 0.880211 2 0.163300 0.874309 2 0.203051 0.862505 2 0.000000 0.000000 0 0.000000 0.000000 0 0.000000 0.000000 0
0 0.456864 0.815552 0.678726 0.871283 0.656514 0.899262 0.434651 0.843530 0.658545 0.886952 2 0.627573 0.878672 2 0.586482 0.865218 2 0.538643 0.849866 2 0.494179 0.837619 2 0.461060 0.833652 2
0 0.420536 0.835456 0.628590 0.878175 0.611547 0.904438 0.403493 0.861719 0.615416 0.889393 2 0.590747 0.883617 2 0.554706 0.873831 2 0.511468 0.861584 2 0.462403 0.849854 2 0.430205 0.850027 2