0 0.245177 0.131737 0.452249 0.185156 0.433103 0.208638 0.226031 0.155219 0.433998 0.191323 2 0.413452 0.185976 2 0.371440 0.178386 2 0.315936 0.169934 2 0.269018 0.154582 2 0.249698 0.143543 2
0 0.424855 0.275466 0.202673 0.289269 0.198269 0.266836 0.420451 0.253032 0.207551 0.278145 2 0.229141 0.273265 2 0.266673 0.268271 2 0.321557 0.263958 2 0.365344 0.267022 2 0.387943 0.272697 2
0 0.225457 0.314967 0.191642 0.324629 0.083056 0.204384 0.116871 0.194722 0.107133 0.206312 2 0.115591 0.216246 2 0.136486 0.239893 2 0.164843 0.269697 2 0.185241 0.292504 2 0.202156 0.314332 2
0 0.257804 0.369792 0.219390 0.384259 0.077511 0.265066 0.115926 0.250598 0.098770 0.263013 2 0.112088 0.274250 2 0.140539 0.295020 2 0.181501 0.327595 2 0.204907 0.348707 2 0.219637 0.370499 2
0 0.108730 0.515885 0.054413 0.516497 0.049072 0.366310 0.103390 0.365699 0.078454 0.373659 2 0.075388 0.387113 2 0.081214 0.414712 2 0.083361 0.449211 2 0.080601 0.481294 2 0.078454 0.499924 2
0 0.664871 0.280432 0.599991 0.295433 0.540853 0.214508 0.605734 0.199506 0.568728 0.216509 2 0.587136 0.223086 2 0.616737 0.240576 2 0.633404 0.262544 2 0.630170 0.271499 2 0.603056 0.282133 2
0 0.616067 0.285211 0.663600 0.294669 0.591138 0.409896 0.543604 0.400438 0.633281 0.289596 2 0.627148 0.303568 2 0.617642 0.331684 2 0.605376 0.367218 2 0.583297 0.391022 2 0.562137 0.400509 2
0 0.652249 0.296094 0.625178 0.308919 0.523082 0.240737 0.550152 0.227911 0.537601 0.239777 2 0.552496 0.247787 2 0.582777 0.264268 2 0.000000 0.000000 0 0.000000 0.000000 0 0.000000 0.000000 0
0 0.573490 0.374452 0.262524 0.524800 0.191601 0.478385 0.502567 0.328038 0.233827 0.490295 2 0.260337 0.469644 2 0.314397 0.435565 2 0.383370 0.389690 2 0.473315 0.367932 2 0.545084 0.373437 2
0 0.461508 0.522917 0.642870 0.600470 0.613284 0.622362 0.431921 0.544809 0.624136 0.612020 2 0.603958 0.604756 2 0.571875 0.591250 2 0.533133 0.573770 2 0.491364 0.553907 2 0.480872 0.543352 2
0 0.457814 0.658449 0.400491 0.680038 0.257505 0.559915 0.314828 0.538326 0.427544 0.669814 2 0.415840 0.658010 2 0.393846 0.633266 2 0.366000 0.599670 2 0.332303 0.578558 2 0.299211 0.566073 2
0 0.511491 0.725071 0.111506 0.756777 0.104116 0.727279 0.504101 0.695573 0.123465 0.742657 2 0.162812 0.737096 2 0.238884 0.729151 2 0.343205 0.719389 2 0.403335 0.718141 2 0.454991 0.715417 2