0 0.572976 0.135001 0.361644 0.157863 0.353417 0.133799 0.564749 0.110937 0.367989 0.145159 2 0.393155 0.139392 2 0.431369 0.134673 2 0.482633 0.130217 2 0.523178 0.125498 2 0.548810 0.126547 2
0 0.569785 0.248570 0.525026 0.265428 0.409056 0.168001 0.453815 0.151143 0.433834 0.163663 2 0.447327 0.171771 2 0.468486 0.192125 2 0.494858 0.216619 2 0.517550 0.236111 2 0.542696 0.251635 2
0 0.733784 0.192111 0.674962 0.200208 0.614723 0.061743 0.673545 0.053646 0.694877 0.191816 2 0.686419 0.175166 2 0.676469 0.153058 2 0.662539 0.118077 2 0.644878 0.085475 2 0.651345 0.066446 2
0 0.272940 0.415523 0.221213 0.428169 0.106396 0.279573 0.158123 0.266927 0.242425 0.413409 2 0.228816 0.395122 2 0.209536 0.373645 2 0.183830 0.336432 2 0.160013 0.303047 2 0.127124 0.283271 2
0 0.366108 0.215040 0.513682 0.328701 0.455841 0.352463 0.308267 0.238802 0.472073 0.338778 2 0.455061 0.326232 2 0.436159 0.310922 2 0.396088 0.285617 2 0.362442 0.262013 2 0.351479 0.243938 2
0 0.207197 0.432031 0.258199 0.436661 0.224597 0.553781 0.173596 0.549151 0.204164 0.549943 2 0.203030 0.531018 2 0.201896 0.508052 2 0.205676 0.478282 2 0.232956 0.454856 2 0.260853 0.447128 2
0 0.368773 0.538313 0.323071 0.545428 0.259975 0.417188 0.305676 0.410073 0.341554 0.537556 2 0.332967 0.523239 2 0.323154 0.501160 2 0.303528 0.469594 2 0.293102 0.443375 2 0.292796 0.423366 2
0 0.715900 0.560349 0.646693 0.596615 0.311657 0.394319 0.380864 0.358053 0.343588 0.388161 2 0.390087 0.410063 2 0.460401 0.445788 2 0.549618 0.493846 2 0.618042 0.541053 2 0.673235 0.566145 2
0 0.144697 0.745573 0.192526 0.745573 0.192526 0.895833 0.144697 0.895833 0.166980 0.889424 2 0.166673 0.869587 2 0.167286 0.839746 2 0.168206 0.796967 2 0.169740 0.775751 2 0.171580 0.754534 2
0 0.375171 0.756326 0.430345 0.788281 0.204121 0.911869 0.148947 0.879914 0.184316 0.892310 2 0.214368 0.878683 2 0.257607 0.853326 2 0.323537 0.820208 2 0.368309 0.793471 2 0.373828 0.764320 2
0 0.495015 0.878524 0.283987 0.928711 0.260444 0.897389 0.471472 0.847202 0.287299 0.911733 2 0.307881 0.905717 2 0.347833 0.895389 2 0.391216 0.882450 2 0.426125 0.875980 2 0.459418 0.871099 2
0 0.634144 0.869892 0.572118 0.870241 0.569852 0.742797 0.631878 0.742448 0.593236 0.865415 2 0.598211 0.851842 2 0.604679 0.828335 2 0.616370 0.797552 2 0.611644 0.770827 2 0.595724 0.752917 2