0 0.308315 0.110872 0.512820 0.142708 0.501927 0.164850 0.297422 0.133013 0.309386 0.126288 2 0.332824 0.127351 2 0.366848 0.132029 2 0.415614 0.141385 2 0.458710 0.144362 2 0.484417 0.147127 2
0 0.700245 0.099197 0.480776 0.111583 0.474370 0.075668 0.693839 0.063281 0.690552 0.082125 2 0.658215 0.079606 2 0.609708 0.079466 2 0.553988 0.078487 2 0.506725 0.086602 2 0.486031 0.100136 2
0 0.410768 0.307715 0.358773 0.311538 0.329714 0.186511 0.381709 0.182687 0.380045 0.304958 2 0.376317 0.287919 2 0.371191 0.263015 2 0.358608 0.233131 2 0.355346 0.206916 2 0.362802 0.188042 2
0 0.664219 0.445410 0.625069 0.454982 0.537725 0.341941 0.576874 0.332369 0.559546 0.340546 2 0.568997 0.353092 2 0.582228 0.378184 2 0.598484 0.408167 2 0.622678 0.427092 2 0.637421 0.443040 2
0 0.246424 0.499236 0.202685 0.504480 0.146617 0.356510 0.190355 0.351266 0.229242 0.498765 2 0.218279 0.479415 2 0.203913 0.451983 2 0.184255 0.412006 2 0.180853 0.387552 2 0.183499 0.362672 2
0 0.262130 0.479495 0.227666 0.481636 0.203098 0.356510 0.237562 0.354369 0.242095 0.479627 2 0.000000 0.000000 0 0.230376 0.440926 2 0.225083 0.407541 2 0.219035 0.383086 2 0.221303 0.364586 2
0 0.285265 0.421652 0.323932 0.423177 0.310893 0.527783 0.272226 0.526258 0.000000 0.000000 0 0.000000 0.000000 0 0.286811 0.504001 2 0.290258 0.469422 2 0.297099 0.448037 2 0.304561 0.433765 2
0 0.179342 0.516701 0.635101 0.519264 0.634222 0.568693 0.178463 0.566129 0.185901 0.539700 2 0.238097 0.535768 2 0.324779 0.533933 2 0.449676 0.531049 2 0.549873 0.541535 2 0.614186 0.556739 2
0 0.597529 0.713210 0.541208 0.716388 0.521247 0.604481 0.577567 0.601302 0.572656 0.709938 2 0.568497 0.695903 2 0.561693 0.672725 2 0.554510 0.645294 2 0.549218 0.617012 2 0.540433 0.599216 2
0 0.231842 0.790151 0.178341 0.792867 0.158598 0.669805 0.212098 0.667089 0.200014 0.783018 2 0.196990 0.768345 2 0.190941 0.744104 2 0.189051 0.713057 2 0.180734 0.684563 2 0.175441 0.664362 2
0 0.424341 0.755492 0.475877 0.783602 0.245784 0.917078 0.194248 0.888968 0.221005 0.896674 2 0.245577 0.884341 2 0.287161 0.859461 2 0.343488 0.826714 2 0.405108 0.793329 2 0.444424 0.768662 2
0 0.593915 0.838542 0.413094 0.908127 0.385043 0.885063 0.565865 0.815479 0.401431 0.891995 2 0.421977 0.884233 2 0.458469 0.869743 2 0.505080 0.851286 2 0.541265 0.836970 2 0.566104 0.827310 2