0 0.390141 0.097501 0.188560 0.138891 0.175987 0.119515 0.377567 0.078125 0.000000 0.000000 0 0.000000 0.000000 0 0.000000 0.000000 0 0.276805 0.111699 2 0.330864 0.098727 2 0.364887 0.091710 2
0 0.174139 0.122601 0.221841 0.126931 0.177567 0.281250 0.129865 0.276920 0.153902 0.272730 2 0.156736 0.256208 2 0.166856 0.221537 2 0.180655 0.183933 2 0.182188 0.157024 2 0.187708 0.134428 2
0 0.171086 0.105208 0.201658 0.108160 0.165296 0.227314 0.134724 0.224362 0.000000 0.000000 0 0.000000 0.000000 0 0.000000 0.000000 0 0.159470 0.170127 2 0.171121 0.143912 2 0.000000 0.000000 0
0 0.228654 0.092864 0.264141 0.099479 0.196038 0.215077 0.160551 0.208462 0.000000 0.000000 0 0.000000 0.000000 0 0.000000 0.000000 0 0.208362 0.139849 2 0.226537 0.124121 2 0.243314 0.108392 2
0 0.289300 0.299379 0.245160 0.303385 0.209802 0.180142 0.253942 0.176135 0.267674 0.295809 2 0.258475 0.280284 2 0.245289 0.257515 2 0.229649 0.230779 2 0.229649 0.198005 2 0.248662 0.181791 2
0 0.408678 0.178002 0.446086 0.192708 0.316923 0.296660 0.279516 0.281954 0.302799 0.282595 2 0.317519 0.268968 2 0.345424 0.244992 2 0.373104 0.221249 2 0.395560 0.203875 2 0.421129 0.197707 2
0 0.540357 0.208366 0.602260 0.223088 0.521549 0.330469 0.459646 0.315747 0.564528 0.216575 2 0.553970 0.229257 2 0.535571 0.252199 2 0.510119 0.279625 2 0.507359 0.301014 2 0.514719 0.320161 2
0 0.382197 0.450781 0.340320 0.460741 0.253633 0.345409 0.295510 0.335450 0.363627 0.451930 2 0.352588 0.441753 2 0.336028 0.421399 2 0.310883 0.390178 2 0.292177 0.365856 2 0.277458 0.348779 2
0 0.581549 0.474711 0.639521 0.491688 0.474278 0.670226 0.416306 0.653249 0.608415 0.487178 2 0.591243 0.505807 2 0.555364 0.542030 2 0.516726 0.583256 2 0.486367 0.614133 2 0.458155 0.644146 2
0 0.685007 0.644202 0.639661 0.646247 0.621346 0.517743 0.666691 0.515698 0.661712 0.640705 2 0.660219 0.628112 2 0.654995 0.605024 2 0.646786 0.572842 2 0.646040 0.546957 2 0.652757 0.527647 2
0 0.304071 0.563615 0.384064 0.565866 0.361712 0.817114 0.281719 0.814863 0.323087 0.812253 2 0.320818 0.783546 2 0.324977 0.729535 2 0.335562 0.661701 2 0.346525 0.612580 2 0.351061 0.577281 2
0 0.701728 0.764791 0.741041 0.788971 0.584010 0.869753 0.544697 0.845573 0.705304 0.777391 2 0.687643 0.790964 2 0.659534 0.815030 2 0.629684 0.836019 2 0.570730 0.846373 2 0.547630 0.845800 2