0 0.429419 0.126302 0.205633 0.144041 0.199003 0.117579 0.422790 0.099840 0.412141 0.113047 2 0.385769 0.114255 2 0.340077 0.117359 2 0.283960 0.118222 2 0.245701 0.126317 2 0.227842 0.136334 2
0 0.613303 0.194839 0.581605 0.202377 0.504830 0.100233 0.536528 0.092694 0.524326 0.106187 2 0.532286 0.114862 2 0.546714 0.132492 2 0.565121 0.151521 2 0.583280 0.176288 2 0.582534 0.196437 2
0 0.389360 0.288051 0.434975 0.291667 0.404800 0.412113 0.359185 0.408497 0.413569 0.292290 2 0.407129 0.305054 2 0.403143 0.326443 2 0.397010 0.353352 2 0.386890 0.385091 2 0.373704 0.400788 2
0 0.663611 0.625074 0.620868 0.631213 0.563847 0.505600 0.606590 0.499461 0.585709 0.504539 2 0.591536 0.522306 2 0.600735 0.543867 2 0.613615 0.571121 2 0.623428 0.596305 2 0.629868 0.613382 2
0 0.216456 0.458333 0.403799 0.473184 0.398273 0.495244 0.210930 0.480393 0.397095 0.485773 2 0.370057 0.481573 2 0.327884 0.477941 2 0.292169 0.474536 2 0.246768 0.477033 2 0.211860 0.479871 2
0 0.207326 0.463501 0.394927 0.532638 0.375556 0.549269 0.187955 0.480132 0.207715 0.473819 2 0.225483 0.483175 2 0.256482 0.491681 2 0.294663 0.504865 2 0.334357 0.518262 2 0.364978 0.536337 2
0 0.418030 0.687221 0.371810 0.697007 0.284579 0.566647 0.330798 0.556861 0.396736 0.689396 2 0.382105 0.673764 2 0.364262 0.651928 2 0.335834 0.619160 2 0.317659 0.588227 2 0.324183 0.564634 2
0 0.639604 0.716406 0.596523 0.722853 0.536774 0.596514 0.579855 0.590067 0.558329 0.600766 2 0.568528 0.618396 2 0.580966 0.640644 2 0.589174 0.668768 2 0.595144 0.694234 2 0.605004 0.711486 2
0 0.291759 0.872576 0.248485 0.884035 0.136256 0.749941 0.179530 0.738482 0.163557 0.751363 2 0.177922 0.772415 2 0.199092 0.796869 2 0.226311 0.823237 2 0.245969 0.846840 2 0.267139 0.866191 2
0 0.622773 0.729346 0.656848 0.749481 0.487067 0.840396 0.452991 0.820261 0.627399 0.743630 2 0.609631 0.756176 2 0.574096 0.775101 2 0.540072 0.798917 2 0.512854 0.812739 2 0.485635 0.824435 2
0 0.662290 0.677604 0.331478 0.756278 0.308295 0.725435 0.639107 0.646761 0.330157 0.736992 2 0.377382 0.728367 2 0.439940 0.713533 2 0.534696 0.689556 2 0.000000 0.000000 0 0.610133 0.660750 2
0 0.125772 0.316731 0.492382 0.457813 0.451636 0.491314 0.085026 0.350232 0.116303 0.337346 2 0.160911 0.352444 2 0.236896 0.379450 2 0.316284 0.411347 2 0.391891 0.446859 2 0.444816 0.464933 2