0 0.178229 0.125615 0.106888 0.137154 0.043872 0.013883 0.115212 0.002344 0.072497 0.014189 2 0.083838 0.023758 2 0.115593 0.054379 2 0.140165 0.085425 2 0.141299 0.110730 2 0.122020 0.125402 2
0 0.172542 0.094153 0.219491 0.096270 0.202563 0.215039 0.155615 0.212921 0.195737 0.103500 2 0.193468 0.117109 2 0.191578 0.149219 2 0.000000 0.000000 0 0.185152 0.193236 2 0.179103 0.209822 2
0 0.295566 0.217946 0.259038 0.237869 0.098206 0.144571 0.134733 0.124648 0.118239 0.137736 2 0.138275 0.146454 2 0.174945 0.163040 2 0.219931 0.183667 2 0.257356 0.208972 2 0.264917 0.229386 2
0 0.340249 0.094482 0.389675 0.103696 0.327946 0.208474 0.278520 0.199260 0.362072 0.104350 2 0.356402 0.114770 2 0.350731 0.142839 2 0.342793 0.166443 2 0.316708 0.184730 2 0.294026 0.190259 2
0 0.428730 0.096852 0.628938 0.165898 0.599078 0.193293 0.398870 0.124247 0.428229 0.116471 2 0.452423 0.125615 2 0.489848 0.142627 2 0.536725 0.162190 2 0.574907 0.170908 2 0.603637 0.170058 2
0 0.629193 0.202996 0.390326 0.227446 0.381438 0.199971 0.620304 0.175521 0.398742 0.210673 2 0.423692 0.206633 2 0.481910 0.203230 2 0.540505 0.201954 2 0.573772 0.194299 2 0.591162 0.185368 2
0 0.284342 0.216055 0.319482 0.229005 0.188779 0.341221 0.153639 0.328271 0.178347 0.329754 2 0.190444 0.316358 2 0.215772 0.284461 2 0.249418 0.257242 2 0.268319 0.245334 2 0.288733 0.229386 2
0 0.598309 0.345609 0.550360 0.348588 0.527789 0.233634 0.575738 0.230655 0.550334 0.238104 2 0.553736 0.253840 2 0.560541 0.283610 2 0.568480 0.312105 2 0.568102 0.339749 2 0.563565 0.356548 2
0 0.553561 0.311979 0.609656 0.311979 0.609656 0.504427 0.553561 0.504427 0.579065 0.319335 2 0.582845 0.341024 2 0.588894 0.381640 2 0.590028 0.418640 2 0.590028 0.451387 2 0.574906 0.482859 2
0 0.253093 0.744651 0.140077 0.745923 0.130957 0.489464 0.243974 0.488192 0.198721 0.741255 2 0.193051 0.710846 2 0.191538 0.654921 2 0.192294 0.589213 2 0.185868 0.545834 2 0.161296 0.512661 2
0 0.574346 0.746219 0.519987 0.756014 0.439133 0.614032 0.493491 0.604237 0.538775 0.745727 2 0.532335 0.731066 2 0.521296 0.707434 2 0.508416 0.676040 2 0.490017 0.646889 2 0.466405 0.629467 2
0 0.481801 0.489146 0.675173 0.539031 0.656955 0.561375 0.463584 0.511490 0.657144 0.551155 2 0.635371 0.544773 2 0.597039 0.533561 2 0.558401 0.520279 2 0.516389 0.511482 2 0.488790 0.507170 2