0 0.591897 0.126494 0.371058 0.162215 0.357248 0.135200 0.578086 0.099479 0.377791 0.147426 2 0.394637 0.141794 2 0.428218 0.134798 2 0.482695 0.127382 2 0.532196 0.120946 2 0.564534 0.119127 2
0 0.564140 0.255904 0.498136 0.269037 0.430172 0.160961 0.496175 0.147828 0.460318 0.158081 2 0.466170 0.167956 2 0.479285 0.193040 2 0.493410 0.224253 2 0.515808 0.241392 2 0.540627 0.246613 2
0 0.659049 0.115885 0.719753 0.115885 0.719753 0.255469 0.659049 0.255469 0.691041 0.249866 2 0.689151 0.233917 2 0.686505 0.206699 2 0.680078 0.165658 2 0.683859 0.143118 2 0.694444 0.123767 2
0 0.271118 0.407060 0.220903 0.419337 0.110285 0.276175 0.160500 0.263898 0.242319 0.411220 2 0.229439 0.391900 2 0.212266 0.365164 2 0.190187 0.331183 2 0.166268 0.301514 2 0.134683 0.280297 2
0 0.398190 0.257957 0.550093 0.353282 0.509371 0.373814 0.357469 0.278489 0.519209 0.359930 2 0.502548 0.347973 2 0.472674 0.332137 2 0.427287 0.310162 2 0.407753 0.294327 2 0.395689 0.272029 2
0 0.263386 0.571919 0.209927 0.578328 0.160276 0.447295 0.213735 0.440885 0.233127 0.571939 2 0.226687 0.556760 2 0.220554 0.535198 2 0.212274 0.507082 2 0.196328 0.478448 2 0.193569 0.460854 2
0 0.383179 0.559896 0.335069 0.567385 0.273261 0.441763 0.321371 0.434273 0.356767 0.558215 2 0.349584 0.540565 2 0.343914 0.518025 2 0.332572 0.492933 2 0.312537 0.468266 2 0.305732 0.448490 2
0 0.680417 0.529791 0.591846 0.563875 0.326621 0.345807 0.415192 0.311722 0.366652 0.336959 2 0.402837 0.363005 2 0.451595 0.403368 2 0.512491 0.458300 2 0.573400 0.513676 2 0.639267 0.534393 2
0 0.124790 0.761979 0.191049 0.761979 0.191049 0.921354 0.124790 0.921354 0.158639 0.915142 2 0.159105 0.897578 2 0.159105 0.866645 2 0.162367 0.828110 2 0.168425 0.800847 2 0.159105 0.782235 2
0 0.484626 0.755382 0.220967 0.882857 0.176767 0.853931 0.440426 0.726456 0.206174 0.862975 2 0.235534 0.850392 2 0.284468 0.828110 2 0.346916 0.800323 2 0.400976 0.771487 2 0.413841 0.742775 2
0 0.447951 0.902253 0.259422 0.943385 0.230439 0.901353 0.418969 0.860221 0.248103 0.918963 2 0.275089 0.913960 2 0.312500 0.904473 2 0.360338 0.893951 2 0.399897 0.887741 2 0.417683 0.880497 2
0 0.608674 0.793991 0.679882 0.814844 0.594276 0.907338 0.523068 0.886485 0.558770 0.897451 2 0.571036 0.887446 2 0.597408 0.864505 2 0.628687 0.838976 2 0.629913 0.816207 2 0.605994 0.798440 2