0 0.281601 0.273301 0.226796 0.285258 0.134727 0.151735 0.189533 0.139778 0.162307 0.154945 2 0.171814 0.167020 2 0.189293 0.189962 2 0.211679 0.218078 2 0.230384 0.244642 2 0.252157 0.261546 2
0 0.417079 0.338211 0.205866 0.359830 0.196297 0.330251 0.407510 0.308632 0.206463 0.345354 2 0.231343 0.342040 2 0.275700 0.338909 2 0.332170 0.336976 2 0.370635 0.332557 2 0.394859 0.322981 2
0 0.501624 0.314629 0.541728 0.327846 0.435119 0.430194 0.395016 0.416977 0.525686 0.321591 2 0.508424 0.337613 2 0.485739 0.359569 2 0.467116 0.380698 2 0.440497 0.402697 2 0.411455 0.417691 2
0 0.126235 0.369990 0.535020 0.438608 0.506734 0.491927 0.097948 0.423309 0.127482 0.402932 2 0.178758 0.408913 2 0.253609 0.424861 2 0.351520 0.447827 2 0.449809 0.462074 2 0.497064 0.448890 2
0 0.250585 0.603180 0.205325 0.611335 0.135778 0.489210 0.181038 0.481055 0.158292 0.492509 2 0.166969 0.509761 2 0.181699 0.528943 2 0.204298 0.558340 2 0.216607 0.584446 2 0.220037 0.603060 2
0 0.363240 0.593876 0.140248 0.639662 0.127067 0.619351 0.350059 0.573564 0.142150 0.626441 2 0.169794 0.620880 2 0.211966 0.612254 2 0.271895 0.598066 2 0.303171 0.593639 2 0.339492 0.591029 2
0 0.317382 0.755208 0.135258 0.819436 0.114208 0.800549 0.296332 0.736322 0.124366 0.808055 2 0.145153 0.801794 2 0.185419 0.789549 2 0.229285 0.776198 2 0.260384 0.764782 2 0.283299 0.754654 2
0 0.567593 0.654689 0.255997 0.757384 0.232232 0.734569 0.543828 0.631874 0.252516 0.745480 2 0.293074 0.732654 2 0.357644 0.709273 2 0.429478 0.685664 2 0.493645 0.666142 2 0.527544 0.653089 2
0 0.468801 0.661372 0.667175 0.723788 0.647879 0.743193 0.449505 0.680776 0.637392 0.725365 2 0.610959 0.719008 2 0.568786 0.707885 2 0.519754 0.694946 2 0.485653 0.682120 2 0.468098 0.669068 2
0 0.446533 0.713078 0.495321 0.725998 0.405709 0.833069 0.356921 0.820149 0.379799 0.819986 2 0.386861 0.809658 2 0.402802 0.787752 2 0.420962 0.761646 2 0.443360 0.742578 2 0.464547 0.733498 2
0 0.567845 0.729688 0.614141 0.729688 0.614141 0.854167 0.567845 0.854167 0.583247 0.729660 2 0.587686 0.749749 2 0.590371 0.773058 2 0.591520 0.799123 2 0.594546 0.822050 2 0.597241 0.845946 2
0 0.597618 0.739542 0.644866 0.755837 0.532583 0.858852 0.485335 0.842557 0.619483 0.753509 2 0.000000 0.000000 0 0.000000 0.000000 0 0.560529 0.793387 2 0.521972 0.823330 2 0.512520 0.845158 2