0 0.314665 0.462227 0.263090 0.474493 0.181086 0.365390 0.232660 0.353125 0.280026 0.464549 2 0.271024 0.449265 2 0.259075 0.429654 2 0.240415 0.401573 2 0.218318 0.379200 2 0.199843 0.367923 2
0 0.611980 0.512528 0.557281 0.516550 0.528168 0.391291 0.582867 0.387268 0.555620 0.396395 2 0.559600 0.410807 2 0.564823 0.433895 2 0.573032 0.463138 2 0.580495 0.489304 2 0.579997 0.503016 2
0 0.174754 0.528479 0.229419 0.532813 0.200107 0.649813 0.145442 0.645480 0.174299 0.645669 2 0.179512 0.631697 2 0.180951 0.606981 2 0.186069 0.582582 2 0.194539 0.560630 2 0.205885 0.541828 2
0 0.402567 0.666667 0.314175 0.673673 0.253903 0.433091 0.342295 0.426084 0.358751 0.666300 2 0.346562 0.644332 2 0.334871 0.600956 2 0.322434 0.547086 2 0.304772 0.484820 2 0.294325 0.444663 2
0 0.173494 0.638373 0.222938 0.644010 0.177380 0.770428 0.127936 0.764790 0.197587 0.649418 2 0.187886 0.662990 2 0.178930 0.690835 2 0.169229 0.718679 2 0.160025 0.742466 2 0.148832 0.758137 2
0 0.196246 0.900052 0.132726 0.903276 0.109385 0.757790 0.172905 0.754565 0.136130 0.761262 2 0.142570 0.778512 2 0.151156 0.806455 2 0.152382 0.839574 2 0.158822 0.868553 2 0.155756 0.888907 2
0 0.250112 0.734192 0.292442 0.742083 0.217763 0.868842 0.175433 0.860951 0.195978 0.862327 2 0.203242 0.849615 2 0.216156 0.829184 2 0.236536 0.798652 2 0.254292 0.773341 2 0.261960 0.760175 2
0 0.461873 0.792052 0.249921 0.838294 0.230162 0.809638 0.442114 0.763396 0.245212 0.824644 2 0.265390 0.819764 2 0.308773 0.807846 2 0.356394 0.796269 2 0.399777 0.786508 2 0.421569 0.776179 2
0 0.400838 0.767519 0.342090 0.780336 0.275405 0.683625 0.334152 0.670808 0.368299 0.770390 2 0.358815 0.751889 2 0.344085 0.730778 2 0.328548 0.709099 2 0.316052 0.693420 2 0.321687 0.681859 2
0 0.671549 0.652083 0.354960 0.729483 0.330914 0.698362 0.647503 0.620963 0.000000 0.000000 0 0.369142 0.710675 2 0.433233 0.696703 2 0.504683 0.677383 2 0.561721 0.660479 2 0.600666 0.646507 2
0 0.627161 0.672396 0.674327 0.672396 0.674327 0.798958 0.627161 0.798958 0.648342 0.791546 2 0.649875 0.778954 2 0.650182 0.748940 2 0.653862 0.717029 2 0.657848 0.698400 2 0.659995 0.683048 2
0 0.436381 0.935340 0.389519 0.952990 0.253069 0.838357 0.299931 0.820708 0.282883 0.835250 2 0.294602 0.849710 2 0.324467 0.874377 2 0.355844 0.902021 2 0.388355 0.920308 2 0.412549 0.926900 2