0 0.540159 0.106202 0.335736 0.152130 0.312101 0.118844 0.516524 0.072917 0.324739 0.134880 2 0.351725 0.125566 2 0.390056 0.114871 2 0.446787 0.101762 2 0.488186 0.094345 2 0.516091 0.089342 2
0 0.477635 0.129427 0.527623 0.129427 0.527623 0.266146 0.477635 0.266146 0.511467 0.134571 2 0.509627 0.147853 2 0.508401 0.170105 2 0.508094 0.201153 2 0.509934 0.235652 2 0.506254 0.256868 2
0 0.126350 0.223842 0.514633 0.306052 0.470128 0.372560 0.081845 0.290350 0.116089 0.257755 2 0.166745 0.259882 2 0.263145 0.271790 2 0.393189 0.289227 2 0.445358 0.318997 2 0.454053 0.356210 2
0 0.700832 0.454252 0.651632 0.457309 0.624720 0.320244 0.673920 0.317188 0.674699 0.451140 2 0.671939 0.434408 2 0.663353 0.406464 2 0.653846 0.377313 2 0.652313 0.351094 2 0.645873 0.329878 2
0 0.683585 0.435508 0.649883 0.458913 0.484568 0.383594 0.518270 0.360189 0.000000 0.000000 0 0.646823 0.438153 2 0.613556 0.423056 2 0.570081 0.402854 2 0.539460 0.385417 2 0.517912 0.373509 2
0 0.371782 0.467587 0.323272 0.488765 0.165586 0.374479 0.214097 0.353301 0.338576 0.475825 2 0.317406 0.457750 2 0.292078 0.437549 2 0.253896 0.412457 2 0.205599 0.388676 2 0.195935 0.370339 2
0 0.248380 0.674268 0.196100 0.675150 0.188824 0.538753 0.241103 0.537871 0.219220 0.671981 2 0.218971 0.657709 2 0.220464 0.634342 2 0.218474 0.602439 2 0.216484 0.567879 2 0.214935 0.554969 2
0 0.555458 0.580061 0.617001 0.609219 0.362312 0.779307 0.300769 0.750149 0.346491 0.752786 2 0.370307 0.738539 2 0.411891 0.707493 2 0.461792 0.666452 2 0.501108 0.641147 2 0.547228 0.623138 2
0 0.167426 0.962972 0.112841 0.964508 0.099467 0.814177 0.154052 0.812641 0.137129 0.957410 2 0.132970 0.943800 2 0.130702 0.915519 2 0.131836 0.876392 2 0.130324 0.849811 2 0.126165 0.830886 2
0 0.383252 0.888130 0.156226 0.923472 0.140412 0.891332 0.367438 0.855990 0.154896 0.906162 2 0.182493 0.903398 2 0.225589 0.898082 2 0.278514 0.889151 2 0.314049 0.876392 2 0.333053 0.867575 2
0 0.405703 0.768888 0.473006 0.776563 0.430237 0.895242 0.362934 0.887568 0.000000 0.000000 0 0.000000 0.000000 0 0.409990 0.864700 2 0.422055 0.832060 2 0.425502 0.801683 2 0.410564 0.778415 2
0 0.337433 0.871850 0.566100 0.906067 0.551235 0.937500 0.322568 0.903283 0.332430 0.891845 2 0.357709 0.896370 2 0.400797 0.901540 2 0.454227 0.912205 2 0.498599 0.913971 2 0.524893 0.913821 2