0 0.273920 0.241406 0.221018 0.255415 0.120726 0.135583 0.173627 0.121574 0.146559 0.129187 2 0.161497 0.141467 2 0.180456 0.163765 2 0.206883 0.194143 2 0.224119 0.218703 2 0.233311 0.237770 2
0 0.445324 0.336847 0.215546 0.356381 0.208893 0.331619 0.438671 0.312085 0.214927 0.341506 2 0.241354 0.337628 2 0.289613 0.334719 2 0.348214 0.333103 2 0.382685 0.328579 2 0.411985 0.325347 2
0 0.501436 0.281296 0.557372 0.291029 0.488544 0.416185 0.432609 0.406453 0.526313 0.288507 2 0.519994 0.301756 2 0.511376 0.320500 2 0.495290 0.349908 2 0.467138 0.369298 2 0.457372 0.387072 2
0 0.129923 0.363045 0.543412 0.461381 0.508520 0.507803 0.095031 0.409466 0.123279 0.389036 2 0.170815 0.397949 2 0.257963 0.413153 2 0.346975 0.433600 2 0.438784 0.460601 2 0.483057 0.477903 2
0 0.282402 0.589962 0.200772 0.609375 0.103892 0.480483 0.185522 0.461070 0.149196 0.481321 2 0.156756 0.496419 2 0.179061 0.526828 2 0.194938 0.556810 2 0.216108 0.577437 2 0.234632 0.588707 2
0 0.355895 0.605310 0.151098 0.639687 0.134394 0.608201 0.339192 0.573824 0.146992 0.622246 2 0.172613 0.618188 2 0.215398 0.611472 2 0.273606 0.604476 2 0.309924 0.594681 2 0.324600 0.577751 2
0 0.576972 0.660602 0.269709 0.755023 0.240756 0.725211 0.548018 0.630791 0.255177 0.740565 2 0.295348 0.728146 2 0.356373 0.708137 2 0.422610 0.685368 2 0.479034 0.670016 2 0.519513 0.655354 2
0 0.256360 0.731808 0.295155 0.752968 0.132045 0.847587 0.093251 0.826427 0.119595 0.831279 2 0.133922 0.823447 2 0.164189 0.806989 2 0.201115 0.791326 2 0.223512 0.778273 2 0.238646 0.763859 2
0 0.423996 0.688295 0.479179 0.691409 0.456790 0.816927 0.401607 0.813813 0.420505 0.809926 2 0.426724 0.796213 2 0.430206 0.771727 2 0.436674 0.745282 2 0.451599 0.724713 2 0.449111 0.707223 2
0 0.447882 0.663683 0.657253 0.720573 0.637404 0.743686 0.428033 0.686797 0.642674 0.733813 2 0.618440 0.726998 2 0.581157 0.714415 2 0.528029 0.699735 2 0.484688 0.689511 2 0.458124 0.679812 2
0 0.566049 0.726823 0.616512 0.726823 0.616512 0.848958 0.566049 0.848958 0.580987 0.728734 2 0.584053 0.748399 2 0.585893 0.772720 2 0.586200 0.802044 2 0.588346 0.824468 2 0.589149 0.840097 2
0 0.594913 0.739320 0.644607 0.758443 0.517595 0.862873 0.467901 0.843750 0.610958 0.754057 2 0.000000 0.000000 0 0.000000 0.000000 0 0.554840 0.792350 2 0.518655 0.820811 2 0.514668 0.843236 2