0 0.433048 0.138772 0.401581 0.158519 0.241382 0.077746 0.272849 0.057999 0.257400 0.071695 2 0.277026 0.078940 2 0.309531 0.094637 2 0.349089 0.112404 2 0.388954 0.130688 2 0.399994 0.146902 2
0 0.409620 0.160588 0.450463 0.170573 0.358425 0.289688 0.317583 0.279703 0.343674 0.280879 2 0.354714 0.265010 2 0.373113 0.240516 2 0.398872 0.209639 2 0.412365 0.191700 2 0.424017 0.178763 2
0 0.679188 0.051869 0.721103 0.064143 0.620162 0.173206 0.578246 0.160932 0.696108 0.060635 2 0.683229 0.074779 2 0.661763 0.099101 2 0.640297 0.125665 2 0.620365 0.143949 2 0.598308 0.159991 2
0 0.248766 0.223297 0.290435 0.231326 0.211572 0.360836 0.169903 0.352807 0.196428 0.350020 2 0.206241 0.330701 2 0.225560 0.301377 2 0.249479 0.273261 2 0.260212 0.250664 2 0.273704 0.238073 2
0 0.209042 0.375100 0.261378 0.383247 0.194928 0.518304 0.142593 0.510156 0.183774 0.514563 2 0.183028 0.496513 2 0.184271 0.468109 2 0.190988 0.428371 2 0.213375 0.411580 2 0.233524 0.400106 2
0 0.218295 0.413905 0.253983 0.416325 0.226389 0.545052 0.190701 0.542631 0.208780 0.539760 2 0.211890 0.526502 2 0.218437 0.500630 2 0.225639 0.466564 2 0.228913 0.441613 2 0.228749 0.423844 2
0 0.338687 0.547467 0.294462 0.548214 0.287500 0.417708 0.331725 0.416962 0.314801 0.543087 2 0.314801 0.524337 2 0.315547 0.496213 2 0.313806 0.464590 2 0.307836 0.445839 2 0.302801 0.430272 2
0 0.486435 0.540706 0.438836 0.548988 0.378241 0.438802 0.425841 0.430520 0.459761 0.540320 2 0.455002 0.527810 2 0.449028 0.502220 2 0.442859 0.473475 2 0.425109 0.456660 2 0.389861 0.445970 2
0 0.671056 0.524997 0.718796 0.525803 0.711420 0.664062 0.663680 0.663257 0.688526 0.532668 2 0.689139 0.548883 2 0.689139 0.573304 2 0.688526 0.609945 2 0.683926 0.633232 2 0.675646 0.654665 2
0 0.581944 0.540365 0.247954 0.666153 0.173729 0.603796 0.507719 0.478007 0.212693 0.625570 2 0.265240 0.611536 2 0.336689 0.594099 2 0.456526 0.566668 2 0.498488 0.532007 2 0.496976 0.495006 2
0 0.559309 0.759468 0.438122 0.780554 0.351382 0.622824 0.472568 0.601738 0.510204 0.770008 2 0.506424 0.747680 2 0.500753 0.709191 2 0.490924 0.654116 2 0.450853 0.631150 2 0.393769 0.624558 2
0 0.610957 0.669010 0.664200 0.681673 0.579886 0.793847 0.526643 0.781185 0.559787 0.782031 2 0.571439 0.769439 2 0.595358 0.743565 2 0.621117 0.719589 2 0.623571 0.696130 2 0.607011 0.681295 2