0 0.517029 0.099927 0.297388 0.155100 0.272949 0.124317 0.492590 0.069143 0.300605 0.139318 2 0.320505 0.129664 2 0.361051 0.116931 2 0.423488 0.100979 2 0.457816 0.093284 2 0.484432 0.086987 2
0 0.466975 0.127865 0.520160 0.127865 0.520160 0.262240 0.466975 0.262240 0.493138 0.132632 2 0.491646 0.146905 2 0.492641 0.173770 2 0.494382 0.203713 2 0.489407 0.237015 2 0.483934 0.256044 2
0 0.093775 0.242930 0.527240 0.289822 0.508179 0.345573 0.074714 0.298681 0.092302 0.276848 2 0.137077 0.274749 2 0.217921 0.276988 2 0.333093 0.283005 2 0.449757 0.304693 2 0.504731 0.320364 2
0 0.672441 0.471609 0.622560 0.473013 0.610528 0.337766 0.660409 0.336362 0.644017 0.472359 2 0.642790 0.457007 2 0.642177 0.435790 2 0.639417 0.401119 2 0.636351 0.372140 2 0.621631 0.350751 2
0 0.668219 0.441924 0.633981 0.463848 0.463236 0.379475 0.497475 0.357552 0.000000 0.000000 0 0.000000 0.000000 0 0.609615 0.432155 2 0.563944 0.407776 2 0.527127 0.389688 2 0.501495 0.378678 2
0 0.404410 0.507985 0.359543 0.527980 0.187018 0.405487 0.231885 0.385493 0.376263 0.514517 2 0.350984 0.497713 2 0.323982 0.475414 2 0.282617 0.443744 2 0.244124 0.423385 2 0.219995 0.403025 2
0 0.220525 0.690317 0.161674 0.690648 0.158995 0.539914 0.217845 0.539583 0.185454 0.684348 2 0.188902 0.666574 2 0.192349 0.640721 2 0.194072 0.607758 2 0.199243 0.586106 2 0.191774 0.563808 2
0 0.527147 0.582521 0.579783 0.607970 0.345764 0.761118 0.293128 0.735669 0.337345 0.740547 2 0.361917 0.725024 2 0.402367 0.698018 2 0.454914 0.659742 2 0.502546 0.629759 2 0.535057 0.607856 2
0 0.142557 0.964967 0.097387 0.966493 0.081911 0.821585 0.127081 0.820059 0.120807 0.960586 2 0.114759 0.947615 2 0.111734 0.921460 2 0.111356 0.882120 2 0.101528 0.851925 2 0.097747 0.832787 2
0 0.327383 0.900025 0.112321 0.915841 0.107412 0.894722 0.322475 0.878906 0.000000 0.000000 0 0.000000 0.000000 0 0.157099 0.902747 2 0.221743 0.895942 2 0.276936 0.889988 2 0.000000 0.000000 0
0 0.390702 0.781769 0.442845 0.788021 0.390768 0.925456 0.338625 0.919204 0.364160 0.916446 2 0.368887 0.905672 2 0.379832 0.886223 2 0.397493 0.854601 2 0.403961 0.827316 2 0.411921 0.798352 2
0 0.295999 0.870526 0.521659 0.896257 0.509049 0.931250 0.283388 0.905519 0.289038 0.890561 2 0.315654 0.898396 2 0.346250 0.903574 2 0.406697 0.911129 2 0.457442 0.906652 2 0.483561 0.909310 2