0 0.290892 0.075677 0.324920 0.090228 0.191743 0.188769 0.157716 0.174219 0.295878 0.090211 2 0.278092 0.100043 2 0.254480 0.115912 2 0.226267 0.134714 2 0.198055 0.159036 2 0.193762 0.175940 2
0 0.596605 0.166667 0.549036 0.169893 0.525244 0.058903 0.572813 0.055677 0.552857 0.063406 2 0.555310 0.072893 2 0.558683 0.091868 2 0.568496 0.114119 2 0.568267 0.138502 2 0.552550 0.155518 2
0 0.450550 0.428919 0.407813 0.435057 0.355135 0.319012 0.397872 0.312874 0.380130 0.320893 2 0.385875 0.333496 2 0.395067 0.353533 2 0.401962 0.379386 2 0.413452 0.402654 2 0.437581 0.420428 2
0 0.133014 0.318948 0.503180 0.461398 0.466049 0.491927 0.095883 0.349477 0.126655 0.337109 2 0.171642 0.351569 2 0.244224 0.376661 2 0.325124 0.407920 2 0.408292 0.449386 2 0.455924 0.468949 2
0 0.180644 0.614510 0.124722 0.617032 0.104780 0.477116 0.160702 0.474594 0.134847 0.489423 2 0.134847 0.504733 2 0.140518 0.532802 2 0.151859 0.559808 2 0.151859 0.579584 2 0.139762 0.599786 2
0 0.403385 0.615277 0.363243 0.621527 0.302522 0.498115 0.342664 0.491866 0.323865 0.502819 2 0.328780 0.518555 2 0.340877 0.541096 2 0.354108 0.567889 2 0.364693 0.592768 2 0.369607 0.614245 2
0 0.391975 0.827604 0.200979 0.892004 0.178685 0.871085 0.369682 0.806684 0.196398 0.880678 2 0.215411 0.873951 2 0.248223 0.862394 2 0.291461 0.847732 2 0.326420 0.836692 2 0.354325 0.824100 2
0 0.451281 0.699083 0.409028 0.709132 0.313581 0.582145 0.355834 0.572097 0.430451 0.700683 2 0.416088 0.684848 2 0.395980 0.661903 2 0.371851 0.633788 2 0.348296 0.600825 2 0.332784 0.583697 2
0 0.690398 0.655318 0.363050 0.758314 0.334068 0.729170 0.661415 0.626173 0.356476 0.743314 2 0.395157 0.730207 2 0.458071 0.711594 2 0.534035 0.688788 2 0.583434 0.673846 2 0.624445 0.650515 2
0 0.630864 0.692187 0.669760 0.707807 0.526892 0.820375 0.487996 0.804756 0.640052 0.703895 2 0.621907 0.720056 2 0.601115 0.739832 2 0.575030 0.762160 2 0.541763 0.784700 2 0.518703 0.800861 2
0 0.577442 0.768318 0.615058 0.782794 0.473457 0.899219 0.435841 0.884743 0.593554 0.780873 2 0.576920 0.793206 2 0.547812 0.813620 2 0.510764 0.835097 2 0.492240 0.857638 2 0.474095 0.880391 2
0 0.669875 0.821639 0.634553 0.830512 0.545864 0.718800 0.581186 0.709927 0.642699 0.824678 2 0.634004 0.810005 2 0.619638 0.788528 2 0.602249 0.761947 2 0.583347 0.740258 2 0.564445 0.730476 2