0 0.219241 0.409286 0.165217 0.411417 0.148543 0.277651 0.202567 0.275521 0.189495 0.401457 2 0.186699 0.383631 2 0.181572 0.360825 2 0.174582 0.331202 2 0.174116 0.303677 2 0.175980 0.291094 2
0 0.134410 0.476592 0.193696 0.477259 0.188510 0.623078 0.129225 0.622411 0.163940 0.613761 2 0.160874 0.598236 2 0.158727 0.572017 2 0.157501 0.536484 2 0.159034 0.514232 2 0.161180 0.494223 2
0 0.555484 0.478122 0.600277 0.487320 0.518859 0.612783 0.474066 0.603586 0.570257 0.489249 2 0.561090 0.503797 2 0.547536 0.522961 2 0.529390 0.546139 2 0.514647 0.570593 2 0.511622 0.592070 2
0 0.296334 0.647854 0.225481 0.650648 0.193288 0.392378 0.264141 0.389583 0.262973 0.638943 2 0.257381 0.604340 2 0.252721 0.558989 2 0.242934 0.496599 2 0.237342 0.433685 2 0.230817 0.403276 2
0 0.254007 0.556653 0.320582 0.573828 0.225258 0.690742 0.158683 0.673568 0.193875 0.678557 2 0.201058 0.665373 2 0.206728 0.640706 2 0.225252 0.610723 2 0.259275 0.591372 2 0.297079 0.574360 2
0 0.224846 0.620135 0.275898 0.623598 0.249384 0.747286 0.198332 0.743824 0.227018 0.739328 2 0.227825 0.726615 2 0.232466 0.705277 2 0.236704 0.672021 2 0.242959 0.643191 2 0.000000 0.000000 0
0 0.121088 0.738437 0.175652 0.739051 0.170160 0.893490 0.115597 0.892876 0.146315 0.742743 2 0.147071 0.759755 2 0.150473 0.782083 2 0.153498 0.815255 2 0.151229 0.848428 2 0.135730 0.868204 2
0 0.393180 0.733439 0.453519 0.749005 0.351641 0.873958 0.291302 0.858392 0.323236 0.859060 2 0.337979 0.848003 2 0.366710 0.822485 2 0.399221 0.795267 2 0.406404 0.773577 2 0.405269 0.755927 2
0 0.606894 0.815305 0.511655 0.833058 0.398862 0.641603 0.494101 0.623850 0.548167 0.815893 2 0.541362 0.793140 2 0.530399 0.756778 2 0.517546 0.692347 2 0.483523 0.658961 2 0.415098 0.649392 2
0 0.618608 0.516628 0.677372 0.517951 0.667782 0.652741 0.609018 0.651418 0.634974 0.646967 2 0.638236 0.632025 2 0.641032 0.605286 2 0.641498 0.573305 2 0.647557 0.544993 2 0.645227 0.527954 2
0 0.280400 0.871431 0.500715 0.905729 0.483946 0.939811 0.263631 0.905514 0.284905 0.893610 2 0.309131 0.901373 2 0.347463 0.907237 2 0.411860 0.914482 2 0.446819 0.912067 2 0.473804 0.909652 2
0 0.106650 0.904332 0.373988 0.986483 0.329152 1.032648 0.061815 0.950496 0.103173 0.932756 2 0.128932 0.946038 2 0.182903 0.963460 2 0.237794 0.979329 2 0.271219 0.991749 2 0.289619 0.999166 2