0 0.420134 0.126852 0.385993 0.148712 0.213545 0.063498 0.247685 0.041637 0.232225 0.055277 2 0.250633 0.061434 2 0.288443 0.078505 2 0.334213 0.100193 2 0.363566 0.118802 2 0.373018 0.135593 2
0 0.407020 0.157833 0.457916 0.170963 0.361952 0.288663 0.311056 0.275533 0.343851 0.279539 2 0.353552 0.264148 2 0.373950 0.239661 2 0.397581 0.205380 2 0.412755 0.188450 2 0.429670 0.175297 2
0 0.676772 0.060579 0.724958 0.074008 0.617021 0.196553 0.568835 0.183123 0.696996 0.074546 2 0.682818 0.086580 2 0.661176 0.110646 2 0.635306 0.141569 2 0.615655 0.164516 2 0.592272 0.177249 2
0 0.242051 0.222997 0.294252 0.232728 0.223773 0.352360 0.171571 0.342629 0.200892 0.344713 2 0.209587 0.328127 2 0.225086 0.304311 2 0.249280 0.278581 2 0.254951 0.253914 2 0.252683 0.235626 2
0 0.240291 0.355025 0.281944 0.366927 0.170848 0.489951 0.129194 0.478049 0.159609 0.484038 2 0.169421 0.468687 2 0.190887 0.442295 2 0.217260 0.410901 2 0.236885 0.389685 2 0.259271 0.369158 2
0 0.217656 0.407209 0.258052 0.409949 0.233333 0.525260 0.192938 0.522521 0.214989 0.521029 2 0.214989 0.504658 2 0.220213 0.477513 2 0.228173 0.442812 2 0.230900 0.421321 2 0.240630 0.403332 2
0 0.290278 0.406510 0.334722 0.406510 0.334722 0.537500 0.290278 0.537500 0.312400 0.530363 2 0.310888 0.513352 2 0.309375 0.487196 2 0.305595 0.458276 2 0.309753 0.435098 2 0.321095 0.417449 2
0 0.472785 0.530794 0.421644 0.542956 0.342480 0.437633 0.393620 0.425470 0.448720 0.533252 2 0.441054 0.520488 2 0.429095 0.497891 2 0.418362 0.466325 2 0.389536 0.449938 2 0.355498 0.446833 2
0 0.526425 0.473741 0.582118 0.505997 0.262681 0.680508 0.206988 0.648252 0.242372 0.660821 2 0.288114 0.635516 2 0.348978 0.600217 2 0.435170 0.556837 2 0.491119 0.525578 2 0.533081 0.501762 2
0 0.587961 0.732818 0.508564 0.763372 0.334925 0.620606 0.414322 0.590051 0.557296 0.741321 2 0.538016 0.723034 2 0.509285 0.689861 2 0.462409 0.637976 2 0.417045 0.622453 2 0.356559 0.622878 2
0 0.592341 0.656905 0.645270 0.660193 0.624192 0.767540 0.571264 0.764252 0.587735 0.766569 2 0.592710 0.749778 2 0.608381 0.725431 2 0.629525 0.692550 2 0.624799 0.673800 2 0.606091 0.661077 2
0 0.679119 0.541459 0.717930 0.543649 0.693193 0.682335 0.654381 0.680144 0.697400 0.547029 2 0.695161 0.564519 2 0.690157 0.592367 2 0.685072 0.625183 2 0.679987 0.650571 2 0.671530 0.668761 2