0 0.315969 0.066066 0.105633 0.079133 0.101558 0.058380 0.311895 0.045312 0.110361 0.069862 2 0.129764 0.065244 2 0.186728 0.061886 2 0.236229 0.060487 2 0.272547 0.061886 2 0.301899 0.060347 2
0 0.269933 0.172334 0.234024 0.185281 0.131945 0.095699 0.167854 0.082752 0.152216 0.093154 2 0.166581 0.103787 2 0.188129 0.121223 2 0.225933 0.153971 2 0.000000 0.000000 0 0.232738 0.195224 2
0 0.127080 0.130926 0.330284 0.193370 0.305543 0.218845 0.102338 0.156402 0.120839 0.148655 2 0.143521 0.152057 2 0.185483 0.163327 2 0.250127 0.176724 2 0.289821 0.191184 2 0.296626 0.210747 2
0 0.324748 0.066356 0.401246 0.146875 0.349967 0.162290 0.273469 0.081771 0.295492 0.082097 2 0.309857 0.085712 2 0.335941 0.099959 2 0.000000 0.000000 0 0.000000 0.000000 0 0.362026 0.146103 2
0 0.530876 0.111719 0.301718 0.125955 0.297968 0.106855 0.527126 0.092619 0.302296 0.115482 2 0.326490 0.111017 2 0.369209 0.108677 2 0.424780 0.106976 2 0.479973 0.103361 2 0.517021 0.101235 2
0 0.585106 0.201431 0.351611 0.209321 0.349233 0.187057 0.582728 0.179167 0.362926 0.198803 2 0.393522 0.196145 2 0.450486 0.195865 2 0.501480 0.195025 2 0.537052 0.194046 2 0.566902 0.192507 2
0 0.515598 0.220052 0.561413 0.220568 0.556950 0.346090 0.511135 0.345574 0.540451 0.220080 2 0.538959 0.233233 2 0.540700 0.256740 2 0.538959 0.289622 2 0.541198 0.310190 2 0.540203 0.332578 2
0 0.208261 0.233256 0.266987 0.237240 0.240663 0.360039 0.181937 0.356056 0.211915 0.353986 2 0.209925 0.337755 2 0.211666 0.305993 2 0.215895 0.276049 2 0.238283 0.256040 2 0.258680 0.245826 2
0 0.578686 0.310635 0.640151 0.322865 0.533403 0.492611 0.471939 0.480381 0.614077 0.322815 2 0.597518 0.341099 2 0.565933 0.374908 2 0.535574 0.412684 2 0.523001 0.448907 2 0.521774 0.479611 2
0 0.297697 0.792572 0.215798 0.793954 0.202218 0.539403 0.284117 0.538021 0.248165 0.785779 2 0.246301 0.757467 2 0.257019 0.695864 2 0.270534 0.630328 2 0.263544 0.591792 2 0.235582 0.554830 2
0 0.684580 0.580729 0.645897 0.592616 0.539106 0.482658 0.577788 0.470771 0.663276 0.581249 2 0.649170 0.570210 2 0.629544 0.552270 2 0.599185 0.525362 2 0.574346 0.503800 2 0.561160 0.486206 2
0 0.634312 0.789935 0.587793 0.800998 0.486481 0.666209 0.533000 0.655146 0.605477 0.787882 2 0.595776 0.774169 2 0.581100 0.750942 2 0.562444 0.720719 2 0.542792 0.698051 2 0.517420 0.679302 2