0 0.266045 0.108078 0.483013 0.171616 0.458379 0.198232 0.241411 0.134694 0.469541 0.180332 2 0.444591 0.173953 2 0.401495 0.162895 2 0.345923 0.152263 2 0.308498 0.144395 2 0.279767 0.138867 2
0 0.521898 0.147513 0.680697 0.232412 0.650674 0.250180 0.491875 0.165281 0.508857 0.161194 2 0.528893 0.171189 2 0.567830 0.187137 2 0.602988 0.204574 2 0.633987 0.220097 2 0.645918 0.236485 2
0 0.489660 0.351302 0.445550 0.362681 0.352640 0.248726 0.396750 0.237347 0.374817 0.246701 2 0.384519 0.258594 2 0.407901 0.280842 2 0.435015 0.304629 2 0.448199 0.325757 2 0.446955 0.346326 2
0 0.258069 0.505210 0.212030 0.523698 0.072677 0.413900 0.118716 0.395412 0.098255 0.411245 2 0.115933 0.424227 2 0.145009 0.444263 2 0.178839 0.468330 2 0.206451 0.488339 2 0.212421 0.510026 2
0 0.129708 0.303328 0.439616 0.372955 0.385648 0.448958 0.075741 0.379332 0.098504 0.353933 2 0.154928 0.353243 2 0.244778 0.352035 2 0.332175 0.364800 2 0.368973 0.406888 2 0.000000 0.000000 0
0 0.460193 0.463665 0.406347 0.498846 0.225781 0.411405 0.279627 0.376223 0.252594 0.398956 2 0.273754 0.408788 2 0.317298 0.428797 2 0.365443 0.456569 2 0.401628 0.467608 2 0.438120 0.464503 2
0 0.603684 0.362422 0.657180 0.380053 0.539915 0.492631 0.486420 0.475000 0.622432 0.378998 2 0.604024 0.394249 2 0.577408 0.413558 2 0.543578 0.437205 2 0.528404 0.455395 2 0.526911 0.473165 2
0 0.391106 0.512505 0.610957 0.556250 0.596548 0.579162 0.376698 0.535417 0.594590 0.563855 2 0.564323 0.558066 2 0.524097 0.549616 2 0.481074 0.540085 2 0.443456 0.532188 2 0.405723 0.529237 2
0 0.125715 0.716252 0.072168 0.716553 0.069501 0.566561 0.123048 0.566259 0.097522 0.577972 2 0.095761 0.593169 2 0.094020 0.617236 2 0.099741 0.648578 2 0.104965 0.673345 2 0.100985 0.694473 2
0 0.435719 0.667108 0.375951 0.689134 0.235911 0.568902 0.295679 0.546875 0.405910 0.671979 2 0.388260 0.657124 2 0.361356 0.630507 2 0.330681 0.601168 2 0.301950 0.582242 2 0.266037 0.575012 2
0 0.579975 0.747886 0.232873 0.759615 0.229150 0.724758 0.576252 0.713029 0.241013 0.746682 2 0.276278 0.742198 2 0.348035 0.734953 2 0.438191 0.728053 2 0.504429 0.729951 2 0.550427 0.738403 2
0 0.650511 0.901220 0.600437 0.936715 0.444859 0.867269 0.494934 0.831775 0.621292 0.915351 2 0.597791 0.910571 2 0.561677 0.902430 2 0.517198 0.889211 2 0.487456 0.865984 2 0.490112 0.841039 2