0 0.133054 0.280204 0.075397 0.284115 0.042488 0.130597 0.100146 0.126686 0.074271 0.133093 2 0.073515 0.151593 2 0.074649 0.176473 2 0.078051 0.209433 2 0.084856 0.247496 2 0.112453 0.265784 2
0 0.215675 0.224740 0.162581 0.237016 0.081085 0.125495 0.134179 0.113218 0.101112 0.126927 2 0.118123 0.136283 2 0.136647 0.153082 2 0.177097 0.187956 2 0.178609 0.211559 2 0.157439 0.226870 2
0 0.181613 0.127823 0.224955 0.139600 0.140523 0.237919 0.097180 0.226142 0.193730 0.137346 2 0.182767 0.151168 2 0.000000 0.000000 0 0.000000 0.000000 0 0.142696 0.205393 2 0.125306 0.218577 2
0 0.332288 0.190605 0.375066 0.212139 0.197682 0.323634 0.154904 0.302100 0.181255 0.311077 2 0.194486 0.300658 2 0.222461 0.280882 2 0.253460 0.256427 2 0.295044 0.232824 2 0.316214 0.226445 2
0 0.374853 0.120058 0.413052 0.146587 0.278549 0.207868 0.240350 0.181340 0.385395 0.134369 2 0.372919 0.141599 2 0.346835 0.160312 2 0.312434 0.178387 2 0.286349 0.185617 2 0.264045 0.183065 2
0 0.435026 0.139934 0.623082 0.172656 0.608447 0.199269 0.420391 0.166547 0.439456 0.153919 2 0.458162 0.153574 2 0.490974 0.157369 2 0.548625 0.165821 2 0.578063 0.181173 2 0.584503 0.199802 2
0 0.646228 0.227536 0.410989 0.230183 0.410066 0.204209 0.645304 0.201563 0.417377 0.219294 2 0.441602 0.216707 2 0.482694 0.215154 2 0.540958 0.214464 2 0.581437 0.214464 2 0.610569 0.217914 2
0 0.574099 0.245437 0.625786 0.250129 0.584656 0.393490 0.532970 0.388798 0.588800 0.254355 2 0.589178 0.270942 2 0.591447 0.296672 2 0.585776 0.328568 2 0.575947 0.356638 2 0.556289 0.372161 2
0 0.286310 0.419394 0.385649 0.458449 0.147119 0.650422 0.047779 0.611367 0.124252 0.639671 2 0.140130 0.610751 2 0.174909 0.557590 2 0.221029 0.494859 2 0.275088 0.467216 2 0.342379 0.455307 2
0 0.469374 0.459500 0.531878 0.479167 0.363258 0.648734 0.300753 0.629068 0.495861 0.480612 2 0.478850 0.495497 2 0.446717 0.535262 2 0.408535 0.575665 2 0.369975 0.597992 2 0.325367 0.626487 2
0 0.508265 0.671567 0.459475 0.685165 0.354147 0.565583 0.402938 0.551985 0.484532 0.672808 2 0.472881 0.661798 2 0.451443 0.636108 2 0.423481 0.606486 2 0.395519 0.582893 2 0.384800 0.564805 2
0 0.636425 0.485548 0.686273 0.505565 0.549506 0.613326 0.499658 0.593308 0.651400 0.502907 2 0.635032 0.513955 2 0.609334 0.532554 2 0.577580 0.556492 2 0.552700 0.578312 2 0.536332 0.590834 2