0 0.258564 0.211349 0.207999 0.217709 0.156475 0.088104 0.207040 0.081744 0.183140 0.095223 2 0.187740 0.109885 2 0.196019 0.132654 2 0.202152 0.153180 2 0.214112 0.177329 2 0.238644 0.196994 2
0 0.520421 0.178655 0.575531 0.186571 0.527016 0.293447 0.471905 0.285532 0.547098 0.184911 2 0.536891 0.195968 2 0.516855 0.218083 2 0.498709 0.242538 2 0.502112 0.264015 2 0.513453 0.282302 2
0 0.236221 0.318006 0.432343 0.321316 0.430752 0.351149 0.234630 0.347839 0.236221 0.330745 2 0.257687 0.330745 2 0.297246 0.333160 2 0.352137 0.339714 2 0.393535 0.335920 2 0.419100 0.327983 2
0 0.221175 0.601215 0.165155 0.606949 0.122498 0.475087 0.178517 0.469353 0.146639 0.483060 2 0.150041 0.496882 2 0.161382 0.522825 2 0.177260 0.546003 2 0.190113 0.571095 2 0.194272 0.594486 2
0 0.227161 0.578125 0.467901 0.578125 0.467901 0.600260 0.227161 0.600260 0.230507 0.587615 2 0.258106 0.587615 2 0.308704 0.588650 2 0.364515 0.588650 2 0.398554 0.587960 2 0.433512 0.583476 2
0 0.211402 0.769553 0.259568 0.777344 0.206172 0.881794 0.158006 0.874003 0.184308 0.867382 2 0.190134 0.856343 2 0.199027 0.839266 2 0.208840 0.816152 2 0.218653 0.798385 2 0.228466 0.785276 2
0 0.613272 0.848958 0.566193 0.849488 0.561767 0.725024 0.608846 0.724494 0.582789 0.730812 2 0.584653 0.747589 2 0.585119 0.767250 2 0.583721 0.793989 2 0.583255 0.817320 2 0.589313 0.839078 2
0 0.592673 0.744205 0.633457 0.759236 0.503136 0.871124 0.462352 0.856093 0.603294 0.758862 2 0.000000 0.000000 0 0.000000 0.000000 0 0.544574 0.802115 2 0.513816 0.830165 2 0.502616 0.847937 2
0 0.486787 0.690574 0.685383 0.736494 0.667901 0.760417 0.469305 0.714497 0.666704 0.747302 2 0.642470 0.741797 2 0.608916 0.731573 2 0.567905 0.720563 2 0.529224 0.713223 2 0.496136 0.708767 2
0 0.527104 0.726588 0.477401 0.745715 0.358254 0.647752 0.407957 0.628625 0.494272 0.733408 2 0.478427 0.722922 2 0.453261 0.705621 2 0.420639 0.683077 2 0.397803 0.661843 2 0.397337 0.640347 2
0 0.676235 0.645573 0.368632 0.735652 0.337171 0.701660 0.644773 0.611580 0.358190 0.713747 2 0.394075 0.702737 2 0.460251 0.682814 2 0.531089 0.658959 2 0.588877 0.646901 2 0.627091 0.632483 2
0 0.176993 0.329103 0.548159 0.475024 0.504938 0.509809 0.133772 0.363888 0.155412 0.351588 2 0.210297 0.369521 2 0.289182 0.396965 2 0.368874 0.427112 2 0.443439 0.459355 2 0.493771 0.480851 2