0 0.180377 0.070818 0.246250 0.074536 0.226283 0.186474 0.160410 0.182756 0.215315 0.079697 2 0.211121 0.092018 2 0.205528 0.114038 2 0.198072 0.137369 2 0.195276 0.157030 2 0.208791 0.180623 2
0 0.537895 0.125634 0.601345 0.139477 0.541913 0.225668 0.478463 0.211825 0.573304 0.136128 2 0.561653 0.144254 2 0.547672 0.163915 2 0.524837 0.187246 2 0.514584 0.205072 2 0.512720 0.222111 2
0 0.285159 0.304045 0.465016 0.352915 0.432964 0.390239 0.253108 0.341368 0.273458 0.326826 2 0.294250 0.330228 2 0.329407 0.340435 2 0.376283 0.351705 2 0.414087 0.359998 2 0.447354 0.354044 2
0 0.212294 0.594470 0.129748 0.601487 0.098974 0.486951 0.181520 0.479933 0.143339 0.486331 2 0.144271 0.502060 2 0.147533 0.533517 2 0.159184 0.559731 2 0.166641 0.576771 2 0.190408 0.588567 2
0 0.458118 0.605360 0.416770 0.637206 0.234032 0.562135 0.275379 0.530289 0.270566 0.548983 2 0.291537 0.558683 2 0.333947 0.576771 2 0.373559 0.594858 2 0.408046 0.607179 2 0.442066 0.606655 2
0 0.192873 0.310024 0.556368 0.465460 0.489830 0.514694 0.126335 0.359258 0.160110 0.340378 2 0.209519 0.357506 2 0.288227 0.390792 2 0.373830 0.423754 2 0.437601 0.457040 2 0.491031 0.481924 2
0 0.201054 0.788295 0.255610 0.794197 0.222735 0.890351 0.168179 0.884449 0.195168 0.884620 2 0.201227 0.873085 2 0.211014 0.849754 2 0.220334 0.825375 2 0.226393 0.808598 2 0.225927 0.791821 2
0 0.539209 0.727604 0.618376 0.727604 0.618376 0.865104 0.539209 0.865104 0.000000 0.000000 0 0.578379 0.753103 2 0.576488 0.773942 2 0.571952 0.806477 2 0.568928 0.830081 2 0.569306 0.850707 2
0 0.525028 0.716039 0.469861 0.738193 0.334053 0.631188 0.389220 0.609034 0.498395 0.723792 2 0.484148 0.712053 2 0.461088 0.698657 2 0.423663 0.673777 2 0.383213 0.646133 2 0.368091 0.627846 2
0 0.515105 0.700705 0.693064 0.745407 0.665944 0.779568 0.487985 0.734866 0.670898 0.762450 2 0.650106 0.757559 2 0.612302 0.746077 2 0.566560 0.733743 2 0.536695 0.725875 2 0.514769 0.713542 2
0 0.583070 0.750847 0.643923 0.774771 0.512581 0.880476 0.451728 0.856552 0.603986 0.769468 2 0.000000 0.000000 0 0.000000 0.000000 0 0.524976 0.820077 2 0.505318 0.839428 2 0.492087 0.863882 2
0 0.714541 0.636278 0.417904 0.743229 0.373310 0.704095 0.669948 0.597144 0.403627 0.719709 2 0.442186 0.706950 2 0.490197 0.688875 2 0.550683 0.668461 2 0.608522 0.647197 2 0.656533 0.626357 2