0 0.601178 0.504687 0.546845 0.510565 0.503688 0.384338 0.558021 0.378461 0.543100 0.384909 2 0.548620 0.398709 2 0.556593 0.420615 2 0.566712 0.449594 2 0.571926 0.477021 2 0.566406 0.494442 2
0 0.311670 0.480247 0.255645 0.491395 0.178486 0.368700 0.234512 0.357552 0.274509 0.478095 2 0.267763 0.463951 2 0.253963 0.440664 2 0.240471 0.414790 2 0.222378 0.390296 2 0.218085 0.377877 2
0 0.172389 0.508102 0.225715 0.511719 0.197609 0.642836 0.144283 0.639219 0.171325 0.636281 2 0.174061 0.624388 2 0.180529 0.597663 2 0.188489 0.567999 2 0.189733 0.545192 2 0.199185 0.532599 2
0 0.380345 0.657552 0.313730 0.663215 0.250513 0.427932 0.317128 0.422268 0.347671 0.653086 2 0.337551 0.629282 2 0.327738 0.583054 2 0.319765 0.529754 2 0.305046 0.472141 2 0.278674 0.440747 2
0 0.168379 0.631016 0.216456 0.635938 0.180358 0.747522 0.132281 0.742601 0.191781 0.638186 2 0.185811 0.653297 2 0.177105 0.680722 2 0.167404 0.705908 2 0.156707 0.732633 2 0.149991 0.749424 2
0 0.183513 0.874713 0.140108 0.877657 0.111276 0.743157 0.154681 0.740213 0.127993 0.742624 2 0.133738 0.757166 2 0.142930 0.783989 2 0.149825 0.815013 2 0.151548 0.845390 2 0.152373 0.864641 2
0 0.244646 0.744798 0.285075 0.754146 0.195329 0.876957 0.154900 0.867609 0.176091 0.871051 2 0.186211 0.858631 2 0.205530 0.831895 2 0.227609 0.803951 2 0.243249 0.780492 2 0.256741 0.767037 2
0 0.284273 0.690347 0.438554 0.749719 0.414141 0.769792 0.259860 0.710420 0.412816 0.756067 2 0.393190 0.749684 2 0.358538 0.737610 2 0.319899 0.722431 2 0.299047 0.711046 2 0.292301 0.689484 2
0 0.671086 0.812500 0.622465 0.815244 0.599606 0.687090 0.648227 0.684346 0.649172 0.810207 2 0.645770 0.799575 2 0.637831 0.775333 2 0.632917 0.747477 2 0.631027 0.721109 2 0.637075 0.706011 2
0 0.433264 0.786534 0.223830 0.833588 0.206511 0.809197 0.415946 0.762144 0.000000 0.000000 0 0.238603 0.817304 2 0.280145 0.807230 2 0.333378 0.794637 2 0.375665 0.788340 2 0.396809 0.780504 2
0 0.451616 0.936635 0.406186 0.954118 0.249388 0.825197 0.294818 0.807715 0.281021 0.825395 2 0.294339 0.841967 2 0.318553 0.865008 2 0.349022 0.891113 2 0.376666 0.912224 2 0.406327 0.926980 2
0 0.617973 0.670798 0.309641 0.728273 0.287981 0.691508 0.596313 0.634033 0.000000 0.000000 0 0.323774 0.702381 2 0.386957 0.695105 2 0.476259 0.687969 2 0.537949 0.672717 2 0.564814 0.653548 2