0 0.443698 0.133550 0.225295 0.137237 0.223751 0.108284 0.442154 0.104598 0.426329 0.121711 2 0.399650 0.119641 2 0.357025 0.116882 2 0.306427 0.114122 2 0.260122 0.121194 2 0.231297 0.128094 2
0 0.615789 0.199386 0.579012 0.210156 0.485804 0.109448 0.522580 0.098678 0.513112 0.108774 2 0.519552 0.119296 2 0.537338 0.138098 2 0.558803 0.157417 2 0.575976 0.178806 2 0.581803 0.198643 2
0 0.384527 0.262825 0.424619 0.266003 0.391049 0.400000 0.350957 0.396822 0.407365 0.269218 2 0.403072 0.282155 2 0.397552 0.302682 2 0.392339 0.329418 2 0.381606 0.357362 2 0.373633 0.378751 2
0 0.614472 0.570920 0.572068 0.575260 0.528738 0.441320 0.571142 0.436979 0.551389 0.447621 2 0.559706 0.463144 2 0.569913 0.490576 2 0.578608 0.516306 2 0.582766 0.542674 2 0.587303 0.562875 2
0 0.167062 0.446636 0.358544 0.500000 0.325583 0.537421 0.134101 0.484057 0.158061 0.466416 2 0.184428 0.474252 2 0.226467 0.485166 2 0.271740 0.499717 2 0.309550 0.512031 2 0.341390 0.519726 2
0 0.258643 0.446148 0.462802 0.488068 0.441877 0.520312 0.237719 0.478393 0.446612 0.502236 2 0.420742 0.496359 2 0.373479 0.486145 2 0.340146 0.480128 2 0.300097 0.473552 2 0.258059 0.468375 2
0 0.407253 0.671354 0.359574 0.683331 0.255344 0.552043 0.303023 0.540067 0.378967 0.672820 2 0.364788 0.658967 2 0.343893 0.632662 2 0.316779 0.597961 2 0.299616 0.570956 2 0.293148 0.548849 2
0 0.612346 0.636198 0.567124 0.649766 0.449907 0.526151 0.495129 0.512583 0.473338 0.523612 2 0.487765 0.539703 2 0.510899 0.559992 2 0.542988 0.589655 2 0.564629 0.616520 2 0.566868 0.638908 2
0 0.222994 0.854167 0.177611 0.861232 0.108561 0.720890 0.153944 0.713825 0.140975 0.725683 2 0.145616 0.745432 2 0.151669 0.769721 2 0.168821 0.801616 2 0.191219 0.820684 2 0.204896 0.838890 2
0 0.594756 0.744676 0.623310 0.762960 0.449708 0.848745 0.421154 0.830461 0.602257 0.755777 2 0.580868 0.767809 2 0.540512 0.788012 2 0.501164 0.804810 2 0.472713 0.818771 2 0.451123 0.828305 2
0 0.643827 0.672396 0.317518 0.758807 0.293364 0.729948 0.619674 0.643537 0.318489 0.743570 2 0.357791 0.732936 2 0.416496 0.717685 2 0.493609 0.693058 2 0.550076 0.674309 2 0.607786 0.672769 2
0 0.115770 0.312824 0.472509 0.456081 0.427464 0.491572 0.070725 0.348315 0.102521 0.334384 2 0.142999 0.347149 2 0.212303 0.372160 2 0.300006 0.404416 2 0.382189 0.443400 2 0.423281 0.473413 2