0 0.358635 0.063145 0.132017 0.108237 0.117364 0.084935 0.343981 0.039844 0.137338 0.096008 2 0.163457 0.085514 2 0.214699 0.075299 2 0.277136 0.063126 2 0.310468 0.056410 2 0.340070 0.054731 2
0 0.369617 0.111468 0.142386 0.161044 0.123479 0.133623 0.350710 0.084048 0.141281 0.146175 2 0.166156 0.138479 2 0.216901 0.127145 2 0.277845 0.117490 2 0.318641 0.108955 2 0.341277 0.096502 2
0 0.224722 0.090627 0.419609 0.110576 0.412500 0.132552 0.217613 0.112604 0.226852 0.104618 2 0.251229 0.106157 2 0.000000 0.000000 0 0.343018 0.115392 2 0.378341 0.118890 2 0.402718 0.123227 2
0 0.159086 0.111137 0.386052 0.123947 0.382203 0.145527 0.155237 0.132717 0.000000 0.000000 0 0.000000 0.000000 0 0.000000 0.000000 0 0.000000 0.000000 0 0.347523 0.127588 2 0.365858 0.145250 2
0 0.394733 0.182769 0.171835 0.204291 0.163633 0.177412 0.386530 0.155890 0.180543 0.194391 2 0.200116 0.187013 2 0.243902 0.179182 2 0.299190 0.171123 2 0.349635 0.173166 2 0.382929 0.176231 2
0 0.535185 0.187500 0.351498 0.250849 0.326819 0.228207 0.510507 0.164858 0.347875 0.242639 2 0.361460 0.231130 2 0.397470 0.214373 2 0.443137 0.194210 2 0.479637 0.186200 2 0.506644 0.185095 2
0 0.557390 0.215753 0.602770 0.220927 0.559259 0.341667 0.513879 0.336492 0.580596 0.218525 2 0.574139 0.234075 2 0.560973 0.265269 2 0.547656 0.294780 2 0.541804 0.311010 2 0.538967 0.334005 2
0 0.310185 0.413281 0.270698 0.417553 0.229798 0.297926 0.269285 0.293655 0.294084 0.410481 2 0.286870 0.397329 2 0.280154 0.371023 2 0.267467 0.343738 2 0.259507 0.314355 2 0.253537 0.293087 2
0 0.575889 0.396526 0.631481 0.402865 0.566864 0.582172 0.511271 0.575834 0.603156 0.405188 2 0.589050 0.427267 2 0.574638 0.467631 2 0.555932 0.513169 2 0.543665 0.546633 2 0.536919 0.568539 2
0 0.716796 0.606596 0.659666 0.616890 0.596266 0.505559 0.653396 0.495265 0.692282 0.608616 2 0.680322 0.595506 2 0.664989 0.571357 2 0.646590 0.544966 2 0.634324 0.524267 2 0.635244 0.502705 2
0 0.285873 0.565992 0.368981 0.566927 0.359851 0.823691 0.276742 0.822755 0.314824 0.815799 2 0.317657 0.786318 2 0.326156 0.736519 2 0.330405 0.675566 2 0.338196 0.618994 2 0.342445 0.581546 2
0 0.547862 0.775559 0.748901 0.823370 0.726811 0.852759 0.525772 0.804948 0.727897 0.838932 2 0.709805 0.835310 2 0.671473 0.827030 2 0.623328 0.814783 2 0.587175 0.803903 2 0.564225 0.791533 2