0 0.287671 0.431255 0.255802 0.441519 0.145961 0.333607 0.177830 0.323343 0.267457 0.433811 2 0.254140 0.420645 2 0.238804 0.404528 2 0.214884 0.372760 2 0.188268 0.352641 2 0.166769 0.344258 2
0 0.609071 0.535815 0.570719 0.537979 0.546679 0.403206 0.585031 0.401042 0.564547 0.413003 2 0.568267 0.425742 2 0.571027 0.443509 2 0.575014 0.472488 2 0.584827 0.502502 2 0.587586 0.522683 2
0 0.180497 0.535463 0.241466 0.540646 0.208577 0.663055 0.147607 0.657872 0.174314 0.655026 2 0.175928 0.642200 2 0.181376 0.620067 2 0.183394 0.589195 2 0.193079 0.566040 2 0.218504 0.550377 2
0 0.161527 0.655182 0.213253 0.659877 0.174115 0.796297 0.122389 0.791602 0.190228 0.661677 2 0.184172 0.675396 2 0.172878 0.703569 2 0.160765 0.732479 2 0.151435 0.760653 2 0.150126 0.782289 2
0 0.213395 0.921043 0.165889 0.928727 0.101769 0.803298 0.149275 0.795614 0.133118 0.807847 2 0.137538 0.823684 2 0.148177 0.849739 2 0.159962 0.880675 2 0.178294 0.909125 2 0.204874 0.923480 2
0 0.244318 0.710584 0.287719 0.715787 0.240624 0.840076 0.197223 0.834873 0.215766 0.834732 2 0.222150 0.823684 2 0.236063 0.799838 2 0.256686 0.771572 2 0.264543 0.744688 2 0.264216 0.725813 2
0 0.389831 0.765951 0.327262 0.784274 0.241278 0.691372 0.303847 0.673049 0.352931 0.774426 2 0.348839 0.763930 2 0.339181 0.738887 2 0.324450 0.708688 2 0.294660 0.694878 2 0.270317 0.689777 2
0 0.632716 0.625781 0.681790 0.625781 0.681790 0.750521 0.632716 0.750521 0.653816 0.744453 2 0.655781 0.730458 2 0.656108 0.700075 2 0.657417 0.667390 2 0.662000 0.649713 2 0.664619 0.637099 2
0 0.673816 0.633807 0.424225 0.738337 0.378445 0.703750 0.628035 0.599220 0.400933 0.710815 2 0.429452 0.704951 2 0.474530 0.692876 2 0.551807 0.675109 2 0.602098 0.646648 2 0.605778 0.616462 2
0 0.483642 0.765104 0.283502 0.840482 0.258280 0.819292 0.458420 0.743915 0.277223 0.826700 2 0.298334 0.818111 2 0.343211 0.804369 2 0.392470 0.788835 2 0.415971 0.775167 2 0.427523 0.760977 2
0 0.281906 0.831702 0.475309 0.939323 0.439180 0.959866 0.245777 0.852245 0.277108 0.843112 2 0.295090 0.856405 2 0.324057 0.874854 2 0.365659 0.897986 2 0.397250 0.915479 2 0.419347 0.928461 2
0 0.386325 0.677373 0.295988 0.682472 0.249850 0.423810 0.340187 0.418712 0.336578 0.673834 2 0.325538 0.647443 2 0.321552 0.598628 2 0.315419 0.552399 2 0.309899 0.481332 2 0.296713 0.448214 2