0 0.285857 0.279962 0.242363 0.292083 0.139478 0.175274 0.182972 0.163153 0.157289 0.171831 2 0.168992 0.185678 2 0.188968 0.207925 2 0.211770 0.233122 2 0.232150 0.255255 2 0.252126 0.273529 2
0 0.411632 0.339344 0.200890 0.357260 0.195326 0.336550 0.406068 0.318634 0.199509 0.346318 2 0.224655 0.342523 2 0.270653 0.338038 2 0.323704 0.333898 2 0.368476 0.332173 2 0.400368 0.332173 2
0 0.506576 0.322119 0.547757 0.351917 0.386353 0.422495 0.345171 0.392697 0.517628 0.340369 2 0.503263 0.351001 2 0.474532 0.368863 2 0.435972 0.383961 2 0.388718 0.392254 2 0.359944 0.396505 2
0 0.112022 0.399262 0.551355 0.444231 0.537202 0.487982 0.097869 0.443013 0.121801 0.422668 2 0.175282 0.425606 2 0.260355 0.432043 2 0.358612 0.442537 2 0.461097 0.455550 2 0.524777 0.467303 2
0 0.247886 0.609321 0.184557 0.619180 0.126160 0.500490 0.189489 0.490631 0.163180 0.501263 2 0.164713 0.517995 2 0.177899 0.544214 2 0.198445 0.571640 2 0.203658 0.592857 2 0.195992 0.610969 2
0 0.358664 0.590296 0.142717 0.634636 0.125097 0.607483 0.341044 0.563142 0.138182 0.620503 2 0.166701 0.616881 2 0.213006 0.610153 2 0.268203 0.601529 2 0.305002 0.592904 2 0.328921 0.580312 2
0 0.331223 0.764771 0.127592 0.809198 0.112203 0.786881 0.315834 0.742454 0.124064 0.798678 2 0.141726 0.792102 2 0.181526 0.783986 2 0.222570 0.773352 2 0.266101 0.765936 2 0.304409 0.762438 2
0 0.456068 0.659269 0.644404 0.713082 0.626139 0.733307 0.437803 0.679494 0.627948 0.724950 2 0.605688 0.718044 2 0.571806 0.705155 2 0.530068 0.691436 2 0.486201 0.681216 2 0.459030 0.674035 2
0 0.560438 0.665365 0.251401 0.758085 0.228613 0.734053 0.537650 0.641333 0.245134 0.745704 2 0.285929 0.733391 2 0.348614 0.711003 2 0.421250 0.685817 2 0.477467 0.669586 2 0.524481 0.657553 2
0 0.433971 0.723836 0.472103 0.739475 0.358462 0.827148 0.320329 0.811508 0.347760 0.821766 2 0.355428 0.813367 2 0.371974 0.798158 2 0.399214 0.767399 2 0.424033 0.751735 2 0.449458 0.744812 2
0 0.631271 0.866927 0.590948 0.869662 0.560378 0.727053 0.600701 0.724318 0.582841 0.733502 2 0.586463 0.752741 2 0.590228 0.777784 2 0.594647 0.812034 2 0.597757 0.828514 2 0.605777 0.846100 2
0 0.610184 0.738030 0.644543 0.750970 0.521086 0.854687 0.486727 0.841747 0.621144 0.753747 2 0.607913 0.765655 2 0.000000 0.000000 0 0.552449 0.799618 2 0.523048 0.825624 2 0.518318 0.845397 2