0 0.589749 0.129427 0.375039 0.161556 0.361381 0.132674 0.576090 0.100546 0.378766 0.147974 2 0.401826 0.140957 2 0.439252 0.136279 2 0.497469 0.128411 2 0.534139 0.120330 2 0.559959 0.118664 2
0 0.551997 0.242849 0.498545 0.255208 0.430025 0.161444 0.483477 0.149085 0.455776 0.159659 2 0.461574 0.170133 2 0.473840 0.192984 2 0.490832 0.221874 2 0.525142 0.235043 2 0.549555 0.235916 2
0 0.734287 0.221688 0.684591 0.226774 0.642989 0.098177 0.692686 0.093090 0.699117 0.219825 2 0.697376 0.202754 2 0.691655 0.179947 2 0.681954 0.150563 2 0.667309 0.119100 2 0.669576 0.096618 2
0 0.386931 0.242261 0.531194 0.336519 0.474704 0.363875 0.330441 0.269617 0.495654 0.351096 2 0.478788 0.339367 2 0.454869 0.323497 2 0.416844 0.300038 2 0.389245 0.277959 2 0.375446 0.258123 2
0 0.279213 0.414098 0.215662 0.429211 0.105827 0.283083 0.169378 0.267969 0.245965 0.415085 2 0.231984 0.395686 2 0.215207 0.368423 2 0.192371 0.334344 2 0.167671 0.302887 2 0.142039 0.284275 2
0 0.258158 0.566455 0.200551 0.569379 0.178902 0.434435 0.236508 0.431510 0.224027 0.561971 2 0.218435 0.545718 2 0.216105 0.523698 2 0.205852 0.491979 2 0.209580 0.465502 2 0.213120 0.445193 2
0 0.386600 0.542737 0.328627 0.553183 0.254461 0.422946 0.312434 0.412500 0.352406 0.540369 2 0.346357 0.526335 2 0.333126 0.506346 2 0.316114 0.479553 2 0.299859 0.450421 2 0.287762 0.427030 2
0 0.714913 0.539919 0.627635 0.583854 0.309111 0.383646 0.396389 0.339711 0.356186 0.368340 2 0.399282 0.393857 2 0.463926 0.430007 2 0.546338 0.482317 2 0.620433 0.521231 2 0.670712 0.549513 2
0 0.140101 0.755213 0.205425 0.756315 0.197191 0.910673 0.131866 0.909570 0.169796 0.905361 2 0.167932 0.888321 2 0.165136 0.863680 2 0.166068 0.825669 2 0.167466 0.792901 2 0.177253 0.768784 2
0 0.442001 0.734163 0.491138 0.765625 0.223020 0.898113 0.173884 0.866651 0.200127 0.877664 2 0.229183 0.864157 2 0.279894 0.838475 2 0.343372 0.808462 2 0.392743 0.777240 2 0.421262 0.754816 2
0 0.445767 0.887760 0.269672 0.934393 0.244101 0.903840 0.420196 0.857207 0.268006 0.918888 2 0.287938 0.913714 2 0.327803 0.904226 2 0.381468 0.891117 2 0.411213 0.878007 2 0.422253 0.862828 2
0 0.603880 0.759241 0.662897 0.765625 0.616911 0.900125 0.557894 0.893740 0.588275 0.891678 2 0.594333 0.875949 2 0.605518 0.854191 2 0.619965 0.820374 2 0.620431 0.795209 2 0.614839 0.777645 2