0 0.318939 0.070627 0.119175 0.093405 0.109959 0.067830 0.309722 0.045052 0.114459 0.079016 2 0.135082 0.074596 2 0.181077 0.068612 2 0.221506 0.065113 2 0.274702 0.062903 2 0.302691 0.063456 2
0 0.280426 0.080520 0.423870 0.105480 0.408123 0.134115 0.264679 0.109155 0.273690 0.099751 2 0.293465 0.100205 2 0.342901 0.100772 2 0.000000 0.000000 0 0.000000 0.000000 0 0.000000 0.000000 0
0 0.519907 0.108073 0.275142 0.133127 0.267298 0.108881 0.512064 0.083827 0.283578 0.121997 2 0.307186 0.115414 2 0.362070 0.108264 2 0.418771 0.103496 2 0.465988 0.101907 2 0.489394 0.103269 2
0 0.150714 0.092744 0.294907 0.158333 0.267210 0.177599 0.123017 0.112010 0.144585 0.102352 2 0.161736 0.109843 2 0.200680 0.125279 2 0.241844 0.140602 2 0.263636 0.165686 2 0.000000 0.000000 0
0 0.128652 0.142892 0.335558 0.176359 0.324537 0.197917 0.117631 0.164450 0.133084 0.153995 2 0.156692 0.157854 2 0.209962 0.166594 2 0.263232 0.174199 2 0.312063 0.185549 2 0.327197 0.201553 2
0 0.203493 0.244792 0.260648 0.244792 0.260648 0.369792 0.203493 0.369792 0.234655 0.366384 2 0.231670 0.351693 2 0.229182 0.322309 2 0.222963 0.288728 2 0.228685 0.266060 2 0.238137 0.250669 2
0 0.357660 0.185156 0.598148 0.185156 0.598148 0.209115 0.357660 0.209115 0.369816 0.197673 2 0.392819 0.195176 2 0.443467 0.193247 2 0.503194 0.194268 2 0.540523 0.195176 2 0.568571 0.197560 2
0 0.531413 0.211184 0.587037 0.214323 0.565191 0.336798 0.509567 0.333659 0.559382 0.218760 2 0.555402 0.230793 2 0.547940 0.259338 2 0.538487 0.296837 2 0.539482 0.313627 2 0.552417 0.332237 2
0 0.592475 0.316876 0.657407 0.330208 0.543141 0.506291 0.478208 0.492958 0.617483 0.335740 2 0.602558 0.353930 2 0.578180 0.387931 2 0.540619 0.430887 2 0.528928 0.464049 2 0.537385 0.488535 2
0 0.700856 0.586089 0.658347 0.599152 0.553704 0.491406 0.596213 0.478343 0.680429 0.589824 2 0.666002 0.577371 2 0.647346 0.558341 2 0.617744 0.533575 2 0.594859 0.505731 2 0.598342 0.488800 2
0 0.265083 0.550710 0.340445 0.554535 0.299536 0.809529 0.224173 0.805703 0.267969 0.797362 2 0.267969 0.763430 2 0.277161 0.710108 2 0.290949 0.652908 2 0.293822 0.601525 2 0.281183 0.564684 2
0 0.661900 0.800406 0.610725 0.813608 0.516549 0.698101 0.567724 0.684899 0.632895 0.803889 2 0.625535 0.794229 2 0.607442 0.769563 2 0.587510 0.740584 2 0.565737 0.716090 2 0.538445 0.702463 2