0 0.248535 0.109486 0.453034 0.128049 0.445474 0.154401 0.240975 0.135837 0.442769 0.142892 2 0.417010 0.138752 2 0.379598 0.131680 2 0.329307 0.123228 2 0.279629 0.123228 2 0.249576 0.131852 2
0 0.623206 0.199630 0.572999 0.220222 0.463477 0.135727 0.513685 0.115136 0.491833 0.127368 2 0.506553 0.135302 2 0.539671 0.151689 2 0.571563 0.170318 2 0.584136 0.193777 2 0.572483 0.210509 2
0 0.380960 0.254777 0.425171 0.257272 0.401709 0.388802 0.357499 0.386307 0.408480 0.261424 2 0.404187 0.274188 2 0.397440 0.299890 2 0.390080 0.327488 2 0.385787 0.348015 2 0.385174 0.370439 2
0 0.126100 0.454204 0.343515 0.510291 0.328001 0.529320 0.110586 0.473232 0.123627 0.464733 2 0.152482 0.473128 2 0.191785 0.482783 2 0.240789 0.494676 2 0.286808 0.506710 2 0.323125 0.508389 2
0 0.122584 0.316067 0.480753 0.462962 0.438119 0.495853 0.079950 0.348958 0.109172 0.336828 2 0.151184 0.352524 2 0.212821 0.374776 2 0.287032 0.408585 2 0.383321 0.448603 2 0.422879 0.466370 2
0 0.531427 0.584540 0.493734 0.594522 0.389581 0.470076 0.427273 0.460095 0.411036 0.469220 2 0.423609 0.482847 2 0.448141 0.506133 2 0.471753 0.537527 2 0.495132 0.562539 2 0.513265 0.579609 2
0 0.598615 0.533875 0.543591 0.538237 0.512335 0.413473 0.567359 0.409112 0.536406 0.416578 2 0.538894 0.430571 2 0.542874 0.456316 2 0.552078 0.488079 2 0.564266 0.513545 2 0.582425 0.525858 2
0 0.292762 0.469752 0.491744 0.510608 0.480888 0.527337 0.281907 0.486480 0.485490 0.520598 2 0.000000 0.000000 0 0.000000 0.000000 0 0.392871 0.501034 2 0.340798 0.486496 2 0.307574 0.479853 2
0 0.395228 0.664323 0.355725 0.674784 0.250465 0.549017 0.289968 0.538556 0.375416 0.666654 2 0.362905 0.654622 2 0.342674 0.634484 2 0.313314 0.604862 2 0.290013 0.572356 2 0.280226 0.552958 2
0 0.191524 0.815625 0.145310 0.820895 0.097639 0.688612 0.143853 0.683342 0.122741 0.693774 2 0.124274 0.713093 2 0.132247 0.736207 2 0.142674 0.770016 2 0.154326 0.791922 2 0.174566 0.815899 2
0 0.684159 0.683372 0.333757 0.778583 0.294363 0.732711 0.644765 0.637500 0.317483 0.747488 2 0.357532 0.736994 2 0.416984 0.719364 2 0.489868 0.698096 2 0.557777 0.684943 2 0.608771 0.675988 2
0 0.589154 0.752065 0.623179 0.772992 0.444455 0.864934 0.410430 0.844007 0.590672 0.767345 2 0.566862 0.780171 2 0.534779 0.795040 2 0.498862 0.812292 2 0.465568 0.836014 2 0.442161 0.851790 2