0 0.247068 0.413021 0.194585 0.433218 0.087976 0.345563 0.140459 0.325367 0.120072 0.337727 2 0.129972 0.347653 2 0.155730 0.367662 2 0.186396 0.390776 2 0.201422 0.404748 2 0.202342 0.424585 2
0 0.289884 0.306562 0.492818 0.352155 0.476520 0.375107 0.273586 0.329514 0.287562 0.319825 2 0.311776 0.324365 2 0.360607 0.333559 2 0.420334 0.343320 2 0.447345 0.353152 2 0.465308 0.369481 2
0 0.110516 0.468539 0.333620 0.471049 0.332694 0.497086 0.109590 0.494576 0.331657 0.482352 2 0.301310 0.482912 2 0.243351 0.485850 2 0.192606 0.487529 2 0.144597 0.480813 2 0.115990 0.473537 2
0 0.192510 0.706810 0.145952 0.712392 0.098496 0.587150 0.145053 0.581568 0.120235 0.591583 2 0.125459 0.606975 2 0.137150 0.629082 2 0.151577 0.657067 2 0.157050 0.685471 2 0.157576 0.701825 2
0 0.275768 0.553806 0.313068 0.571123 0.180891 0.661207 0.143591 0.643891 0.162377 0.649533 2 0.176098 0.638183 2 0.207979 0.619342 2 0.240062 0.595847 2 0.263065 0.581432 2 0.280419 0.564293 2
0 0.357169 0.434956 0.432840 0.443142 0.354012 0.673698 0.278342 0.665512 0.319530 0.663452 2 0.326335 0.634745 2 0.350529 0.579670 2 0.379638 0.524595 2 0.392491 0.483767 2 0.376614 0.451445 2
0 0.492903 0.696907 0.216224 0.783961 0.188069 0.755649 0.464748 0.668594 0.208026 0.767929 2 0.241724 0.757033 2 0.308917 0.736376 2 0.379338 0.712767 2 0.000000 0.000000 0 0.000000 0.000000 0
0 0.629475 0.707812 0.433714 0.710015 0.432772 0.683531 0.628534 0.681328 0.620512 0.696805 2 0.595491 0.695784 2 0.553319 0.695557 2 0.501461 0.693514 2 0.470589 0.695443 2 0.445164 0.699756 2
0 0.358588 0.838877 0.130123 0.896266 0.112441 0.873994 0.340906 0.816604 0.128371 0.884847 2 0.148768 0.879810 2 0.193543 0.868896 2 0.246278 0.854064 2 0.287820 0.847488 2 0.316675 0.840771 2
0 0.423570 0.839257 0.209782 0.901863 0.187503 0.877791 0.401291 0.815184 0.198586 0.890489 2 0.219209 0.882755 2 0.263403 0.867748 2 0.319709 0.852280 2 0.359483 0.844546 2 0.393201 0.837641 2
0 0.488120 0.818010 0.684678 0.905604 0.651138 0.929417 0.454581 0.841823 0.656744 0.916434 2 0.632615 0.905380 2 0.595303 0.886771 2 0.552766 0.867042 2 0.502767 0.845913 2 0.471425 0.840736 2
0 0.448692 0.859348 0.635907 0.880695 0.626007 0.908167 0.438792 0.886820 0.000000 0.000000 0 0.000000 0.000000 0 0.000000 0.000000 0 0.544205 0.878955 2 0.499127 0.872401 2 0.451595 0.880853 2