0 0.570623 0.125000 0.350365 0.163325 0.334599 0.134658 0.554858 0.096332 0.353476 0.148787 2 0.378642 0.142233 2 0.408468 0.136728 2 0.452741 0.128602 2 0.518452 0.117329 2 0.545948 0.111824 2
0 0.548708 0.273963 0.496751 0.279281 0.455588 0.152037 0.507544 0.146718 0.485188 0.156410 2 0.489788 0.165379 2 0.496841 0.183146 2 0.505120 0.210917 2 0.518307 0.243174 2 0.509720 0.265253 2
0 0.274656 0.416970 0.222548 0.431128 0.103446 0.292438 0.155554 0.278280 0.244483 0.419931 2 0.228844 0.402854 2 0.207378 0.377325 2 0.176099 0.339032 2 0.157700 0.310570 2 0.133168 0.294701 2
0 0.237897 0.236719 0.548870 0.420467 0.467822 0.463866 0.156849 0.280118 0.212591 0.265722 2 0.245403 0.281764 2 0.307041 0.303671 2 0.384011 0.337824 2 0.460675 0.397334 2 0.481220 0.442355 2
0 0.483343 0.321936 0.613678 0.414323 0.573945 0.432059 0.443609 0.339672 0.591799 0.426438 2 0.576773 0.412466 2 0.560827 0.394872 2 0.535988 0.371758 2 0.500109 0.351576 2 0.472204 0.340881 2
0 0.659650 0.248841 0.711689 0.248841 0.711689 0.389440 0.659650 0.389440 0.690848 0.383142 2 0.689928 0.365991 2 0.685733 0.343412 2 0.675391 0.302693 2 0.683435 0.276194 2 0.690329 0.260035 2
0 0.262243 0.632511 0.196830 0.637697 0.165836 0.513980 0.231248 0.508794 0.239265 0.632425 2 0.236003 0.614075 2 0.229945 0.589433 2 0.227148 0.553519 2 0.214100 0.535694 2 0.194060 0.520227 2
0 0.118364 0.814844 0.174846 0.814844 0.174846 0.965365 0.118364 0.965365 0.136200 0.961267 2 0.136666 0.946063 2 0.139462 0.914868 2 0.150181 0.876595 2 0.154375 0.847235 2 0.146918 0.828623 2
0 0.408151 0.897938 0.198192 0.939715 0.180165 0.911048 0.390123 0.869271 0.197754 0.928256 2 0.221137 0.923079 2 0.265912 0.909926 2 0.311433 0.897193 2 0.351980 0.891876 2 0.373870 0.894115 2
0 0.665586 0.901302 0.460629 0.936965 0.444713 0.908022 0.649670 0.872359 0.464664 0.922100 2 0.488544 0.918322 2 0.525608 0.913145 2 0.574861 0.907128 2 0.624611 0.890057 2 0.654710 0.882781 2
0 0.484942 0.750390 0.429621 0.760358 0.353321 0.626374 0.408642 0.616406 0.461618 0.750317 2 0.453301 0.736921 2 0.441960 0.719058 2 0.424192 0.680995 2 0.409449 0.654202 2 0.380340 0.637403 2
0 0.487901 0.656794 0.540599 0.680278 0.326178 0.832517 0.273480 0.809032 0.305039 0.814670 2 0.325453 0.800210 2 0.365525 0.771503 2 0.420718 0.728549 2 0.471375 0.692825 2 0.521654 0.681554 2