0 0.586382 0.117357 0.359989 0.158149 0.338748 0.120850 0.565142 0.080058 0.364046 0.138700 2 0.389667 0.132264 2 0.436681 0.124708 2 0.488919 0.115613 2 0.527475 0.109316 2 0.556828 0.103580 2
0 0.568827 0.265625 0.504503 0.270355 0.475166 0.144134 0.539491 0.139404 0.506340 0.145454 2 0.509574 0.159026 2 0.517285 0.182673 2 0.527484 0.211357 2 0.531713 0.240041 2 0.530469 0.259350 2
0 0.306047 0.423614 0.247068 0.440885 0.116712 0.300041 0.175690 0.282769 0.280452 0.423152 2 0.258986 0.403661 2 0.230467 0.380202 2 0.189069 0.344323 2 0.168216 0.316379 2 0.156870 0.298785 2
0 0.175772 0.218229 0.529414 0.372615 0.474383 0.412500 0.120740 0.258114 0.157866 0.247465 2 0.210721 0.260715 2 0.273918 0.280751 2 0.396864 0.326317 2 0.439378 0.361542 2 0.487063 0.395474 2
0 0.524586 0.317225 0.653548 0.425380 0.602883 0.444494 0.473922 0.336339 0.625662 0.432845 2 0.607953 0.420787 2 0.590244 0.401388 2 0.556689 0.370717 2 0.525931 0.352105 2 0.508688 0.334804 2
0 0.672068 0.272656 0.728549 0.272656 0.728549 0.407292 0.672068 0.407292 0.696770 0.400806 2 0.697345 0.383032 2 0.697345 0.362026 2 0.699068 0.333264 2 0.700792 0.299332 2 0.700792 0.279296 2
0 0.281845 0.646933 0.227282 0.650634 0.195283 0.501357 0.249846 0.497656 0.257760 0.639614 2 0.251535 0.622080 2 0.242918 0.593319 2 0.236023 0.562295 2 0.232576 0.534826 2 0.235449 0.517052 2
0 0.507253 0.802604 0.454999 0.807046 0.418401 0.670835 0.470655 0.666392 0.480252 0.799413 2 0.475716 0.782614 2 0.470045 0.757309 2 0.453412 0.723074 2 0.441693 0.697343 2 0.440722 0.679116 2
0 0.124383 0.825781 0.177161 0.825781 0.177161 0.969271 0.124383 0.969271 0.142123 0.962854 2 0.146719 0.948635 2 0.153613 0.919550 2 0.165678 0.879478 2 0.165678 0.852979 2 0.154188 0.834881 2
0 0.410972 0.887438 0.212943 0.937182 0.190019 0.908308 0.388049 0.858563 0.211639 0.923428 2 0.230598 0.917611 2 0.261622 0.905331 2 0.305285 0.892081 2 0.348948 0.884972 2 0.377674 0.885941 2
0 0.668599 0.921716 0.428381 0.925771 0.426791 0.895974 0.667009 0.891920 0.440296 0.909855 2 0.467873 0.908240 2 0.512111 0.906624 2 0.576456 0.910825 2 0.626439 0.908563 2 0.642525 0.896606 2
0 0.573346 0.650261 0.348170 0.816600 0.290411 0.791860 0.515586 0.625521 0.333404 0.800167 2 0.354376 0.783128 2 0.390727 0.749049 2 0.433136 0.711562 2 0.483933 0.678532 2 0.535197 0.663852 2