0 0.564660 0.098438 0.343515 0.149570 0.319902 0.117257 0.541047 0.066125 0.341481 0.134446 2 0.367130 0.125048 2 0.412821 0.115216 2 0.471086 0.103659 2 0.505124 0.096759 2 0.534870 0.090377 2
0 0.490530 0.131771 0.541512 0.131771 0.541512 0.268229 0.490530 0.268229 0.515662 0.135984 2 0.516040 0.149594 2 0.516040 0.169582 2 0.517174 0.202968 2 0.517930 0.236140 2 0.520576 0.258468 2
0 0.138742 0.220978 0.522531 0.325260 0.477946 0.377177 0.094157 0.272895 0.130433 0.243571 2 0.184098 0.253576 2 0.273641 0.270998 2 0.378210 0.298424 2 0.449967 0.330680 2 0.465300 0.370181 2
0 0.335815 0.433832 0.271145 0.456638 0.137201 0.336463 0.201871 0.313657 0.297573 0.444839 2 0.274201 0.424123 2 0.249412 0.398626 2 0.213292 0.367950 2 0.177171 0.348030 2 0.151089 0.333069 2
0 0.678538 0.432109 0.634019 0.455909 0.488758 0.369940 0.533276 0.346139 0.654473 0.439976 2 0.637607 0.430489 2 0.606942 0.416690 2 0.567690 0.397716 2 0.536411 0.377879 2 0.518319 0.363217 2
0 0.716681 0.436153 0.660999 0.439295 0.635831 0.298195 0.691512 0.295052 0.690658 0.435147 2 0.688205 0.418587 2 0.680232 0.396163 2 0.666433 0.361665 2 0.663673 0.335791 2 0.665819 0.313367 2
0 0.201641 0.525000 0.270623 0.525000 0.270623 0.662240 0.201641 0.662240 0.240878 0.660169 2 0.237811 0.643955 2 0.236584 0.619806 2 0.231065 0.582030 2 0.225852 0.553396 2 0.227998 0.537354 2
0 0.424560 0.744582 0.491456 0.751042 0.454385 0.872521 0.387488 0.866062 0.428362 0.864558 2 0.429357 0.854204 2 0.435079 0.832936 2 0.443536 0.799074 2 0.446770 0.775148 2 0.435825 0.754579 2
0 0.516585 0.604693 0.584000 0.634124 0.369703 0.789441 0.302288 0.760010 0.344299 0.771695 2 0.363406 0.753607 2 0.397893 0.725557 2 0.444496 0.683614 2 0.492964 0.652681 2 0.539101 0.633807 2
0 0.112753 0.819010 0.175716 0.819010 0.175716 0.962500 0.112753 0.962500 0.144691 0.957336 2 0.141624 0.944744 2 0.143158 0.918008 2 0.144998 0.878162 2 0.143771 0.857118 2 0.143771 0.833314 2
0 0.380345 0.878385 0.190272 0.936794 0.161287 0.906951 0.351361 0.848542 0.183709 0.917153 2 0.206594 0.911416 2 0.243907 0.900363 2 0.294403 0.884132 2 0.319527 0.873498 2 0.340671 0.858386 2
0 0.370806 0.877095 0.600971 0.891394 0.592817 0.932917 0.362653 0.918618 0.363012 0.898978 2 0.392098 0.900343 2 0.436844 0.901400 2 0.495347 0.903971 2 0.539992 0.906866 2 0.565323 0.911344 2