0 0.357802 0.071057 0.132952 0.082471 0.128237 0.053080 0.353086 0.041667 0.134468 0.074454 2 0.155627 0.066519 2 0.193653 0.058412 2 0.256210 0.050995 2 0.316314 0.055824 2 0.343300 0.068071 2
0 0.428086 0.100000 0.201407 0.132558 0.192082 0.112014 0.418761 0.079457 0.196948 0.123619 2 0.224574 0.116925 2 0.271146 0.109697 2 0.327853 0.099522 2 0.379245 0.093445 2 0.413291 0.093906 2
0 0.178168 0.080978 0.330145 0.117121 0.302104 0.154427 0.150128 0.118284 0.162667 0.110637 2 0.188786 0.108258 2 0.000000 0.000000 0 0.000000 0.000000 0 0.303460 0.126168 2 0.290525 0.148975 2
0 0.251268 0.083818 0.464614 0.097072 0.460492 0.118067 0.247146 0.104812 0.250041 0.095899 2 0.273175 0.096739 2 0.000000 0.000000 0 0.000000 0.000000 0 0.399292 0.105974 2 0.429142 0.102615 2
0 0.379679 0.170140 0.157805 0.180145 0.154824 0.159224 0.376698 0.149219 0.163630 0.166888 2 0.186894 0.164647 2 0.230695 0.160066 2 0.288404 0.158250 2 0.340464 0.162450 2 0.368108 0.169373 2
0 0.594035 0.203665 0.366049 0.204948 0.365524 0.175378 0.593509 0.174096 0.373552 0.195522 2 0.399581 0.189506 2 0.445587 0.184512 2 0.500472 0.177929 2 0.537398 0.183377 2 0.562217 0.193365 2
0 0.558175 0.203626 0.609194 0.208258 0.574830 0.328033 0.523812 0.323402 0.583944 0.207694 2 0.578496 0.219384 2 0.570021 0.244922 2 0.554888 0.274773 2 0.548632 0.297701 2 0.547825 0.316429 2
0 0.574833 0.351083 0.647021 0.359315 0.580556 0.543750 0.508368 0.535519 0.599002 0.365086 2 0.594764 0.381544 2 0.579025 0.423086 2 0.561067 0.462244 2 0.551987 0.494819 2 0.551180 0.520243 2
0 0.305401 0.382031 0.256971 0.385593 0.227257 0.257750 0.275688 0.254188 0.279329 0.377591 2 0.273196 0.364827 2 0.265837 0.341713 2 0.254797 0.310319 2 0.249277 0.282548 2 0.251117 0.261331 2
0 0.716744 0.590629 0.672652 0.600249 0.595488 0.488340 0.639580 0.478721 0.693973 0.590230 2 0.684023 0.577077 2 0.663626 0.555109 2 0.639745 0.528244 2 0.621926 0.505382 2 0.616912 0.490375 2
0 0.281718 0.548437 0.359126 0.548873 0.354563 0.805509 0.277155 0.805074 0.310304 0.800195 2 0.309838 0.772408 2 0.309372 0.715261 2 0.314498 0.650249 2 0.323819 0.604898 2 0.327547 0.569509 2
0 0.728704 0.818750 0.683771 0.837568 0.541667 0.730208 0.586599 0.711390 0.698166 0.822657 2 0.684236 0.813702 2 0.652147 0.792154 2 0.622297 0.771725 2 0.593939 0.746959 2 0.576278 0.735345 2