0 0.280754 0.113284 0.486460 0.159500 0.469913 0.182803 0.264207 0.136587 0.471240 0.169870 2 0.449314 0.164554 2 0.413022 0.156049 2 0.369926 0.146905 2 0.315111 0.138399 2 0.282600 0.130318 2
0 0.514353 0.140953 0.681278 0.216883 0.653102 0.236482 0.486177 0.160552 0.498458 0.152221 2 0.521140 0.160514 2 0.560078 0.178164 2 0.603552 0.196451 2 0.630015 0.208147 2 0.640978 0.225371 2
0 0.470216 0.357031 0.415415 0.363602 0.371874 0.248695 0.426676 0.242125 0.400387 0.247283 2 0.406854 0.260995 2 0.418545 0.287720 2 0.437948 0.316544 2 0.441355 0.338813 2 0.424764 0.354883 2
0 0.131345 0.279969 0.432883 0.428733 0.343110 0.486308 0.041572 0.337544 0.099868 0.317979 2 0.154305 0.335416 2 0.239120 0.363084 2 0.342740 0.414348 2 0.000000 0.000000 0 0.362321 0.463209 2
0 0.114460 0.413302 0.259282 0.527218 0.222068 0.542188 0.077246 0.428272 0.097552 0.426468 2 0.116831 0.439439 2 0.148208 0.457514 2 0.184500 0.479629 2 0.211718 0.502808 2 0.213231 0.524497 2
0 0.491832 0.489115 0.469385 0.504389 0.288673 0.420356 0.311120 0.405083 0.305849 0.414773 2 0.328909 0.425192 2 0.373896 0.441141 2 0.420016 0.460279 2 0.450637 0.480905 2 0.466515 0.498980 2
0 0.565650 0.372308 0.631271 0.383726 0.563463 0.507028 0.497843 0.495610 0.592022 0.384364 2 0.581059 0.398611 2 0.565182 0.421577 2 0.544390 0.445819 2 0.534939 0.472399 2 0.548548 0.494302 2
0 0.369201 0.506778 0.579949 0.543449 0.569225 0.562949 0.358477 0.526279 0.566972 0.549379 2 0.538863 0.544202 2 0.500805 0.538186 2 0.443592 0.527691 2 0.411503 0.523214 2 0.382150 0.518177 2
0 0.164355 0.757808 0.115726 0.762222 0.074653 0.619061 0.123283 0.614647 0.098154 0.625259 2 0.102313 0.643547 2 0.114032 0.665237 2 0.133311 0.694156 2 0.136714 0.722651 2 0.128019 0.747743 2
0 0.429929 0.663512 0.388846 0.678985 0.239781 0.553754 0.280864 0.538281 0.403877 0.664560 2 0.389771 0.653693 2 0.365852 0.629716 2 0.330280 0.599530 2 0.300534 0.580424 2 0.274775 0.566412 2
0 0.612496 0.725151 0.297669 0.766615 0.276685 0.716204 0.591512 0.674740 0.299017 0.734352 2 0.341335 0.736939 2 0.419839 0.735732 2 0.502022 0.728832 2 0.554460 0.709513 2 0.581752 0.684674 2
0 0.643280 0.860915 0.591338 0.878034 0.480090 0.771232 0.532032 0.754113 0.621009 0.867728 2 0.599083 0.859010 2 0.565816 0.840722 2 0.551829 0.818395 2 0.538976 0.793302 2 0.522342 0.770975 2