0 0.314455 0.287260 0.280526 0.303335 0.135816 0.206694 0.169745 0.190619 0.160863 0.203267 2 0.176783 0.214461 2 0.202156 0.233071 2 0.226782 0.251121 2 0.258622 0.271270 2 0.289467 0.285822 2
0 0.397389 0.341614 0.178058 0.347787 0.175885 0.323361 0.395216 0.317188 0.183340 0.335964 2 0.205479 0.334285 2 0.255229 0.331487 2 0.306721 0.329108 2 0.344531 0.331067 2 0.373386 0.338623 2
0 0.494348 0.326896 0.529475 0.355729 0.344691 0.426961 0.309564 0.398128 0.511637 0.344865 2 0.488025 0.353490 2 0.453680 0.364530 2 0.403695 0.378674 2 0.361070 0.392819 2 0.336231 0.403686 2
0 0.166572 0.406661 0.608179 0.441667 0.594493 0.496297 0.152886 0.461291 0.169787 0.434408 2 0.230482 0.436087 2 0.309087 0.440285 2 0.416797 0.449380 2 0.502616 0.460574 2 0.566296 0.467010 2
0 0.124383 0.496354 0.189198 0.496354 0.189198 0.641667 0.124383 0.641667 0.154668 0.506146 2 0.151908 0.520980 2 0.156201 0.544267 2 0.161721 0.569106 2 0.162641 0.600327 2 0.148841 0.621371 2
0 0.344717 0.591723 0.113658 0.630508 0.101195 0.607014 0.332253 0.568229 0.122973 0.618555 2 0.000000 0.000000 0 0.188752 0.607073 2 0.246591 0.595590 2 0.288931 0.593889 2 0.320308 0.595377 2
0 0.563735 0.659115 0.244771 0.761842 0.214409 0.732012 0.533372 0.629285 0.244844 0.743319 2 0.282157 0.730726 2 0.343350 0.712116 2 0.413249 0.688049 2 0.470710 0.669580 2 0.517475 0.653908 2
0 0.094753 0.750000 0.321350 0.764078 0.316622 0.788155 0.090026 0.774077 0.102145 0.764972 2 0.125552 0.767582 2 0.172567 0.768944 2 0.226240 0.772349 2 0.267202 0.773825 2 0.298882 0.775868 2
0 0.403695 0.740225 0.445679 0.760938 0.304440 0.851520 0.262457 0.830807 0.291242 0.833293 2 0.303846 0.824915 2 0.331508 0.805672 2 0.364407 0.782286 2 0.393870 0.770501 2 0.418095 0.767187 2
0 0.643364 0.854688 0.590112 0.860138 0.548566 0.731709 0.601817 0.726259 0.573913 0.734033 2 0.578554 0.751399 2 0.584204 0.772851 2 0.589905 0.798393 2 0.595453 0.821204 2 0.600077 0.839002 2
0 0.595200 0.732528 0.645431 0.746880 0.544519 0.858626 0.494288 0.844273 0.620221 0.749787 2 0.606145 0.762216 2 0.000000 0.000000 0 0.560875 0.793985 2 0.534414 0.816885 2 0.516643 0.840226 2
0 0.476927 0.645323 0.649593 0.695887 0.618193 0.729813 0.445527 0.679249 0.627307 0.712971 2 0.607158 0.706954 2 0.568602 0.695200 2 0.525071 0.682327 2 0.492236 0.672113 2 0.475818 0.661199 2