0 0.410319 0.316326 0.376856 0.319171 0.343642 0.195553 0.377104 0.192708 0.394525 0.313535 2 0.389399 0.295185 2 0.383340 0.270019 2 0.370757 0.233843 2 0.367495 0.217328 2 0.361437 0.200813 2
0 0.335387 0.124466 0.529419 0.135417 0.525193 0.159111 0.331161 0.148160 0.337669 0.136326 2 0.359573 0.136063 2 0.399185 0.137636 2 0.453245 0.142355 2 0.490994 0.144452 2 0.516626 0.155724 2
0 0.476004 0.043645 0.710438 0.094792 0.691974 0.121568 0.457541 0.070421 0.697913 0.109063 2 0.668087 0.099101 2 0.625212 0.087567 2 0.573016 0.076033 2 0.526879 0.071576 2 0.494256 0.064236 2
0 0.601641 0.365104 0.562758 0.373088 0.484194 0.252022 0.523077 0.244038 0.508788 0.256485 2 0.518738 0.267959 2 0.534907 0.289227 2 0.553066 0.315952 2 0.570727 0.341138 2 0.578190 0.362547 2
0 0.253518 0.447972 0.207672 0.455668 0.128956 0.307292 0.174803 0.299596 0.232370 0.446008 2 0.218389 0.428444 2 0.199748 0.403016 2 0.175048 0.368675 2 0.165727 0.338267 2 0.177378 0.314674 2
0 0.241221 0.397676 0.289604 0.405208 0.234791 0.516614 0.186408 0.509082 0.213344 0.505196 2 0.221623 0.486394 2 0.236036 0.462590 2 0.258115 0.434301 2 0.247076 0.416362 2 0.000000 0.000000 0
0 0.321617 0.547831 0.283869 0.548043 0.281487 0.414014 0.319234 0.413802 0.303577 0.543923 2 0.303577 0.527272 2 0.000000 0.000000 0 0.303080 0.475081 2 0.300343 0.448916 2 0.296612 0.426948 2
0 0.271066 0.467765 0.725716 0.546875 0.699231 0.595035 0.244581 0.515926 0.270980 0.493343 2 0.329575 0.498872 2 0.413121 0.509079 2 0.529556 0.526091 2 0.618017 0.549482 2 0.681905 0.574574 2
0 0.608797 0.758254 0.567801 0.762928 0.522220 0.636445 0.563216 0.631771 0.585535 0.757557 2 0.582550 0.744264 2 0.574341 0.724395 2 0.563148 0.693193 2 0.551323 0.664089 2 0.536475 0.648355 2
0 0.173213 0.701952 0.220937 0.702488 0.215963 0.842373 0.168239 0.841836 0.187492 0.834730 2 0.188249 0.817506 2 0.191651 0.790075 2 0.196187 0.756052 2 0.198077 0.734787 2 0.193163 0.714586 2
0 0.406067 0.768519 0.448894 0.795394 0.183860 0.929024 0.141033 0.902149 0.167764 0.912682 2 0.195669 0.901125 2 0.240441 0.876631 2 0.304531 0.842650 2 0.354516 0.817466 2 0.393746 0.796700 2
0 0.563216 0.856510 0.365590 0.918691 0.336436 0.889374 0.534062 0.827193 0.357883 0.901621 2 0.377816 0.896792 2 0.413694 0.882820 2 0.467359 0.865225 2 0.507837 0.853841 2 0.530223 0.851598 2