0 0.296914 0.108519 0.499569 0.138844 0.488272 0.162731 0.285617 0.132406 0.296150 0.122899 2 0.318842 0.126521 2 0.361774 0.132903 2 0.404399 0.140148 2 0.445797 0.145495 2 0.471286 0.146537 2
0 0.346370 0.178843 0.403956 0.179167 0.401630 0.310002 0.344044 0.309678 0.368985 0.300963 2 0.368985 0.284033 2 0.364508 0.256048 2 0.358040 0.221208 2 0.365752 0.202878 2 0.383413 0.188046 2
0 0.711930 0.087466 0.507660 0.126823 0.485797 0.090919 0.690067 0.051563 0.691735 0.069803 2 0.661387 0.070923 2 0.613627 0.075960 2 0.555668 0.084215 2 0.525072 0.094849 2 0.515122 0.113739 2
0 0.267583 0.471258 0.225034 0.474387 0.196185 0.350264 0.238735 0.347135 0.240625 0.466167 2 0.236792 0.452320 2 0.232756 0.428711 2 0.230536 0.395569 2 0.218026 0.372074 2 0.208946 0.356751 2
0 0.253485 0.522891 0.207264 0.527891 0.153552 0.370794 0.199774 0.365793 0.226685 0.519829 2 0.216192 0.502123 2 0.204892 0.475904 2 0.192987 0.435724 2 0.189961 0.409165 2 0.188144 0.384081 2
0 0.285543 0.415988 0.329475 0.417969 0.311834 0.541742 0.267902 0.539761 0.000000 0.000000 0 0.000000 0.000000 0 0.290516 0.515398 2 0.292356 0.479519 2 0.298489 0.449160 2 0.314128 0.430359 2
0 0.625826 0.557852 0.154057 0.579127 0.148447 0.539765 0.620216 0.518490 0.164664 0.561725 2 0.230064 0.553219 2 0.325329 0.545351 2 0.442520 0.541311 2 0.525688 0.545138 2 0.581259 0.540673 2
0 0.677422 0.509802 0.639234 0.515517 0.579437 0.389077 0.617625 0.383362 0.597943 0.391804 2 0.607755 0.408190 2 0.622168 0.427165 2 0.639648 0.455281 2 0.646087 0.486157 2 0.655287 0.503579 2
0 0.224523 0.749149 0.178638 0.753050 0.139548 0.607562 0.185433 0.603661 0.202922 0.745509 2 0.194949 0.727052 2 0.190043 0.702558 2 0.179003 0.668922 2 0.168577 0.645463 2 0.164897 0.628386 2
0 0.596478 0.689166 0.545216 0.693229 0.514788 0.571772 0.566049 0.567708 0.572309 0.685729 2 0.566483 0.671412 2 0.558510 0.652438 2 0.537657 0.614489 2 0.540724 0.591203 2 0.556670 0.576541 2
0 0.471400 0.725674 0.520920 0.751108 0.267826 0.907024 0.218306 0.881590 0.253989 0.888457 2 0.283121 0.871035 2 0.328506 0.841539 2 0.384930 0.805833 2 0.433688 0.778234 2 0.470487 0.756845 2
0 0.583206 0.796526 0.614783 0.818455 0.428652 0.903259 0.397075 0.881329 0.426354 0.888038 2 0.448244 0.877684 2 0.484064 0.860613 2 0.525606 0.842144 2 0.549486 0.830530 2 0.575619 0.814901 2