0 0.218809 0.085538 0.150445 0.113576 0.046640 0.033492 0.115003 0.005454 0.081943 0.024703 2 0.097821 0.030657 2 0.135624 0.047882 2 0.170782 0.068508 2 0.177208 0.090411 2 0.154904 0.109974 2
0 0.222798 0.226614 0.158044 0.227707 0.150920 0.094153 0.215673 0.093060 0.187793 0.098917 2 0.190440 0.113802 2 0.195732 0.138468 2 0.000000 0.000000 0 0.200268 0.192906 2 0.181367 0.210980 2
0 0.126992 0.127520 0.311971 0.203385 0.282467 0.226147 0.097488 0.150282 0.120503 0.140382 2 0.142051 0.148463 2 0.178720 0.163986 2 0.225975 0.184825 2 0.258486 0.203751 2 0.273100 0.217446 2
0 0.373578 0.194477 0.327059 0.197103 0.307970 0.090089 0.354490 0.087463 0.335142 0.094969 2 0.336883 0.102944 2 0.346087 0.129250 2 0.353798 0.157794 2 0.346833 0.175984 2 0.340615 0.188017 2
0 0.411919 0.099542 0.593915 0.155469 0.562933 0.187370 0.380937 0.131443 0.402802 0.115817 2 0.429170 0.119175 2 0.476930 0.131768 2 0.526680 0.145061 2 0.550809 0.160592 2 0.562749 0.173465 2
0 0.616923 0.201305 0.388359 0.220736 0.382481 0.198858 0.611045 0.179427 0.388126 0.211664 2 0.414991 0.208166 2 0.464741 0.202989 2 0.523198 0.198371 2 0.563495 0.196552 2 0.589863 0.194873 2
0 0.254199 0.214022 0.308267 0.227604 0.206922 0.355257 0.152855 0.341676 0.191120 0.340909 2 0.196344 0.326217 2 0.211518 0.300471 2 0.228433 0.268849 2 0.250074 0.246461 2 0.273954 0.235407 2
0 0.589381 0.362233 0.537534 0.364571 0.518457 0.230723 0.570304 0.228385 0.545196 0.233287 2 0.548599 0.248384 2 0.553891 0.274327 2 0.557293 0.306011 2 0.561452 0.333443 2 0.558806 0.350454 2
0 0.608267 0.309635 0.725405 0.332204 0.632097 0.485436 0.514960 0.462867 0.639705 0.320471 2 0.624206 0.335144 2 0.594719 0.368742 2 0.573171 0.412972 2 0.594719 0.448696 2 0.620803 0.472300 2
0 0.261187 0.761805 0.163135 0.765672 0.130204 0.501477 0.228255 0.497610 0.206389 0.759314 2 0.205923 0.731264 2 0.208253 0.675165 2 0.210583 0.610678 2 0.204059 0.562968 2 0.175165 0.530986 2
0 0.588692 0.764570 0.539430 0.773753 0.457763 0.635132 0.507025 0.625949 0.557312 0.761935 2 0.548457 0.746993 2 0.534010 0.712390 2 0.519097 0.679884 2 0.502320 0.658650 2 0.479018 0.641611 2
0 0.543878 0.485186 0.681415 0.564844 0.627605 0.594241 0.490067 0.514583 0.643994 0.570308 2 0.628149 0.558249 2 0.600653 0.534394 2 0.572691 0.511326 2 0.536546 0.503220 2 0.508771 0.505034 2