0 0.389120 0.112317 0.359607 0.132813 0.176977 0.049604 0.206490 0.029108 0.195517 0.043733 2 0.215931 0.050963 2 0.253735 0.067337 2 0.305148 0.087113 2 0.338037 0.102423 2 0.352780 0.118797 2
0 0.393586 0.159262 0.441061 0.169010 0.364588 0.286854 0.317113 0.277106 0.339864 0.280180 2 0.351205 0.262955 2 0.366705 0.238501 2 0.386741 0.208731 2 0.398838 0.192357 2 0.418118 0.179386 2
0 0.672677 0.079081 0.715811 0.092972 0.601921 0.204861 0.558787 0.190969 0.691439 0.091457 2 0.675920 0.105281 2 0.654632 0.127671 2 0.629440 0.155736 2 0.606947 0.175941 2 0.572600 0.187402 2
0 0.234436 0.213403 0.286895 0.220313 0.232147 0.351838 0.179688 0.344928 0.203246 0.341669 2 0.211526 0.324937 2 0.222259 0.303720 2 0.238818 0.275604 2 0.251391 0.248868 2 0.256818 0.230302 2
0 0.235181 0.333763 0.277172 0.343750 0.177081 0.476915 0.135089 0.466928 0.160616 0.466544 2 0.170429 0.451364 2 0.189748 0.428595 2 0.217961 0.396167 2 0.234827 0.372018 2 0.247093 0.350284 2
0 0.217813 0.376625 0.259102 0.378487 0.240430 0.509497 0.199141 0.507635 0.220934 0.500031 2 0.220531 0.483800 2 0.223154 0.459397 2 0.230418 0.430114 2 0.233646 0.403781 2 0.241516 0.385961 2
0 0.295739 0.391622 0.339048 0.393575 0.321303 0.518072 0.277995 0.516119 0.299038 0.515221 2 0.301185 0.498662 2 0.303331 0.475030 2 0.307011 0.447259 2 0.313144 0.422420 2 0.314984 0.402928 2
0 0.459994 0.534933 0.422228 0.544419 0.330610 0.429018 0.368376 0.419531 0.441597 0.533067 2 0.430107 0.517878 2 0.411148 0.493964 2 0.388167 0.466495 2 0.368634 0.446135 2 0.346228 0.432239 2
0 0.468263 0.478632 0.546154 0.514063 0.277894 0.700663 0.200003 0.665232 0.241708 0.678704 2 0.281350 0.652528 2 0.338801 0.618919 2 0.429000 0.569152 2 0.467493 0.531988 2 0.466918 0.494501 2
0 0.603145 0.701087 0.524934 0.750168 0.319795 0.646737 0.398006 0.597656 0.575639 0.716208 2 0.552957 0.698984 2 0.504946 0.664323 2 0.449753 0.634340 2 0.391914 0.633702 2 0.354110 0.660283 2
0 0.585849 0.638399 0.640944 0.640260 0.628598 0.755869 0.573503 0.754008 0.601432 0.752236 2 0.607565 0.738091 2 0.615538 0.713425 2 0.626578 0.684791 2 0.616765 0.660124 2 0.592846 0.647187 2
0 0.673242 0.561830 0.724620 0.565903 0.690750 0.701099 0.639372 0.697026 0.697751 0.567468 2 0.694991 0.583510 2 0.689778 0.606279 2 0.682418 0.636983 2 0.671072 0.670446 2 0.657886 0.688386 2