0 0.382835 0.127648 0.180440 0.141376 0.172157 0.102735 0.374551 0.089007 0.181813 0.126507 2 0.208429 0.123848 2 0.250717 0.122169 2 0.313153 0.121050 2 0.345491 0.112515 2 0.363650 0.101041 2
0 0.185112 0.237075 0.226423 0.241785 0.179167 0.372917 0.137856 0.368206 0.156098 0.369421 2 0.162538 0.350791 2 0.179097 0.318535 2 0.200257 0.283519 2 0.204550 0.262130 2 0.200870 0.240913 2
0 0.246703 0.296090 0.211388 0.299296 0.176722 0.178466 0.212037 0.175260 0.221715 0.296940 2 0.221715 0.280010 2 0.219725 0.257482 2 0.215248 0.223061 2 0.203308 0.199274 2 0.184651 0.181504 2
0 0.341667 0.343750 0.303724 0.351783 0.224197 0.232937 0.262139 0.224903 0.321894 0.343817 2 0.312388 0.327257 2 0.298895 0.304143 2 0.278043 0.277062 2 0.256577 0.254465 2 0.238178 0.233939 2
0 0.392171 0.187157 0.426389 0.198177 0.319307 0.303377 0.285089 0.292357 0.000000 0.000000 0 0.314382 0.285051 2 0.336788 0.262430 2 0.366088 0.234961 2 0.382174 0.218803 2 0.398835 0.201998 2
0 0.590614 0.173771 0.631028 0.189323 0.530315 0.272131 0.489900 0.256578 0.608040 0.181531 2 0.597833 0.190249 2 0.578553 0.212789 2 0.560030 0.231927 2 0.547177 0.240433 2 0.525628 0.247238 2
0 0.252519 0.366761 0.220333 0.370809 0.167648 0.238285 0.199834 0.234237 0.232299 0.365635 2 0.225860 0.350284 2 0.217887 0.323375 2 0.000000 0.000000 0 0.000000 0.000000 0 0.000000 0.000000 0
0 0.393981 0.495573 0.353635 0.498771 0.321412 0.370153 0.361759 0.366955 0.371910 0.494704 2 0.369150 0.481422 2 0.364550 0.455721 2 0.361484 0.426397 2 0.350137 0.402766 2 0.336645 0.382066 2
0 0.317320 0.554396 0.395920 0.557496 0.364252 0.811557 0.285652 0.808457 0.325510 0.807242 2 0.328913 0.776196 2 0.336851 0.728776 2 0.345546 0.664132 2 0.358021 0.609270 2 0.352729 0.568867 2
0 0.590034 0.530914 0.645550 0.555150 0.429961 0.711404 0.374445 0.687168 0.613786 0.547165 2 0.588640 0.564069 2 0.544175 0.592358 2 0.487444 0.625304 2 0.445739 0.657388 2 0.423660 0.685677 2
0 0.675668 0.676552 0.633499 0.678693 0.614400 0.559646 0.656568 0.557505 0.653264 0.675653 2 0.652334 0.661954 2 0.648096 0.631876 2 0.645411 0.603581 2 0.638007 0.583752 2 0.622672 0.567180 2
0 0.655393 0.709885 0.708333 0.721094 0.616256 0.858696 0.563315 0.847487 0.677857 0.725166 2 0.668762 0.739975 2 0.650121 0.762519 2 0.625887 0.793452 2 0.604450 0.827006 2 0.596993 0.846667 2