0 0.467901 0.184115 0.304503 0.234326 0.283092 0.212280 0.446490 0.162068 0.306287 0.226391 2 0.323381 0.214799 2 0.338100 0.209969 2 0.363552 0.201690 2 0.391765 0.191685 2 0.412004 0.184268 2
0 0.439141 0.207552 0.475309 0.207552 0.475309 0.314844 0.439141 0.314844 0.458309 0.214109 2 0.455549 0.226184 2 0.453402 0.243260 2 0.455242 0.261545 2 0.452789 0.292593 2 0.445429 0.308290 2
0 0.450368 0.341391 0.178321 0.395522 0.147706 0.346839 0.419753 0.292708 0.162081 0.361591 2 0.201946 0.351931 2 0.254384 0.335544 2 0.323074 0.320882 2 0.398511 0.323987 2 0.440829 0.342444 2
0 0.411074 0.517793 0.369327 0.530622 0.265043 0.423245 0.306790 0.410417 0.388125 0.519591 2 0.375849 0.506333 2 0.360705 0.488655 2 0.333864 0.462075 2 0.316474 0.449954 2 0.298707 0.438684 2
0 0.585695 0.483666 0.545438 0.484119 0.541948 0.385971 0.582205 0.385518 0.565468 0.483497 2 0.564224 0.469225 2 0.557756 0.449776 2 0.550791 0.426549 2 0.550294 0.407660 2 0.564721 0.394227 2
0 0.465123 0.375521 0.593786 0.451545 0.557682 0.470878 0.429019 0.394854 0.000000 0.000000 0 0.000000 0.000000 0 0.000000 0.000000 0 0.513534 0.428539 2 0.483291 0.409614 2 0.468169 0.391326 2
0 0.213069 0.528681 0.257253 0.529427 0.251558 0.636171 0.207374 0.635425 0.222092 0.632230 2 0.224579 0.620197 2 0.228559 0.601447 2 0.232291 0.575981 2 0.234032 0.552194 2 0.233534 0.538062 2
0 0.503474 0.530588 0.549295 0.552298 0.370066 0.671991 0.324245 0.650282 0.353494 0.656660 2 0.369912 0.645326 2 0.395782 0.626717 2 0.440059 0.594674 2 0.472894 0.575645 2 0.502247 0.559554 2
0 0.211604 0.816690 0.175494 0.819346 0.150309 0.710989 0.186420 0.708333 0.193575 0.811258 2 0.188600 0.798805 2 0.185117 0.780755 2 0.180142 0.761446 2 0.176411 0.740737 2 0.167456 0.725486 2
0 0.303906 0.782225 0.196605 0.788281 0.192910 0.767569 0.300212 0.761513 0.000000 0.000000 0 0.000000 0.000000 0 0.000000 0.000000 0 0.235116 0.780475 2 0.276160 0.777957 2 0.303025 0.770821 2
0 0.392929 0.704776 0.427255 0.712713 0.352865 0.814510 0.318539 0.806574 0.341677 0.804042 2 0.350024 0.793546 2 0.363773 0.776052 2 0.386689 0.749812 2 0.394873 0.735449 2 0.388162 0.716851 2
0 0.295272 0.742089 0.440586 0.810937 0.411849 0.830129 0.266534 0.761281 0.284388 0.754692 2 0.300429 0.764359 2 0.325963 0.776881 2 0.000000 0.000000 0 0.380070 0.801187 2 0.405932 0.808093 2