0 0.327028 0.086780 0.356790 0.107031 0.167299 0.195146 0.137537 0.174895 0.337101 0.101546 2 0.315270 0.109625 2 0.277352 0.124167 2 0.235987 0.141295 2 0.202665 0.159069 2 0.188302 0.169087 2
0 0.615550 0.191842 0.573762 0.197844 0.521402 0.082499 0.563191 0.076497 0.543927 0.088619 2 0.550821 0.099284 2 0.555417 0.125783 2 0.563460 0.148728 2 0.575525 0.164886 2 0.585866 0.182014 2
0 0.388375 0.320473 0.423920 0.321875 0.408874 0.442581 0.373330 0.441180 0.407917 0.327441 2 0.402693 0.340874 2 0.395640 0.365324 2 0.390725 0.390842 2 0.389591 0.411681 2 0.393371 0.431457 2
0 0.132010 0.322115 0.492174 0.466747 0.452457 0.498041 0.092293 0.353409 0.122733 0.343176 2 0.168853 0.359337 2 0.244083 0.386981 2 0.331031 0.418452 2 0.399077 0.452475 2 0.442929 0.472889 2
0 0.224480 0.465656 0.270987 0.489542 0.118375 0.583557 0.071869 0.559671 0.237032 0.483823 2 0.214644 0.494177 2 0.180814 0.508449 2 0.138846 0.524423 2 0.118935 0.545490 2 0.121544 0.570791 2
0 0.410494 0.604687 0.370877 0.614908 0.275143 0.497490 0.314760 0.487270 0.293003 0.497743 2 0.308949 0.512405 2 0.336855 0.535174 2 0.362307 0.561048 2 0.374573 0.584679 2 0.373653 0.599341 2
0 0.440034 0.711103 0.401735 0.720211 0.292501 0.574881 0.330799 0.565773 0.419892 0.710713 2 0.410700 0.697140 2 0.388868 0.676134 2 0.363590 0.641232 2 0.338311 0.611178 2 0.330268 0.589849 2
0 0.212897 0.818490 0.390212 0.818490 0.390212 0.889844 0.212897 0.889844 0.226855 0.837070 2 0.247538 0.851936 2 0.282583 0.863569 2 0.330842 0.870033 2 0.358419 0.847088 2 0.349227 0.833515 2
0 0.670963 0.671421 0.347589 0.768443 0.325039 0.744662 0.648412 0.647640 0.351525 0.752401 2 0.384272 0.742706 2 0.434830 0.728810 2 0.525603 0.704249 2 0.580756 0.686475 2 0.618674 0.660945 2
0 0.617864 0.662706 0.657839 0.668688 0.594753 0.802083 0.554778 0.796102 0.632463 0.670640 2 0.631314 0.690676 2 0.624419 0.717822 2 0.607184 0.742060 2 0.581905 0.762742 2 0.583629 0.780839 2
0 0.583019 0.844710 0.544043 0.846027 0.530098 0.715447 0.569074 0.714130 0.545284 0.723969 2 0.551417 0.744668 2 0.559390 0.771404 2 0.000000 0.000000 0 0.000000 0.000000 0 0.000000 0.000000 0
0 0.533365 0.766438 0.646335 0.812771 0.602025 0.846955 0.489054 0.800623 0.622633 0.821193 2 0.597354 0.820869 2 0.562883 0.810205 2 0.541626 0.790492 2 0.538179 0.768194 2 0.534554 0.753105 2