0 0.209193 0.391994 0.158752 0.392845 0.152073 0.267641 0.202513 0.266790 0.184248 0.387773 2 0.182408 0.373628 2 0.178115 0.348444 2 0.175355 0.323950 2 0.172902 0.292211 2 0.174742 0.277205 2
0 0.196358 0.567696 0.124903 0.571729 0.099846 0.431250 0.171301 0.427217 0.158555 0.563288 2 0.153641 0.550104 2 0.151373 0.520972 2 0.147592 0.485885 2 0.136251 0.465684 2 0.133227 0.446971 2
0 0.275152 0.611445 0.185549 0.612453 0.176446 0.356477 0.266049 0.355469 0.000000 0.000000 0 0.221094 0.581199 2 0.218448 0.538032 2 0.219960 0.478917 2 0.227143 0.408319 2 0.225631 0.368979 2
0 0.518782 0.525993 0.567944 0.539351 0.469794 0.653643 0.420631 0.640285 0.534976 0.540468 2 0.525460 0.554107 2 0.512580 0.570666 2 0.497554 0.593953 2 0.469342 0.622414 2 0.444810 0.634316 2
0 0.606790 0.482552 0.662346 0.482552 0.662346 0.612240 0.606790 0.612240 0.637082 0.609011 2 0.637889 0.594142 2 0.637889 0.570875 2 0.635468 0.535008 2 0.638292 0.510151 2 0.647574 0.494034 2
0 0.396142 0.588542 0.143750 0.643607 0.123337 0.614003 0.375729 0.558938 0.142962 0.629415 2 0.167340 0.621999 2 0.216592 0.610665 2 0.279775 0.600451 2 0.340470 0.584639 2 0.364599 0.569248 2
0 0.215301 0.585024 0.264816 0.585859 0.258928 0.696226 0.209413 0.695391 0.233580 0.689224 2 0.232446 0.675402 2 0.233958 0.642655 2 0.000000 0.000000 0 0.000000 0.000000 0 0.000000 0.000000 0
0 0.115123 0.764583 0.178086 0.764583 0.178086 0.911458 0.115123 0.911458 0.149294 0.770966 2 0.146469 0.786402 2 0.143749 0.811649 2 0.140021 0.850184 2 0.149342 0.880593 2 0.163323 0.899467 2
0 0.401340 0.738823 0.452681 0.747757 0.384568 0.871615 0.333226 0.862681 0.360760 0.853793 2 0.368226 0.843578 2 0.385554 0.818227 2 0.401285 0.788853 2 0.410629 0.762535 2 0.408789 0.743561 2
0 0.637333 0.826425 0.557314 0.854021 0.361399 0.674276 0.441418 0.646680 0.588567 0.829202 2 0.568153 0.806662 2 0.537532 0.764558 2 0.505399 0.715012 2 0.450206 0.684391 2 0.388208 0.679925 2
0 0.519637 0.922033 0.292424 0.925869 0.290703 0.893592 0.517915 0.889756 0.296013 0.908802 2 0.320074 0.910551 2 0.359958 0.911253 2 0.424224 0.911465 2 0.463917 0.907425 2 0.486600 0.897431 2
0 0.068827 0.939844 0.330066 0.939844 0.330066 1.000000 0.068827 1.000000 0.079236 0.951611 2 0.104186 0.962243 2 0.152197 0.975852 2 0.217975 0.988611 2 0.262961 0.994352 2 0.299631 0.995203 2