0 0.165795 0.066569 0.207265 0.070573 0.166425 0.204400 0.124955 0.200396 0.000000 0.000000 0 0.000000 0.000000 0 0.161461 0.160147 2 0.171290 0.126879 2 0.176583 0.094769 2 0.189058 0.077545 2
0 0.239569 0.074285 0.278098 0.080990 0.209010 0.206620 0.170481 0.199916 0.000000 0.000000 0 0.000000 0.000000 0 0.205713 0.155116 2 0.000000 0.000000 0 0.234232 0.112166 2 0.255697 0.091811 2
0 0.403440 0.105289 0.218928 0.145544 0.203649 0.123387 0.388162 0.083131 0.000000 0.000000 0 0.000000 0.000000 0 0.260486 0.119686 2 0.311084 0.106922 2 0.350643 0.100885 2 0.383148 0.100712 2
0 0.199272 0.109329 0.242556 0.116861 0.163048 0.261438 0.119765 0.253906 0.147702 0.251421 2 0.154128 0.231220 2 0.163957 0.200387 2 0.179835 0.162748 2 0.200249 0.141059 2 0.225955 0.127875 2
0 0.243440 0.150784 0.284570 0.154518 0.245799 0.289657 0.204669 0.285923 0.227161 0.286255 2 0.232075 0.269669 2 0.238880 0.242238 2 0.246818 0.212680 2 0.254001 0.185462 2 0.258916 0.167174 2
0 0.418702 0.191980 0.459123 0.212741 0.314822 0.301636 0.274401 0.280876 0.303301 0.284981 2 0.318800 0.272647 2 0.347531 0.250107 2 0.381554 0.225440 2 0.409529 0.212682 2 0.436369 0.212682 2
0 0.536870 0.218105 0.584435 0.224936 0.530081 0.344673 0.482516 0.337841 0.562117 0.227087 2 0.553908 0.237721 2 0.540725 0.262488 2 0.521820 0.290752 2 0.509879 0.310621 2 0.511372 0.329370 2
0 0.382168 0.445578 0.330258 0.459683 0.232856 0.346261 0.284766 0.332156 0.355191 0.448978 2 0.341085 0.436386 2 0.322992 0.415859 2 0.293553 0.384121 2 0.275461 0.362386 2 0.258595 0.344620 2
0 0.587222 0.463640 0.641937 0.477384 0.499934 0.656250 0.445219 0.642506 0.608559 0.482576 2 0.591925 0.503202 2 0.564706 0.534674 2 0.523879 0.576565 2 0.495526 0.610588 2 0.478892 0.637169 2
0 0.697724 0.640664 0.642501 0.643467 0.623125 0.522693 0.678348 0.519889 0.666437 0.640543 2 0.664547 0.626934 2 0.658876 0.599078 2 0.650181 0.568244 2 0.652450 0.545491 2 0.658498 0.527204 2
0 0.321743 0.562278 0.398853 0.566192 0.355952 0.833594 0.278843 0.829680 0.319384 0.821840 2 0.319958 0.792755 2 0.328576 0.736848 2 0.334896 0.662197 2 0.346386 0.621801 2 0.357876 0.583345 2
0 0.737332 0.830393 0.545847 0.863712 0.525251 0.826260 0.716736 0.792941 0.719748 0.812856 2 0.699508 0.821826 2 0.650137 0.834418 2 0.597086 0.841490 2 0.552243 0.834935 2 0.526526 0.820124 2