0 0.487553 0.734352 0.122341 0.750821 0.117176 0.714583 0.482388 0.698114 0.132872 0.738370 2 0.173883 0.736273 2 0.236331 0.731292 2 0.322081 0.725001 2 0.399443 0.725525 2 0.454901 0.725787 2
0 0.483679 0.660069 0.416909 0.685764 0.266695 0.562258 0.333465 0.536563 0.438315 0.665493 2 0.426974 0.653372 2 0.401645 0.627642 2 0.375183 0.592343 2 0.338891 0.572141 2 0.308649 0.565124 2
0 0.473828 0.507761 0.645080 0.593968 0.606973 0.617920 0.435720 0.531713 0.623552 0.605101 2 0.600870 0.598084 2 0.568359 0.583199 2 0.526775 0.564911 2 0.492374 0.546837 2 0.482167 0.529400 2
0 0.607566 0.276565 0.656656 0.284207 0.592947 0.413693 0.543857 0.406051 0.626512 0.282747 2 0.622219 0.296374 2 0.615166 0.322593 2 0.601980 0.359852 2 0.584194 0.382966 2 0.559968 0.395558 2
0 0.527972 0.359744 0.215902 0.547872 0.155952 0.516406 0.468022 0.328278 0.206396 0.522168 2 0.236755 0.499054 2 0.287966 0.457828 2 0.354510 0.415567 2 0.445279 0.386588 2 0.486678 0.354159 2
0 0.143011 0.478167 0.086045 0.482031 0.051234 0.319637 0.108200 0.315773 0.083017 0.326399 2 0.079615 0.340647 2 0.075834 0.365526 2 0.080371 0.408268 2 0.095870 0.438038 2 0.113260 0.451222 2
0 0.404563 0.259635 0.190657 0.296856 0.178208 0.274219 0.392115 0.236999 0.197464 0.288356 2 0.213882 0.282479 2 0.252935 0.271705 2 0.300447 0.258832 2 0.345471 0.251976 2 0.376813 0.255334 2
0 0.213738 0.350788 0.161708 0.362140 0.074561 0.235755 0.126591 0.224403 0.116217 0.242235 2 0.119590 0.256207 2 0.128790 0.283806 2 0.146576 0.322789 2 0.168961 0.336589 2 0.196867 0.345558 2
0 0.211989 0.300209 0.168622 0.309671 0.082110 0.184205 0.125476 0.174744 0.112537 0.187555 2 0.118977 0.198767 2 0.134309 0.222053 2 0.155469 0.250860 2 0.173561 0.277079 2 0.189507 0.296570 2
0 0.235680 0.125534 0.450860 0.171094 0.432331 0.198783 0.217151 0.153224 0.432286 0.185668 2 0.406862 0.178744 2 0.367716 0.171026 2 0.316464 0.163762 2 0.268642 0.150936 2 0.247455 0.139927 2
0 0.674182 0.257628 0.628800 0.275852 0.515242 0.186377 0.560624 0.168153 0.542417 0.187346 2 0.556330 0.195448 2 0.588747 0.216789 2 0.619106 0.236798 2 0.631066 0.252668 2 0.631679 0.270952 2
0 0.492360 0.214796 0.646083 0.258720 0.617085 0.290831 0.463362 0.246908 0.488778 0.231451 2 0.511777 0.234901 2 0.552562 0.242836 2 0.601933 0.256290 2 0.616346 0.276127 2 0.000000 0.000000 0