0 0.206525 0.253881 0.396142 0.313542 0.372582 0.337234 0.182965 0.277573 0.199769 0.267285 2 0.217861 0.273667 2 0.256806 0.290744 2 0.305564 0.306959 2 0.346043 0.310408 2 0.379161 0.316273 2
0 0.156327 0.301918 0.345679 0.343229 0.328187 0.368597 0.138835 0.327285 0.155827 0.314979 2 0.177215 0.319179 2 0.231091 0.331551 2 0.280326 0.340744 2 0.315435 0.349597 2 0.324717 0.363558 2
0 0.510957 0.370833 0.316403 0.445703 0.286235 0.420898 0.480788 0.346029 0.488072 0.362496 2 0.462313 0.373363 2 0.419382 0.389232 2 0.373690 0.404412 2 0.336585 0.418211 2 0.303233 0.429875 2
0 0.667372 0.435316 0.291241 0.532348 0.261634 0.496035 0.637765 0.399003 0.280862 0.517927 2 0.324847 0.500862 2 0.396150 0.475434 2 0.498211 0.450006 2 0.571378 0.434540 2 0.630565 0.425627 2
0 0.204938 0.633333 0.147544 0.639878 0.102164 0.513952 0.159558 0.507407 0.126404 0.514567 2 0.131319 0.530515 2 0.141525 0.554332 2 0.152867 0.582188 2 0.166476 0.603665 2 0.179707 0.624930 2
0 0.338354 0.617941 0.128800 0.622659 0.126615 0.591954 0.336170 0.587237 0.132075 0.608343 2 0.159671 0.607706 2 0.209194 0.605154 2 0.262119 0.605366 2 0.302569 0.601114 2 0.328275 0.592820 2
0 0.466117 0.650570 0.659770 0.687881 0.643827 0.714063 0.450174 0.676751 0.645065 0.703992 2 0.622180 0.697416 2 0.589843 0.689720 2 0.543824 0.683423 2 0.504770 0.675448 2 0.472930 0.659217 2
0 0.568567 0.656033 0.255337 0.759267 0.219486 0.724848 0.532716 0.621615 0.247702 0.743740 2 0.285420 0.732183 2 0.340925 0.711484 2 0.424335 0.682160 2 0.491185 0.662496 2 0.522464 0.648869 2
0 0.168960 0.751578 0.408965 0.777542 0.401197 0.800261 0.161192 0.774297 0.172376 0.761125 2 0.197002 0.766302 2 0.252474 0.772458 2 0.312920 0.779175 2 0.352223 0.784492 2 0.377844 0.790089 2
0 0.419324 0.796299 0.235131 0.852901 0.214502 0.831660 0.398695 0.775059 0.229091 0.845498 2 0.246006 0.837942 2 0.277597 0.823250 2 0.319388 0.811077 2 0.356451 0.801842 2 0.374815 0.796341 2
0 0.583179 0.736719 0.636420 0.736719 0.636420 0.871615 0.583179 0.871615 0.599161 0.743383 2 0.602643 0.759894 2 0.603887 0.787319 2 0.605131 0.815303 2 0.609111 0.837064 2 0.611598 0.855321 2
0 0.618199 0.742350 0.659869 0.759083 0.527623 0.863281 0.485953 0.846548 0.630244 0.757443 2 0.000000 0.000000 0 0.000000 0.000000 0 0.567117 0.805149 2 0.541241 0.822688 2 0.517008 0.844446 2