0 0.300842 0.289379 0.251235 0.303906 0.139455 0.183133 0.189063 0.168606 0.156164 0.184032 2 0.169099 0.197745 2 0.191984 0.218733 2 0.223575 0.250495 2 0.246709 0.267286 2 0.276062 0.280299 2
0 0.416017 0.341724 0.179838 0.356397 0.174893 0.331209 0.411071 0.316536 0.189917 0.342363 2 0.212802 0.339844 2 0.249866 0.336486 2 0.308322 0.332708 2 0.360062 0.332428 2 0.390907 0.332428 2
0 0.539123 0.350524 0.339948 0.416168 0.318030 0.395126 0.517206 0.329482 0.518672 0.343984 2 0.496286 0.352091 2 0.456728 0.365545 2 0.407663 0.381932 2 0.371784 0.391247 2 0.342959 0.396594 2
0 0.134016 0.401478 0.582087 0.447342 0.568219 0.490212 0.120148 0.444348 0.144001 0.426779 2 0.192012 0.428480 2 0.268375 0.434434 2 0.367798 0.441238 2 0.476295 0.461014 2 0.545853 0.470583 2
0 0.143697 0.498725 0.205706 0.499772 0.198610 0.632785 0.136601 0.631738 0.179326 0.504171 2 0.171615 0.520402 2 0.167138 0.549366 2 0.169128 0.576511 2 0.166391 0.600857 2 0.156939 0.619747 2
0 0.352750 0.595163 0.132358 0.633511 0.119293 0.609754 0.339685 0.571405 0.132026 0.620338 2 0.000000 0.000000 0 0.187597 0.611832 2 0.247705 0.601200 2 0.294959 0.593120 2 0.326714 0.580999 2
0 0.475593 0.641148 0.648580 0.707718 0.612358 0.737500 0.439370 0.670930 0.625540 0.719776 2 0.604030 0.713129 2 0.571909 0.701498 2 0.525298 0.688388 2 0.491873 0.675969 2 0.473167 0.656649 2
0 0.574430 0.655975 0.250210 0.765295 0.219145 0.736143 0.543364 0.626823 0.241565 0.746775 2 0.282609 0.733062 2 0.344299 0.708856 2 0.417183 0.683670 2 0.469172 0.670237 2 0.519917 0.656385 2
0 0.101709 0.763281 0.305401 0.763281 0.305401 0.800781 0.101709 0.800781 0.110573 0.786862 2 0.134205 0.781545 2 0.172264 0.773849 2 0.228481 0.766013 2 0.259326 0.772030 2 0.285445 0.790919 2
0 0.419090 0.725532 0.467383 0.745758 0.342601 0.840030 0.294308 0.819804 0.320409 0.827721 2 0.331212 0.817962 2 0.351835 0.799272 2 0.377370 0.776070 2 0.406832 0.763456 2 0.432530 0.757472 2
0 0.614437 0.850727 0.567727 0.851778 0.558877 0.727398 0.605587 0.726347 0.618406 0.751799 2 0.602735 0.766211 2 0.000000 0.000000 0 0.558457 0.797833 2 0.528607 0.818961 2 0.517164 0.839810 2
0 0.597307 0.737435 0.642263 0.752593 0.531704 0.856341 0.486747 0.841183 0.578489 0.732700 2 0.582469 0.752849 2 0.585951 0.774117 2 0.586946 0.801123 2 0.593414 0.821691 2 0.600628 0.842120 2