0 0.412824 0.117991 0.196347 0.165220 0.176858 0.136957 0.393336 0.089727 0.385394 0.109624 2 0.360115 0.110917 2 0.309558 0.117380 2 0.265894 0.125782 2 0.227402 0.138062 2 0.209592 0.151635 2
0 0.621208 0.199787 0.575828 0.207683 0.512656 0.092810 0.558036 0.084914 0.536999 0.098202 2 0.544359 0.108724 2 0.557238 0.123731 2 0.568584 0.147880 2 0.581157 0.170649 2 0.581157 0.187553 2
0 0.402863 0.308310 0.441601 0.310937 0.415674 0.431886 0.376936 0.429259 0.420022 0.317058 2 0.415362 0.326495 2 0.409304 0.349564 2 0.400449 0.383118 2 0.393925 0.403041 2 0.390662 0.422702 2
0 0.347805 0.484090 0.125254 0.537017 0.103578 0.508178 0.326129 0.455250 0.331087 0.474505 2 0.303125 0.478699 2 0.258852 0.485777 2 0.211782 0.494165 2 0.173567 0.505438 2 0.146072 0.517758 2
0 0.267252 0.474723 0.420280 0.550219 0.379934 0.576095 0.226907 0.500598 0.000000 0.000000 0 0.000000 0.000000 0 0.294270 0.501768 2 0.339009 0.518283 2 0.374428 0.540041 2 0.371632 0.564420 2
0 0.119615 0.322587 0.517064 0.465885 0.479268 0.499054 0.081820 0.355756 0.113494 0.343762 2 0.157157 0.357012 2 0.222077 0.378987 2 0.320894 0.415828 2 0.404198 0.450730 2 0.451308 0.473675 2
0 0.675736 0.722182 0.629648 0.725308 0.598516 0.580079 0.644604 0.576953 0.619566 0.589814 2 0.625624 0.605542 2 0.634013 0.634116 2 0.634945 0.670030 2 0.641935 0.694671 2 0.654052 0.714070 2
0 0.446413 0.699260 0.391752 0.711185 0.295086 0.570995 0.349747 0.559070 0.414055 0.700243 2 0.401006 0.686612 2 0.375841 0.656989 2 0.346481 0.624484 2 0.334364 0.597221 2 0.339956 0.577298 2
0 0.365642 0.873778 0.315599 0.898969 0.168222 0.806335 0.218264 0.781144 0.201579 0.793482 2 0.218822 0.811307 2 0.243988 0.832803 2 0.275212 0.859018 2 0.305971 0.871076 2 0.345117 0.872911 2
0 0.648082 0.754427 0.674693 0.776744 0.474651 0.852215 0.448041 0.829898 0.640117 0.769102 2 0.621941 0.782472 2 0.589319 0.798724 2 0.545512 0.812356 2 0.507763 0.828347 2 0.475607 0.832017 2
0 0.573443 0.666383 0.611986 0.671004 0.569623 0.782803 0.531081 0.778182 0.585591 0.674993 2 0.584659 0.695440 2 0.576270 0.714576 2 0.565085 0.737383 2 0.562755 0.758092 2 0.543648 0.771199 2
0 0.670767 0.670312 0.361697 0.767558 0.334656 0.740365 0.643726 0.643119 0.360497 0.749704 2 0.402440 0.737383 2 0.459296 0.718771 2 0.535725 0.692818 2 0.000000 0.000000 0 0.625204 0.666866 2