0 0.118981 0.474696 0.162254 0.474939 0.160045 0.599207 0.116772 0.598963 0.147832 0.478811 2 0.140366 0.491864 2 0.134990 0.515513 2 0.127067 0.545922 2 0.126135 0.571088 2 0.144311 0.592846 2
0 0.196242 0.582306 0.159372 0.588046 0.127955 0.524192 0.164825 0.518452 0.176879 0.580096 2 0.165436 0.564285 2 0.151009 0.543156 2 0.000000 0.000000 0 0.000000 0.000000 0 0.000000 0.000000 0
0 0.363279 0.327047 0.549756 0.403526 0.527060 0.421036 0.340582 0.344557 0.358698 0.342062 2 0.381499 0.348532 2 0.419030 0.362833 2 0.463220 0.379858 2 0.496716 0.394160 2 0.526781 0.411752 2
0 0.210648 0.544792 0.256802 0.544792 0.256802 0.667448 0.210648 0.667448 0.225433 0.663199 2 0.228695 0.649339 2 0.234416 0.621354 2 0.234665 0.592111 2 0.232675 0.565385 2 0.236080 0.546643 2
0 0.383430 0.700213 0.319945 0.704519 0.268442 0.464261 0.331928 0.459955 0.345949 0.697909 2 0.337362 0.668586 2 0.329389 0.618218 2 0.323797 0.562886 2 0.310439 0.509044 2 0.290403 0.483527 2
0 0.260273 0.755565 0.216020 0.771520 0.099586 0.669341 0.143839 0.653385 0.128715 0.667819 2 0.140158 0.679852 2 0.170257 0.704339 2 0.201848 0.731484 2 0.211052 0.749953 2 0.224733 0.765485 2
0 0.467821 0.748191 0.127178 0.811689 0.110140 0.782769 0.450783 0.719271 0.125035 0.799813 2 0.163250 0.790638 2 0.220572 0.776744 2 0.305856 0.756821 2 0.374829 0.744501 2 0.435413 0.742666 2
0 0.339155 0.839406 0.121861 0.864183 0.113746 0.841667 0.331040 0.816890 0.122693 0.853533 2 0.150726 0.850319 2 0.200626 0.844578 2 0.253551 0.838836 2 0.306804 0.835956 2 0.330763 0.828590 2
0 0.404209 0.890848 0.368663 0.894280 0.326223 0.755210 0.361770 0.751778 0.345266 0.756242 2 0.348867 0.775209 2 0.357405 0.800982 2 0.366111 0.830786 2 0.372827 0.861569 2 0.370091 0.889133 2
0 0.343376 0.874479 0.128847 0.958820 0.101709 0.936979 0.316239 0.852639 0.119387 0.949475 2 0.141028 0.940660 2 0.182570 0.923869 2 0.233315 0.901761 2 0.275851 0.883711 2 0.300726 0.870699 2
0 0.381673 0.850510 0.558191 0.912760 0.535569 0.933056 0.359051 0.870806 0.537063 0.920260 2 0.513657 0.914551 2 0.479107 0.902912 2 0.433108 0.887387 2 0.400603 0.870828 2 0.379137 0.864273 2
0 0.480671 0.835847 0.693337 0.899653 0.669302 0.925000 0.456637 0.861194 0.668308 0.914368 2 0.641323 0.903328 2 0.605444 0.887632 2 0.564966 0.870037 2 0.519888 0.855203 2 0.485543 0.850718 2