0 0.151235 0.358333 0.183179 0.358333 0.183179 0.480469 0.151235 0.480469 0.165121 0.367463 2 0.164126 0.378796 2 0.168604 0.405662 2 0.174574 0.433926 2 0.170594 0.455054 2 0.156166 0.471985 2
0 0.310896 0.312331 0.514472 0.371947 0.491417 0.396857 0.287841 0.337241 0.307606 0.326341 2 0.332305 0.331846 2 0.371452 0.342331 2 0.430172 0.357011 2 0.462329 0.369332 2 0.480970 0.381129 2
0 0.107102 0.433535 0.267897 0.495414 0.225961 0.529895 0.065165 0.468016 0.236000 0.510156 2 0.205902 0.505679 2 0.165604 0.498263 2 0.119585 0.485949 2 0.103665 0.461743 2 0.125804 0.444253 2
0 0.179012 0.728646 0.132270 0.731019 0.113668 0.615068 0.160410 0.612695 0.138106 0.621646 2 0.138603 0.635638 2 0.142086 0.659425 2 0.145817 0.688949 2 0.152534 0.706999 2 0.163688 0.722794 2
0 0.275844 0.541381 0.309666 0.554119 0.191408 0.653468 0.157586 0.640730 0.172687 0.643873 2 0.185360 0.633226 2 0.210505 0.617874 2 0.243317 0.596140 2 0.262023 0.576994 2 0.275516 0.558882 2
0 0.303549 0.456510 0.386883 0.456510 0.386883 0.689063 0.303549 0.689063 0.347980 0.684315 2 0.344746 0.652832 2 0.346488 0.610016 2 0.351445 0.539931 2 0.349147 0.494041 2 0.311849 0.464310 2
0 0.481863 0.708737 0.171879 0.799514 0.143755 0.769127 0.453739 0.678350 0.165868 0.783828 2 0.203617 0.771246 2 0.264667 0.750536 2 0.351816 0.720390 2 0.408206 0.712001 2 0.000000 0.000000 0
0 0.595039 0.704289 0.364611 0.744384 0.350280 0.718326 0.580709 0.678231 0.560133 0.694437 2 0.536365 0.698894 2 0.489295 0.705710 2 0.441760 0.715671 2 0.396089 0.727467 2 0.365331 0.727467 2
0 0.345246 0.845766 0.133415 0.898977 0.112779 0.872984 0.324609 0.819773 0.118730 0.883723 2 0.141729 0.878031 2 0.180674 0.870441 2 0.243231 0.856124 2 0.277883 0.852502 2 0.307016 0.849225 2
0 0.374888 0.851322 0.176211 0.926148 0.147846 0.902319 0.346523 0.827492 0.165124 0.913575 2 0.183457 0.905104 2 0.225029 0.890569 2 0.273174 0.874527 2 0.314057 0.859356 2 0.342072 0.846809 2
0 0.657679 0.903105 0.447282 0.914979 0.441969 0.885196 0.652366 0.873321 0.643482 0.896872 2 0.000000 0.000000 0 0.000000 0.000000 0 0.542628 0.888848 2 0.494944 0.890463 2 0.459324 0.900482 2
0 0.494804 0.828188 0.684772 0.920035 0.656465 0.938560 0.466497 0.846713 0.663851 0.926012 2 0.639147 0.915347 2 0.601229 0.895957 2 0.565035 0.875921 2 0.517924 0.853299 2 0.487700 0.845845 2