0 0.274589 0.310868 0.469990 0.326358 0.464198 0.349479 0.268797 0.333990 0.275229 0.320953 2 0.296695 0.321471 2 0.339627 0.324403 2 0.396664 0.327680 2 0.431316 0.332683 2 0.453395 0.340272 2
0 0.253716 0.396669 0.216049 0.413802 0.084286 0.322149 0.121953 0.305015 0.111476 0.319401 2 0.124662 0.329923 2 0.149194 0.346310 2 0.185993 0.364939 2 0.212672 0.384775 2 0.228005 0.405475 2
0 0.414106 0.452287 0.191379 0.515927 0.167784 0.489798 0.390510 0.426158 0.395993 0.442093 2 0.368019 0.448472 2 0.320764 0.460168 2 0.272754 0.470800 2 0.230036 0.483133 2 0.204329 0.495041 2
0 0.191522 0.688014 0.145364 0.693820 0.094910 0.566907 0.141068 0.561101 0.120969 0.568767 2 0.126939 0.585138 2 0.138381 0.608085 2 0.151068 0.633971 2 0.160520 0.658877 2 0.155545 0.679306 2
0 0.312569 0.604865 0.140436 0.659025 0.119290 0.637760 0.291423 0.583601 0.000000 0.000000 0 0.000000 0.000000 0 0.181664 0.630193 2 0.226439 0.617180 2 0.282657 0.594932 2 0.291646 0.577180 2
0 0.422577 0.423584 0.495833 0.442482 0.328549 0.647656 0.255293 0.628758 0.288543 0.629221 2 0.314731 0.602726 2 0.355156 0.564932 2 0.411861 0.514110 2 0.436055 0.469241 2 0.416398 0.438408 2
0 0.549885 0.676545 0.249846 0.773177 0.222026 0.745847 0.522066 0.649214 0.244178 0.756884 2 0.277067 0.745614 2 0.337175 0.725626 2 0.414294 0.700746 2 0.475158 0.685010 2 0.514474 0.670338 2
0 0.485494 0.674740 0.656271 0.674740 0.656271 0.702604 0.485494 0.702604 0.647921 0.694154 2 0.627507 0.694154 2 0.589325 0.691602 2 0.553790 0.688625 2 0.516742 0.686286 2 0.489524 0.687562 2
0 0.303442 0.861757 0.148947 0.897479 0.132043 0.874346 0.286537 0.838624 0.144489 0.884369 2 0.162896 0.879611 2 0.201453 0.868558 2 0.000000 0.000000 0 0.000000 0.000000 0 0.000000 0.000000 0
0 0.434064 0.832927 0.237809 0.874479 0.222572 0.851709 0.418827 0.810156 0.232489 0.865297 2 0.253283 0.859400 2 0.290822 0.848596 2 0.349742 0.836906 2 0.390703 0.831117 2 0.425612 0.832706 2
0 0.471139 0.823551 0.677737 0.885537 0.656890 0.907520 0.450293 0.845535 0.661728 0.900667 2 0.636107 0.893950 2 0.602277 0.879958 2 0.553522 0.862328 2 0.509493 0.847356 2 0.469693 0.840640 2
0 0.429997 0.839456 0.637560 0.886089 0.622082 0.907886 0.414520 0.861253 0.621880 0.901299 2 0.596735 0.893192 2 0.550736 0.879220 2 0.500445 0.863006 2 0.467940 0.858348 2 0.431448 0.855761 2