0 0.284221 0.121016 0.483483 0.171070 0.465134 0.194182 0.265873 0.144128 0.474365 0.182268 2 0.451064 0.176501 2 0.403062 0.164443 2 0.337818 0.151073 2 0.304729 0.141112 2 0.280962 0.132723 2
0 0.497005 0.316579 0.451709 0.339844 0.316230 0.256383 0.361526 0.233118 0.339865 0.247914 2 0.361025 0.255504 2 0.399050 0.271028 2 0.437381 0.288623 2 0.454861 0.307942 2 0.450568 0.326054 2
0 0.676538 0.231446 0.635599 0.254227 0.495826 0.174751 0.536765 0.151970 0.520178 0.163910 2 0.537044 0.172880 2 0.564030 0.188059 2 0.606041 0.209793 2 0.627200 0.225663 2 0.640693 0.244637 2
0 0.096248 0.334993 0.503295 0.381407 0.487165 0.426166 0.080118 0.379753 0.088233 0.364940 2 0.141662 0.363001 2 0.224967 0.363001 2 0.354807 0.368172 2 0.434090 0.385946 2 0.478903 0.411799 2
0 0.221765 0.504825 0.184450 0.513948 0.084333 0.384377 0.121649 0.375254 0.104319 0.380452 2 0.114660 0.395318 2 0.136492 0.417939 2 0.156600 0.444116 2 0.172112 0.464475 2 0.183602 0.485804 2
0 0.413818 0.462615 0.388485 0.480208 0.175863 0.383334 0.201196 0.365742 0.197965 0.376897 2 0.222094 0.389501 2 0.265758 0.409214 2 0.321486 0.429250 2 0.351935 0.443146 2 0.377213 0.460274 2
0 0.627318 0.351731 0.666139 0.366670 0.525716 0.482127 0.486895 0.467188 0.638043 0.363001 2 0.624829 0.375282 2 0.600125 0.396610 2 0.562782 0.426665 2 0.540950 0.444762 2 0.513373 0.460274 2
0 0.101133 0.502109 0.149835 0.506530 0.104237 0.665465 0.055535 0.661044 0.119831 0.515212 2 0.113511 0.534925 2 0.105468 0.557870 2 0.096850 0.587924 2 0.092829 0.616039 2 0.088233 0.644801 2
0 0.445115 0.661587 0.394327 0.683305 0.239393 0.568664 0.290181 0.546946 0.410535 0.670331 2 0.395598 0.656435 2 0.374341 0.635429 2 0.345615 0.607960 2 0.312293 0.584369 2 0.268056 0.570473 2
0 0.413746 0.521615 0.622666 0.567195 0.609898 0.585712 0.400979 0.540131 0.616212 0.574997 2 0.591507 0.569827 2 0.559335 0.561748 2 0.513373 0.553345 2 0.469136 0.545589 2 0.437537 0.540419 2
0 0.618463 0.551769 0.652798 0.554294 0.622495 0.684671 0.588160 0.682146 0.632298 0.556577 2 0.635171 0.574028 2 0.629425 0.600850 2 0.618510 0.629289 2 0.609317 0.653849 2 0.598976 0.676794 2
0 0.546300 0.743892 0.185930 0.760143 0.180707 0.723499 0.541077 0.707248 0.195092 0.748213 2 0.246799 0.744982 2 0.305974 0.740134 2 0.381810 0.732055 2 0.455922 0.725269 2 0.516246 0.728824 2