0 0.120730 0.368940 0.064776 0.371781 0.039558 0.214598 0.095513 0.211758 0.072199 0.219500 2 0.070687 0.235023 2 0.073711 0.264155 2 0.080516 0.298604 2 0.086942 0.333265 2 0.080894 0.354104 2
0 0.182341 0.263542 0.142831 0.268047 0.098523 0.145097 0.138034 0.140592 0.116807 0.149114 2 0.119075 0.159747 2 0.129282 0.179948 2 0.138733 0.208230 2 0.149318 0.230983 2 0.153855 0.252885 2
0 0.214774 0.138058 0.422287 0.140393 0.420943 0.178180 0.213430 0.175845 0.404807 0.155187 2 0.384772 0.156250 2 0.338273 0.162629 2 0.287238 0.166457 2 0.246410 0.157313 2 0.226374 0.145830 2
0 0.626998 0.197508 0.591165 0.225106 0.453587 0.168587 0.489419 0.140988 0.482235 0.158653 2 0.497261 0.161585 2 0.534366 0.169865 2 0.573311 0.185217 2 0.590483 0.200396 2 0.591403 0.212643 2
0 0.409752 0.201505 0.644361 0.226885 0.636482 0.249930 0.401873 0.224550 0.414950 0.213412 2 0.440173 0.215569 2 0.484565 0.219768 2 0.538037 0.225670 2 0.583437 0.230891 2 0.609871 0.235545 2
0 0.319050 0.213285 0.360311 0.247889 0.191135 0.311715 0.149874 0.277111 0.176456 0.295579 2 0.196098 0.284991 2 0.234024 0.269362 2 0.282530 0.251452 2 0.317107 0.241238 2 0.340738 0.235641 2
0 0.574668 0.260702 0.635803 0.265899 0.596693 0.411458 0.535559 0.406261 0.605149 0.267212 2 0.598722 0.283798 2 0.589650 0.306764 2 0.583601 0.338023 2 0.572260 0.369069 2 0.550334 0.387569 2
0 0.365214 0.366628 0.440212 0.398698 0.167185 0.600719 0.092188 0.568649 0.140629 0.570089 2 0.166713 0.550101 2 0.227199 0.512250 2 0.299782 0.457813 2 0.343634 0.418686 2 0.386730 0.392105 2
0 0.261574 0.597656 0.341204 0.597656 0.341204 0.793229 0.261574 0.793229 0.308378 0.611888 2 0.303252 0.636530 2 0.299524 0.677686 2 0.298591 0.732212 2 0.313505 0.766553 2 0.000000 0.000000 0
0 0.496783 0.651058 0.441451 0.669295 0.314749 0.547656 0.370081 0.529420 0.463938 0.657759 2 0.449950 0.645639 2 0.424622 0.621822 2 0.385306 0.589075 2 0.361868 0.565046 2 0.359978 0.549098 2
0 0.448339 0.542921 0.637912 0.555779 0.630166 0.591913 0.440593 0.579055 0.631786 0.572063 2 0.608347 0.572701 2 0.564117 0.574615 2 0.513082 0.573339 2 0.469608 0.559517 2 0.450328 0.546759 2
0 0.146841 0.283378 0.108484 0.284674 0.097935 0.185893 0.136291 0.184597 0.000000 0.000000 0 0.000000 0.000000 0 0.000000 0.000000 0 0.116960 0.232961 2 0.119756 0.261272 2 0.148184 0.279622 2