0 0.287377 0.109841 0.472932 0.135383 0.461301 0.162119 0.275745 0.136576 0.288538 0.123753 2 0.310003 0.125995 2 0.342509 0.130308 2 0.386974 0.138242 2 0.428679 0.144107 2 0.451678 0.143935 2
0 0.370731 0.178055 0.461941 0.192808 0.404296 0.305571 0.313086 0.290817 0.353681 0.294879 2 0.354601 0.278492 2 0.358894 0.249513 2 0.373920 0.220017 2 0.404585 0.203975 2 0.435864 0.205528 2
0 0.718410 0.058371 0.522614 0.136998 0.490530 0.111719 0.686327 0.033092 0.691015 0.049976 2 0.667403 0.058428 2 0.633977 0.071537 2 0.578473 0.088097 2 0.546274 0.105863 2 0.539835 0.126390 2
0 0.271188 0.453951 0.228878 0.458528 0.185500 0.331654 0.227810 0.327077 0.244219 0.451896 2 0.237793 0.437436 2 0.228720 0.412982 2 0.216623 0.380447 2 0.212842 0.357907 2 0.211708 0.341108 2
0 0.288042 0.412342 0.332197 0.414583 0.310757 0.548221 0.266603 0.545979 0.291855 0.543285 2 0.293367 0.528825 2 0.295257 0.504371 2 0.297147 0.470561 2 0.303952 0.447807 2 0.312647 0.430796 2
0 0.242546 0.534744 0.197215 0.537818 0.166755 0.395725 0.212087 0.392650 0.216919 0.534460 2 0.211399 0.517210 2 0.205572 0.488921 2 0.202199 0.452525 2 0.196066 0.423202 2 0.187480 0.406125 2
0 0.705345 0.540365 0.664308 0.548014 0.593313 0.427508 0.634350 0.419858 0.618502 0.430765 2 0.630221 0.443098 2 0.644587 0.465426 2 0.660842 0.495409 2 0.669915 0.522415 2 0.670671 0.541341 2
0 0.532610 0.547537 0.580737 0.548350 0.574376 0.667567 0.526250 0.666754 0.552780 0.660929 2 0.552402 0.646469 2 0.550889 0.621589 2 0.543707 0.588417 2 0.554292 0.565451 2 0.569413 0.552480 2
0 0.212753 0.696094 0.163805 0.696920 0.157256 0.574160 0.206203 0.573334 0.189140 0.692494 2 0.185460 0.677314 2 0.182394 0.652993 2 0.177181 0.618839 2 0.179941 0.597795 2 0.000000 0.000000 0
0 0.602626 0.554170 0.150627 0.595200 0.139048 0.554844 0.591048 0.513814 0.155876 0.575231 2 0.221586 0.565794 2 0.304540 0.556357 2 0.427573 0.545347 2 0.519382 0.544298 2 0.572976 0.542987 2
0 0.485406 0.703539 0.540530 0.727604 0.315627 0.890608 0.260502 0.866543 0.288405 0.874343 2 0.313939 0.857679 2 0.360975 0.827654 2 0.424485 0.785125 2 0.458130 0.751315 2 0.478544 0.730475 2
0 0.559673 0.782368 0.603493 0.804427 0.473170 0.886342 0.429349 0.864283 0.461280 0.874535 2 0.478195 0.864460 2 0.508045 0.849349 2 0.548591 0.828780 2 0.561775 0.805693 2 0.547845 0.787643 2