0 0.221169 0.282494 0.420041 0.298258 0.412037 0.330208 0.213164 0.314444 0.225007 0.302442 2 0.249969 0.303563 2 0.293097 0.306878 2 0.340015 0.310500 2 0.379880 0.312570 2 0.407479 0.318262 2
0 0.111702 0.293083 0.293114 0.342376 0.273148 0.365625 0.091737 0.316332 0.102491 0.305047 2 0.122296 0.311308 2 0.164362 0.322173 2 0.209211 0.334602 2 0.244893 0.345282 2 0.279757 0.347676 2
0 0.479839 0.401821 0.262037 0.468750 0.233891 0.439770 0.451693 0.372840 0.453315 0.393597 2 0.425353 0.401199 2 0.383876 0.412209 2 0.335408 0.424268 2 0.298591 0.433705 2 0.266435 0.444715 2
0 0.195370 0.648958 0.143114 0.655531 0.096023 0.537077 0.148279 0.530504 0.120403 0.534404 2 0.127208 0.552053 2 0.142707 0.583950 2 0.158585 0.605427 2 0.171816 0.632433 2 0.177109 0.647319 2
0 0.128704 0.597917 0.363889 0.597917 0.363889 0.628125 0.128704 0.628125 0.133635 0.612019 2 0.000000 0.000000 0 0.194498 0.617761 2 0.244399 0.623290 2 0.287495 0.619462 2 0.314714 0.607554 2
0 0.600926 0.428125 0.297003 0.604148 0.230710 0.567932 0.534633 0.391908 0.263232 0.581830 2 0.296321 0.556664 2 0.352245 0.523372 2 0.417490 0.492439 2 0.481802 0.454690 2 0.533532 0.422708 2
0 0.427143 0.629093 0.627138 0.674026 0.602778 0.708333 0.402782 0.663400 0.595697 0.692520 2 0.573924 0.685966 2 0.547245 0.674409 2 0.509527 0.666474 2 0.465062 0.657677 2 0.434396 0.655952 2
0 0.506293 0.673797 0.268952 0.761265 0.233955 0.731218 0.471296 0.643750 0.259772 0.747925 2 0.288904 0.735333 2 0.326316 0.715669 2 0.379060 0.697729 2 0.411565 0.685655 2 0.469523 0.674098 2
0 0.373591 0.822476 0.168670 0.888474 0.137101 0.857459 0.342022 0.791461 0.165014 0.864642 2 0.203570 0.864083 2 0.242873 0.847572 2 0.281430 0.830641 2 0.316255 0.819727 2 0.338891 0.811052 2
0 0.274073 0.766661 0.468672 0.815544 0.449003 0.840319 0.254404 0.791436 0.278693 0.780829 2 0.295857 0.789364 2 0.325956 0.798319 2 0.353319 0.807414 2 0.395109 0.818888 2 0.430929 0.821686 2
0 0.597593 0.779505 0.658149 0.790793 0.594471 0.898880 0.533915 0.887592 0.623942 0.785133 2 0.622430 0.800230 2 0.616382 0.818518 2 0.603150 0.847225 2 0.583492 0.876145 2 0.546445 0.882099 2
0 0.585570 0.797860 0.621581 0.815626 0.468697 0.913677 0.432685 0.895911 0.602394 0.806610 2 0.589163 0.816817 2 0.568749 0.833616 2 0.544177 0.852116 2 0.517714 0.870829 2 0.473862 0.884863 2