0 0.214931 0.403420 0.161256 0.405234 0.147097 0.272647 0.200772 0.270833 0.187794 0.396047 2 0.184014 0.380524 2 0.174941 0.350116 2 0.166624 0.318644 2 0.170783 0.294615 2 0.180234 0.283132 2
0 0.528086 0.500114 0.572155 0.506708 0.512839 0.632130 0.468771 0.625536 0.547066 0.512170 2 0.539143 0.527113 2 0.528891 0.546773 2 0.518638 0.569842 2 0.503259 0.599988 2 0.497200 0.618863 2
0 0.626915 0.503474 0.668802 0.505126 0.652146 0.638746 0.610259 0.637094 0.633748 0.630921 2 0.634214 0.614144 2 0.634214 0.586619 2 0.634680 0.558570 2 0.643535 0.536288 2 0.646331 0.521083 2
0 0.128455 0.453491 0.182050 0.453491 0.182050 0.599260 0.128455 0.599260 0.157931 0.591315 2 0.154528 0.577493 2 0.153394 0.548360 2 0.151882 0.516676 2 0.153016 0.489458 2 0.161711 0.472659 2
0 0.283425 0.633015 0.208687 0.635118 0.185293 0.372156 0.260031 0.370052 0.248040 0.626104 2 0.000000 0.000000 0 0.232708 0.540720 2 0.226268 0.480175 2 0.225654 0.430497 2 0.221055 0.387202 2
0 0.304491 0.552076 0.352779 0.578414 0.180174 0.678541 0.131886 0.652203 0.172029 0.662226 2 0.183720 0.651172 2 0.205362 0.630324 2 0.240436 0.605977 2 0.287698 0.577853 2 0.330732 0.573655 2
0 0.223313 0.602734 0.281167 0.607320 0.250772 0.728646 0.192917 0.724060 0.226932 0.718337 2 0.227852 0.705918 2 0.233065 0.681251 2 0.241345 0.648650 2 0.000000 0.000000 0 0.000000 0.000000 0
0 0.105026 0.753385 0.169753 0.753385 0.169753 0.907031 0.105026 0.907031 0.146581 0.760813 2 0.143845 0.776064 2 0.144591 0.800411 2 0.146581 0.836091 2 0.145586 0.868273 2 0.135885 0.889122 2
0 0.401921 0.731212 0.444223 0.740168 0.357555 0.869686 0.315253 0.860729 0.337643 0.858591 2 0.352319 0.844319 2 0.372965 0.822071 2 0.400079 0.792128 2 0.406795 0.771139 2 0.402567 0.753229 2
0 0.537253 0.931271 0.267448 0.932789 0.266693 0.890343 0.536499 0.888826 0.283857 0.903443 2 0.313296 0.909135 2 0.355308 0.911723 2 0.411119 0.915345 2 0.458650 0.912585 2 0.480268 0.906338 2
0 0.077230 0.913718 0.344167 0.977201 0.305045 1.029251 0.038108 0.965767 0.090333 0.944246 2 0.119465 0.955631 2 0.163317 0.968050 2 0.211768 0.984610 2 0.258686 0.997202 2 0.000000 0.000000 0
0 0.629507 0.818248 0.548457 0.841406 0.372544 0.646608 0.453594 0.623449 0.578001 0.825312 2 0.559841 0.805336 2 0.522831 0.755999 2 0.494948 0.707069 2 0.457030 0.670228 2 0.413367 0.650515 2