0 0.299135 0.073530 0.355556 0.097656 0.246303 0.178496 0.189883 0.154370 0.214890 0.162060 2 0.227079 0.150027 2 0.249715 0.130717 2 0.277078 0.107070 2 0.310162 0.097556 2 0.346479 0.098535 2
0 0.640644 0.104522 0.675000 0.114583 0.587597 0.209019 0.553241 0.198958 0.652424 0.116907 2 0.642971 0.126002 2 0.628295 0.141393 2 0.610633 0.162242 2 0.588743 0.184350 2 0.578721 0.196689 2
0 0.647727 0.233854 0.610370 0.235539 0.598975 0.155589 0.636332 0.153905 0.000000 0.000000 0 0.000000 0.000000 0 0.624426 0.169587 2 0.635389 0.196593 2 0.634255 0.212966 2 0.614219 0.231467 2
0 0.375058 0.245822 0.369852 0.282719 0.218447 0.275959 0.223653 0.239063 0.226159 0.253202 2 0.245811 0.251803 2 0.273919 0.250684 2 0.327650 0.250124 2 0.354763 0.258380 2 0.366455 0.273491 2
0 0.484259 0.181771 0.515810 0.197976 0.393041 0.273607 0.361490 0.257402 0.381183 0.262892 2 0.397714 0.253132 2 0.428486 0.237756 2 0.462205 0.222381 2 0.486593 0.203875 2 0.492813 0.193286 2
0 0.477904 0.199798 0.519503 0.203335 0.498148 0.282813 0.456549 0.279276 0.498564 0.207666 2 0.495134 0.215838 2 0.489888 0.229344 2 0.476167 0.249548 2 0.476167 0.267054 2 0.490464 0.279015 2
0 0.436818 0.421458 0.503704 0.444010 0.322086 0.614439 0.255200 0.591886 0.294525 0.595525 2 0.313430 0.575656 2 0.347757 0.544174 2 0.388304 0.507094 2 0.435566 0.466797 2 0.459198 0.447068 2
0 0.557614 0.553566 0.622685 0.566927 0.528513 0.712044 0.463442 0.698683 0.502461 0.700651 2 0.513194 0.684955 2 0.532513 0.655113 2 0.556432 0.615440 2 0.569925 0.593016 2 0.579124 0.573179 2
0 0.386772 0.758333 0.346169 0.772024 0.256036 0.687444 0.296640 0.673753 0.277670 0.684734 2 0.290243 0.696636 2 0.306802 0.713713 2 0.323361 0.732687 2 0.342680 0.750281 2 0.361386 0.758733 2
0 0.520934 0.750700 0.486338 0.765189 0.384174 0.688005 0.418770 0.673516 0.408268 0.684363 2 0.419213 0.696956 2 0.435133 0.711648 2 0.457769 0.736275 2 0.481650 0.747748 2 0.505659 0.749422 2
0 0.646970 0.649772 0.685185 0.659115 0.617643 0.746528 0.579428 0.737185 0.600900 0.738215 2 0.611466 0.727819 2 0.623425 0.712467 2 0.646118 0.692285 2 0.652864 0.674518 2 0.648264 0.658131 2
0 0.541561 0.718849 0.654167 0.781509 0.617698 0.802245 0.505093 0.739585 0.618619 0.785452 2 0.607923 0.779715 2 0.592998 0.767961 2 0.571605 0.752710 2 0.543496 0.739137 2 0.522850 0.736199 2
