0 0.328005 0.152985 0.289209 0.166667 0.184024 0.072295 0.222820 0.058613 0.199852 0.069997 2 0.214985 0.079077 2 0.253727 0.106204 2 0.279757 0.124251 2 0.287828 0.137531 2 0.292031 0.155656 2
0 0.614658 0.112171 0.658220 0.123409 0.585550 0.212540 0.541987 0.201302 0.635309 0.121302 2 0.626633 0.131063 2 0.609280 0.148316 2 0.590716 0.166930 2 0.572152 0.185771 2 0.570134 0.199732 2
0 0.450755 0.186569 0.487453 0.201620 0.382961 0.282234 0.346263 0.267183 0.360205 0.270492 2 0.375100 0.260272 2 0.402271 0.243515 2 0.431079 0.228324 2 0.451866 0.206043 2 0.452521 0.193061 2
0 0.591766 0.290339 0.632431 0.294976 0.601171 0.381720 0.560506 0.377083 0.613313 0.296700 2 0.608251 0.305606 2 0.600361 0.319833 2 0.593894 0.338583 2 0.594142 0.360271 2 0.584690 0.375802 2
0 0.296812 0.391550 0.248469 0.397917 0.208459 0.301798 0.256803 0.295431 0.234104 0.302243 2 0.241306 0.312279 2 0.249327 0.331890 2 0.260293 0.351593 2 0.265797 0.372179 2 0.260410 0.385948 2
0 0.473268 0.425063 0.427711 0.426602 0.417503 0.331019 0.463060 0.329480 0.440323 0.333782 2 0.441916 0.344835 2 0.444306 0.360967 2 0.450281 0.383373 2 0.450414 0.404583 2 0.444306 0.415711 2
0 0.377168 0.449217 0.455556 0.471615 0.302210 0.641423 0.223823 0.619025 0.270592 0.630006 2 0.285336 0.609167 2 0.310664 0.577270 2 0.353382 0.531338 2 0.386271 0.491574 2 0.402527 0.467120 2
0 0.542252 0.558463 0.607407 0.573958 0.512245 0.700566 0.447089 0.685070 0.483805 0.691460 2 0.495146 0.676788 2 0.515938 0.642339 2 0.536352 0.603212 2 0.551473 0.585776 2 0.568107 0.568764 2
0 0.415593 0.768215 0.387083 0.784080 0.258228 0.710812 0.286738 0.694948 0.277800 0.704585 2 0.291521 0.715141 2 0.305848 0.726037 2 0.336720 0.745219 2 0.358513 0.756115 2 0.376673 0.763833 2
0 0.576982 0.721525 0.570691 0.740885 0.396807 0.723007 0.403098 0.703646 0.408200 0.714608 2 0.427678 0.717462 2 0.457631 0.720500 2 0.504935 0.726393 2 0.533742 0.727866 2 0.561241 0.727866 2
0 0.610740 0.643024 0.646617 0.648177 0.606567 0.736403 0.570691 0.731250 0.588532 0.729847 2 0.593576 0.721221 2 0.601850 0.704309 2 0.614360 0.682630 2 0.617588 0.667421 2 0.623440 0.653120 2
0 0.660043 0.782813 0.638019 0.803918 0.495228 0.756771 0.517252 0.735666 0.641610 0.791947 2 0.621634 0.785364 2 0.592779 0.774921 2 0.558072 0.758123 2 0.529621 0.752562 2 0.510685 0.750405 2
