0 0.192321 0.046225 0.388380 0.112332 0.354950 0.143702 0.158891 0.077595 0.175226 0.068262 2 0.203584 0.076518 2 0.238085 0.089456 2 0.294941 0.105971 2 0.345739 0.115933 2 0.369040 0.118292 2
0 0.206587 0.121763 0.364352 0.163542 0.323567 0.212272 0.165802 0.170494 0.183231 0.154385 2 0.201872 0.159103 2 0.237291 0.172735 2 0.285292 0.183483 2 0.330964 0.173784 2 0.344013 0.162249 2
0 0.594768 0.161636 0.537631 0.183624 0.412307 0.080582 0.469444 0.058594 0.566010 0.171810 2 0.555095 0.158884 2 0.521773 0.135616 2 0.482131 0.109763 2 0.458576 0.092635 2 0.456278 0.073245 2
0 0.739790 0.101396 0.506149 0.129408 0.489839 0.086364 0.723480 0.058353 0.730125 0.082354 2 0.704846 0.082677 2 0.651991 0.087202 2 0.596837 0.095927 2 0.534790 0.103683 2 0.503766 0.106592 2
0 0.593038 0.445473 0.238523 0.557017 0.181133 0.499305 0.535648 0.387760 0.216849 0.525604 2 0.256511 0.509669 2 0.316712 0.488156 2 0.417283 0.460269 2 0.498023 0.437162 2 0.539102 0.411665 2
0 0.646967 0.289708 0.712500 0.305729 0.629641 0.412966 0.564107 0.396944 0.600313 0.402986 2 0.613527 0.386828 2 0.627889 0.359682 2 0.645125 0.330597 2 0.661786 0.315408 2 0.679596 0.305390 2
0 0.208456 0.547483 0.430770 0.571533 0.416081 0.614496 0.193767 0.590446 0.199497 0.569425 2 0.227074 0.571041 2 0.273609 0.575889 2 0.342551 0.583968 2 0.375873 0.585260 2 0.410344 0.578474 2
0 0.426865 0.596075 0.616837 0.625650 0.595743 0.668523 0.405771 0.638949 0.608150 0.650814 2 0.584777 0.644041 2 0.542991 0.634081 2 0.489872 0.622129 2 0.450919 0.624918 2 0.424713 0.629699 2
0 0.549319 0.566873 0.629167 0.577865 0.551539 0.756298 0.471691 0.745307 0.514349 0.746979 2 0.526465 0.724172 2 0.541379 0.684588 2 0.553495 0.647888 2 0.571671 0.605945 2 0.580991 0.579469 2
0 0.307574 0.772397 0.493185 0.774485 0.491963 0.808853 0.306352 0.806765 0.310239 0.789434 2 0.330653 0.789646 2 0.370347 0.792198 2 0.430454 0.795600 2 0.461075 0.793687 2 0.489050 0.784968 2
0 0.204807 0.809826 0.401697 0.887232 0.355093 0.924740 0.158203 0.847334 0.186373 0.833531 2 0.206612 0.844743 2 0.245557 0.858370 2 0.293395 0.871997 2 0.325287 0.887521 2 0.351046 0.900285 2
0 0.685185 0.726042 0.554924 0.816503 0.497965 0.790552 0.628226 0.700090 0.523670 0.798839 2 0.541082 0.789044 2 0.564216 0.770574 2 0.599787 0.747067 2 0.618941 0.734754 2 0.633369 0.722301 2
