0 0.322111 0.258818 0.371749 0.267762 0.325167 0.349561 0.275528 0.340617 0.299478 0.345126 2 0.302961 0.334492 2 0.311667 0.314203 2 0.321368 0.291816 2 0.335049 0.278523 2 0.354701 0.265790 2
0 0.509371 0.519887 0.467612 0.527671 0.409704 0.429377 0.451462 0.421593 0.434335 0.429104 2 0.440553 0.440158 2 0.446772 0.459467 2 0.457717 0.485493 2 0.474881 0.505781 2 0.498512 0.512078 2
0 0.579047 0.342128 0.618771 0.359115 0.528261 0.426086 0.488537 0.409100 0.507250 0.416739 2 0.519731 0.409047 2 0.543365 0.393587 2 0.576558 0.374692 2 0.588217 0.366066 2 0.591875 0.351866 2
0 0.612476 0.472017 0.467438 0.506510 0.453825 0.488399 0.598864 0.453906 0.600292 0.462210 2 0.582133 0.467247 2 0.554521 0.472564 2 0.521189 0.479421 2 0.486364 0.488795 2 0.468702 0.494112 2
0 0.600499 0.560355 0.634575 0.560930 0.629867 0.649184 0.595790 0.648609 0.620647 0.562954 2 0.619638 0.573282 2 0.616409 0.586676 2 0.609952 0.606312 2 0.608741 0.625834 2 0.612863 0.640484 2
0 0.504529 0.571361 0.459057 0.591212 0.314966 0.486778 0.360438 0.466927 0.483382 0.578063 2 0.466210 0.565471 2 0.436464 0.545634 2 0.390160 0.518725 2 0.360414 0.500269 2 0.337108 0.479397 2
0 0.537512 0.651997 0.475667 0.675797 0.309049 0.538802 0.370893 0.515003 0.498800 0.663341 2 0.480401 0.649714 2 0.447589 0.625392 2 0.406804 0.595896 2 0.362646 0.556223 2 0.341793 0.528796 2
0 0.380053 0.717072 0.245428 0.723143 0.241890 0.698321 0.376515 0.692250 0.249561 0.715391 2 0.265507 0.710043 2 0.294639 0.703144 2 0.333182 0.698712 2 0.358116 0.706938 2 0.370996 0.714011 2
0 0.318177 0.668440 0.472837 0.680700 0.467931 0.700281 0.313272 0.688021 0.327949 0.678656 2 0.348098 0.681034 2 0.380186 0.685232 2 0.418245 0.692508 2 0.443867 0.692228 2 0.464264 0.687051 2
0 0.633898 0.696895 0.482323 0.711530 0.477368 0.695293 0.628943 0.680657 0.623274 0.689059 2 0.605827 0.691906 2 0.579332 0.695117 2 0.542713 0.699661 2 0.512771 0.702205 2 0.489723 0.700812 2
0 0.575772 0.664323 0.444157 0.725425 0.422006 0.710328 0.553621 0.649226 0.433305 0.715025 2 0.450328 0.708027 2 0.478153 0.695874 2 0.509186 0.680641 2 0.525762 0.671512 2 0.548284 0.659958 2
0 0.613614 0.713301 0.480562 0.743194 0.468307 0.725934 0.601359 0.696042 0.599473 0.702990 2 0.584414 0.707778 2 0.561663 0.713762 2 0.530891 0.721680 2 0.492316 0.731304 2 0.477898 0.725415 2
