0 0.400198 0.392708 0.369238 0.394280 0.355722 0.310032 0.386682 0.308460 0.383419 0.390967 2 0.381127 0.380379 2 0.378672 0.362701 2 0.374744 0.339407 2 0.372452 0.321178 2 0.372125 0.309485 2
0 0.462777 0.337420 0.430809 0.355208 0.328036 0.296771 0.360003 0.278982 0.342936 0.290497 2 0.357583 0.297342 2 0.382463 0.307460 2 0.422421 0.325635 2 0.430929 0.343264 2 0.424682 0.356653 2
0 0.616746 0.354964 0.650240 0.368414 0.564920 0.435640 0.531425 0.422189 0.543322 0.426673 2 0.557003 0.417718 2 0.579888 0.402746 2 0.604017 0.386935 2 0.617947 0.374902 2 0.619440 0.360909 2
0 0.621076 0.401176 0.647535 0.409501 0.567382 0.490104 0.540923 0.481779 0.633872 0.408509 2 0.625912 0.416065 2 0.608002 0.432296 2 0.588350 0.451325 2 0.569062 0.471772 2 0.551682 0.479503 2
0 0.590766 0.505844 0.559975 0.519010 0.467610 0.450667 0.498401 0.437500 0.484081 0.448630 2 0.495274 0.455766 2 0.511692 0.468639 2 0.532836 0.485149 2 0.556958 0.497850 2 0.572178 0.502672 2
0 0.547012 0.605990 0.489633 0.621184 0.400199 0.514326 0.457577 0.499131 0.500387 0.613114 2 0.498646 0.596183 2 0.494417 0.563721 2 0.480238 0.539234 2 0.445413 0.522304 2 0.416558 0.510830 2
0 0.635648 0.697656 0.483750 0.708827 0.479572 0.690851 0.631470 0.679680 0.623592 0.691045 2 0.607388 0.691597 2 0.574160 0.691321 2 0.539296 0.690492 2 0.508688 0.695925 2 0.491993 0.702646 2
0 0.476241 0.707624 0.621486 0.707624 0.621486 0.728574 0.476241 0.728574 0.615600 0.717548 2 0.595855 0.716860 2 0.564928 0.715287 2 0.529719 0.713027 2 0.501613 0.716047 2 0.481316 0.722860 2
0 0.510366 0.644792 0.442993 0.668027 0.284709 0.522807 0.352082 0.499572 0.471418 0.649591 2 0.453740 0.633939 2 0.419040 0.603556 2 0.383685 0.571240 2 0.350294 0.536621 2 0.321814 0.517931 2
0 0.291511 0.664995 0.428112 0.688763 0.418796 0.705704 0.282195 0.681936 0.290472 0.670128 2 0.311861 0.675349 2 0.337890 0.682840 2 0.371386 0.693395 2 0.404276 0.694984 2 0.426876 0.691693 2
0 0.453956 0.699740 0.346377 0.732798 0.328877 0.714779 0.436456 0.681721 0.339994 0.720845 2 0.355330 0.716078 2 0.386202 0.707906 2 0.416873 0.699620 2 0.432006 0.695648 2 0.447544 0.689632 2
0 0.513889 0.683193 0.391621 0.738809 0.374227 0.726710 0.496495 0.671094 0.385090 0.732957 2 0.398512 0.725959 2 0.426501 0.712425 2 0.455145 0.699903 2 0.478088 0.688068 2 0.496393 0.677346 2
