0 0.272276 0.211923 0.235648 0.215885 0.202724 0.119587 0.239352 0.115625 0.221729 0.124171 2 0.226640 0.135679 2 0.232911 0.155025 2 0.237825 0.179054 2 0.248032 0.197767 2 0.260885 0.208824 2
0 0.570085 0.145750 0.614586 0.146501 0.609316 0.245282 0.564815 0.244531 0.587413 0.150500 2 0.587679 0.161329 2 0.586226 0.178540 2 0.586840 0.204931 2 0.585920 0.220283 2 0.596959 0.235117 2
0 0.442799 0.177000 0.485648 0.193490 0.384222 0.276883 0.341373 0.260393 0.359363 0.263296 2 0.374484 0.253727 2 0.394520 0.238842 2 0.424385 0.220555 2 0.446311 0.200779 2 0.451225 0.189296 2
0 0.605093 0.417969 0.566390 0.421706 0.539199 0.332602 0.577901 0.328865 0.559380 0.336535 2 0.562654 0.347675 2 0.567564 0.365813 2 0.576795 0.387176 2 0.581724 0.404387 2 0.592620 0.412105 2
0 0.449594 0.363825 0.476925 0.382422 0.338369 0.446852 0.311038 0.428255 0.454726 0.378100 2 0.440007 0.386035 2 0.416395 0.400352 2 0.390636 0.412599 2 0.355064 0.421741 2 0.331758 0.427433 2
0 0.327647 0.447644 0.286339 0.459447 0.207612 0.372269 0.248921 0.360466 0.220439 0.371122 2 0.234483 0.380885 2 0.255145 0.396161 2 0.284150 0.415446 2 0.297336 0.431143 2 0.290590 0.443390 2
0 0.355179 0.440458 0.434722 0.459375 0.296210 0.643657 0.216667 0.624740 0.256610 0.625654 2 0.275623 0.600987 2 0.302915 0.565281 2 0.338180 0.522330 2 0.373139 0.490074 2 0.390618 0.469548 2
0 0.531602 0.540168 0.600320 0.556510 0.504704 0.683722 0.435986 0.667379 0.476964 0.673606 2 0.491010 0.655627 2 0.506522 0.628482 2 0.526056 0.592610 2 0.540993 0.572897 2 0.559377 0.555446 2
0 0.631167 0.729698 0.581018 0.735417 0.549388 0.647645 0.599537 0.641927 0.601248 0.729980 2 0.599309 0.720711 2 0.596437 0.702332 2 0.592416 0.678741 2 0.579202 0.664845 2 0.568861 0.658382 2
0 0.400463 0.697135 0.574395 0.697135 0.574395 0.719010 0.400463 0.719010 0.408092 0.708598 2 0.427059 0.708257 2 0.457326 0.708030 2 0.505956 0.709165 2 0.535214 0.708938 2 0.559226 0.706328 2
0 0.301318 0.713471 0.450382 0.759278 0.427778 0.782552 0.278714 0.736746 0.296977 0.724738 2 0.316549 0.732683 2 0.348431 0.744487 2 0.380514 0.756632 2 0.409974 0.763102 2 0.433986 0.760037 2
0 0.501852 0.721094 0.652099 0.764024 0.633631 0.784475 0.483384 0.741545 0.637440 0.771062 2 0.616296 0.764626 2 0.582217 0.754691 2 0.542168 0.741958 2 0.517542 0.738320 2 0.498885 0.737481 2
