0 0.401709 0.290365 0.242036 0.317167 0.232591 0.299362 0.392264 0.272559 0.241811 0.308548 2 0.259224 0.303930 2 0.292557 0.296234 2 0.333352 0.288259 2 0.357978 0.285041 2 0.384594 0.283362 2
0 0.662479 0.351052 0.498471 0.375594 0.488855 0.355260 0.652862 0.330719 0.494808 0.367320 2 0.511064 0.362642 2 0.541307 0.355625 2 0.579110 0.346694 2 0.602549 0.347119 2 0.622584 0.349245 2
0 0.383191 0.776042 0.321339 0.783457 0.297505 0.720555 0.359356 0.713140 0.317539 0.717949 2 0.319429 0.727093 2 0.321697 0.743041 2 0.326233 0.763455 2 0.340221 0.773449 2 0.373110 0.769834 2
0 0.589209 0.447396 0.384012 0.500332 0.351950 0.461008 0.557148 0.408072 0.366725 0.478198 2 0.395078 0.470755 2 0.448381 0.459485 2 0.518318 0.449065 2 0.544024 0.439921 2 0.563682 0.422910 2
0 0.479320 0.429143 0.624252 0.492414 0.601809 0.508680 0.456878 0.445409 0.470096 0.441145 2 0.488802 0.448045 2 0.518241 0.459257 2 0.557493 0.473057 2 0.586318 0.488581 2 0.601038 0.499448 2
0 0.470228 0.676563 0.405721 0.688186 0.311450 0.522644 0.375957 0.511021 0.438615 0.679957 2 0.424187 0.660228 2 0.404785 0.627766 2 0.373442 0.580192 2 0.358020 0.544932 2 0.353293 0.522684 2
0 0.685491 0.641381 0.596249 0.726899 0.554516 0.713120 0.643757 0.627601 0.576576 0.716905 2 0.588525 0.706897 2 0.606583 0.690691 2 0.631810 0.669181 2 0.644423 0.650286 2 0.646946 0.637515 2
0 0.314805 0.630988 0.460762 0.693401 0.433191 0.713802 0.287234 0.651389 0.304414 0.643285 2 0.322419 0.652400 2 0.346317 0.662804 2 0.381999 0.678088 2 0.411134 0.688860 2 0.434213 0.699448 2
0 0.481339 0.683594 0.355352 0.717827 0.341844 0.702098 0.467832 0.667865 0.350351 0.710610 2 0.365082 0.707020 2 0.397283 0.699102 2 0.432649 0.691532 2 0.452487 0.682345 2 0.462144 0.669639 2
0 0.625128 0.701906 0.491456 0.726823 0.481091 0.709229 0.614763 0.684312 0.616116 0.694077 2 0.000000 0.000000 0 0.564291 0.703909 2 0.527799 0.708221 2 0.000000 0.000000 0 0.485481 0.717536 2
0 0.595691 0.750261 0.570158 0.763912 0.456250 0.696498 0.481783 0.682848 0.580126 0.755208 2 0.562369 0.747717 2 0.533515 0.732280 2 0.504256 0.714234 2 0.481859 0.700159 2 0.467330 0.692668 2
0 0.553987 0.726010 0.526246 0.736458 0.458965 0.679934 0.486706 0.669487 0.000000 0.000000 0 0.000000 0.000000 0 0.000000 0.000000 0 0.000000 0.000000 0 0.481272 0.686156 2 0.480408 0.672857 2
