0 0.276178 0.366406 0.228504 0.371286 0.188678 0.248177 0.236353 0.243297 0.253749 0.365099 2 0.248842 0.347504 2 0.243936 0.321113 2 0.231167 0.284972 2 0.208057 0.265225 2 0.205297 0.250908 2
0 0.336677 0.194156 0.372938 0.213542 0.224369 0.301468 0.188108 0.282082 0.216242 0.291112 2 0.695220 0.709631 2 0.251661 0.265422 2 0.295934 0.232916 2 0.321100 0.220595 2 0.344401 0.214041 2
0 0.547387 0.124721 0.575492 0.143084 0.410062 0.223196 0.381957 0.204833 0.405694 0.209713 2 0.427132 0.197916 2 0.459288 0.184809 2 0.519406 0.160954 2 0.539446 0.144963 2 0.542708 0.126613 2
0 0.662466 0.131108 0.624790 0.148958 0.508842 0.071526 0.546518 0.053675 0.530012 0.065880 2 0.545434 0.073576 2 0.567324 0.087283 2 0.596657 0.108754 2 0.616826 0.120870 2 0.637132 0.133042 2
0 0.699327 0.040104 0.730519 0.052108 0.589604 0.167969 0.558412 0.155965 0.706001 0.052912 2 0.688234 0.062907 2 0.667820 0.079493 2 0.636821 0.107987 2 0.609224 0.129677 2 0.596888 0.145200 2
0 0.619758 0.088959 0.645905 0.101601 0.538867 0.171650 0.512720 0.159008 0.626858 0.100611 2 0.613365 0.107511 2 0.000000 0.000000 0 0.583006 0.126140 2 0.549888 0.149771 2 0.528728 0.163226 2
0 0.572475 0.438281 0.310442 0.593111 0.234221 0.552296 0.496255 0.397466 0.277308 0.567797 2 0.310396 0.546563 2 0.367718 0.515106 2 0.440420 0.473163 2 0.488421 0.445638 2 0.511723 0.423094 2
0 0.351184 0.783771 0.299261 0.790609 0.252033 0.677151 0.303956 0.670312 0.279984 0.678864 2 0.282437 0.692318 2 0.288877 0.713363 2 0.302983 0.739409 2 0.313103 0.764075 2 0.332729 0.777530 2
0 0.398401 0.656771 0.466456 0.656771 0.466456 0.764062 0.398401 0.764062 0.424049 0.657184 2 0.428286 0.671031 2 0.437239 0.691210 2 0.449221 0.729415 2 0.443420 0.742878 2 0.428690 0.752752 2
0 0.566990 0.577956 0.644697 0.589583 0.565654 0.756719 0.487948 0.745091 0.528522 0.744686 2 0.539265 0.722415 2 0.554178 0.689909 2 0.571421 0.644296 2 0.581674 0.622014 2 0.602179 0.597634 2
0 0.673058 0.830680 0.635520 0.843337 0.550512 0.763566 0.588050 0.750909 0.650947 0.834411 2 0.639296 0.822877 2 0.625781 0.807410 2 0.603877 0.781458 2 0.583372 0.767827 2 0.558206 0.761011 2
0 0.696272 0.695338 0.726641 0.712237 0.594191 0.787549 0.563822 0.770650 0.000000 0.000000 0 0.603877 0.767302 2 0.630441 0.753671 2 0.677044 0.732437 2 0.685433 0.722738 2 0.000000 0.000000 0
