0 0.175532 0.178309 0.395176 0.180781 0.394030 0.213008 0.174386 0.210537 0.178067 0.194229 2 0.203773 0.193591 2 0.246869 0.194867 2 0.307355 0.198270 2 0.346293 0.196143 2 0.375023 0.191252 2
0 0.441204 0.117448 0.292637 0.183655 0.258850 0.159667 0.407417 0.093459 0.281794 0.169926 2 0.299184 0.159932 2 0.332073 0.143771 2 0.375547 0.125271 2 0.406168 0.114000 2 0.430362 0.108259 2
0 0.590684 0.042877 0.636574 0.062500 0.492076 0.169419 0.446185 0.149796 0.469678 0.157593 2 0.485555 0.144409 2 0.522981 0.117403 2 0.559650 0.095500 2 0.589515 0.067006 2 0.601612 0.054460 2
0 0.741667 0.085677 0.522642 0.123788 0.507435 0.096136 0.726460 0.058025 0.727957 0.070924 2 0.703253 0.074479 2 0.656142 0.082881 2 0.595818 0.096454 2 0.553304 0.109381 2 0.000000 0.000000 0
0 0.716220 0.178603 0.665920 0.186739 0.618682 0.094334 0.668981 0.086198 0.687123 0.180933 2 0.681064 0.164942 2 0.668947 0.140300 2 0.651238 0.106746 2 0.000000 0.000000 0 0.000000 0.000000 0
0 0.618519 0.441146 0.286755 0.571576 0.205396 0.506097 0.537159 0.375667 0.247815 0.533879 2 0.291471 0.512760 2 0.358700 0.484275 2 0.446011 0.453334 2 0.514987 0.429760 2 0.555150 0.413553 2
0 0.439712 0.675733 0.365771 0.678232 0.353806 0.566194 0.427747 0.563695 0.388112 0.568234 2 0.391892 0.583119 2 0.395294 0.607148 2 0.399453 0.630113 2 0.402855 0.659246 2 0.402855 0.674981 2
0 0.305125 0.630588 0.370556 0.648823 0.276852 0.755208 0.211421 0.736973 0.336553 0.642345 2 0.318766 0.658175 2 0.293897 0.683953 2 0.267333 0.709905 2 0.251488 0.731663 2 0.251488 0.746081 2
0 0.421349 0.681902 0.481301 0.687690 0.453704 0.778125 0.393751 0.772336 0.422925 0.775231 2 0.427525 0.765399 2 0.437031 0.744009 2 0.450524 0.716238 2 0.448377 0.701749 2 0.434884 0.691227 2
0 0.561079 0.568971 0.639996 0.580306 0.559689 0.757218 0.480772 0.745883 0.519626 0.748514 2 0.534747 0.725761 2 0.556673 0.682168 2 0.575575 0.638151 2 0.587294 0.610932 2 0.595233 0.585202 2
0 0.649330 0.695590 0.700463 0.720312 0.584194 0.796402 0.533061 0.771680 0.561042 0.781500 2 0.575916 0.772735 2 0.604954 0.752417 2 0.638950 0.732896 2 0.660197 0.722538 2 0.687110 0.717758 2
0 0.473850 0.855946 0.674766 0.857076 0.674298 0.883377 0.473382 0.882247 0.480160 0.866434 2 0.503140 0.868696 2 0.544505 0.869989 2 0.602531 0.874513 2 0.634704 0.869989 2 0.657110 0.863848 2
