0 0.432038 0.245013 0.465767 0.259738 0.370064 0.329101 0.336336 0.314376 0.354164 0.321028 2 0.365358 0.312352 2 0.383019 0.296961 2 0.405158 0.278351 2 0.428043 0.264779 2 0.444958 0.260161 2
0 0.597175 0.382857 0.637216 0.386492 0.613672 0.468556 0.573632 0.464921 0.617876 0.382904 2 0.613129 0.394321 2 0.606418 0.409733 2 0.597377 0.432753 2 0.592052 0.452307 2 0.587703 0.466864 2
0 0.346971 0.352941 0.379630 0.353125 0.378029 0.443152 0.345370 0.442969 0.365757 0.441166 2 0.363280 0.430807 2 0.361988 0.415297 2 0.357464 0.394154 2 0.360157 0.372889 2 0.370927 0.359016 2
0 0.458779 0.424505 0.426535 0.439475 0.347480 0.385596 0.379725 0.370627 0.362288 0.376290 2 0.369981 0.381630 2 0.386349 0.392126 2 0.410901 0.407870 2 0.427597 0.419563 2 0.429725 0.433466 2
0 0.270361 0.632194 0.239815 0.635677 0.210194 0.553483 0.240741 0.550000 0.223874 0.553289 2 0.230585 0.565534 2 0.235987 0.582475 2 0.244334 0.598955 2 0.251546 0.620690 2 0.254185 0.631778 2
0 0.312784 0.453085 0.388800 0.464460 0.312628 0.625526 0.236612 0.614151 0.264982 0.614777 2 0.274488 0.596493 2 0.296261 0.564582 2 0.325700 0.528358 2 0.340112 0.486615 2 0.329073 0.462293 2
0 0.490798 0.539348 0.543771 0.547917 0.478123 0.676335 0.425149 0.667766 0.447386 0.669048 2 0.457698 0.655790 2 0.473902 0.632404 2 0.488142 0.605980 2 0.500745 0.575136 2 0.505165 0.555894 2
0 0.512118 0.716746 0.389593 0.729288 0.383294 0.709816 0.505819 0.697275 0.387482 0.717824 2 0.403402 0.716704 2 0.434247 0.713766 2 0.467828 0.713906 2 0.498673 0.707749 2 0.509867 0.703692 2
0 0.498389 0.687825 0.600293 0.717667 0.582660 0.736719 0.480756 0.706877 0.586546 0.728873 2 0.570296 0.724057 2 0.548542 0.714965 2 0.524167 0.703613 2 0.497520 0.698551 2 0.484066 0.699682 2
0 0.452323 0.735142 0.602315 0.753125 0.594935 0.772601 0.444943 0.754619 0.590878 0.764303 2 0.569893 0.760444 2 0.536599 0.754315 2 0.505121 0.747505 2 0.479696 0.746824 2 0.455281 0.747732 2
0 0.435637 0.737601 0.338603 0.804987 0.305146 0.789743 0.402180 0.722357 0.323182 0.796334 2 0.333381 0.790318 2 0.356266 0.776046 2 0.383877 0.757856 2 0.397807 0.742184 2 0.405519 0.726233 2
0 0.623858 0.464765 0.589141 0.478125 0.513222 0.415703 0.547938 0.402344 0.604361 0.471417 2 0.593558 0.460829 2 0.576863 0.449228 2 0.548546 0.433207 2 0.535452 0.417279 2 0.548546 0.405310 2
