0 0.390029 0.366927 0.354988 0.370923 0.320148 0.274245 0.355189 0.270249 0.371559 0.364148 2 0.366833 0.352675 2 0.359121 0.330287 2 0.352405 0.309299 2 0.346933 0.290969 2 0.340216 0.277397 2
0 0.489561 0.482979 0.453561 0.488802 0.407646 0.398984 0.443645 0.393162 0.427420 0.399408 2 0.430474 0.409939 2 0.437644 0.426519 2 0.452249 0.444294 2 0.468936 0.469750 2 0.454910 0.481348 2
0 0.645822 0.366583 0.537022 0.430871 0.508887 0.415805 0.617687 0.351517 0.527910 0.419401 2 0.539411 0.411342 2 0.565441 0.397382 2 0.595305 0.379335 2 0.611245 0.366736 2 0.615281 0.354705 2
0 0.636050 0.406760 0.669628 0.420531 0.569658 0.497656 0.536080 0.483885 0.647145 0.417599 2 0.636047 0.425771 2 0.617685 0.438710 2 0.598314 0.454487 2 0.577355 0.470605 2 0.562047 0.481206 2
0 0.659936 0.576042 0.627720 0.582656 0.573521 0.499137 0.605737 0.492522 0.589607 0.500074 2 0.596378 0.510605 2 0.605009 0.524646 2 0.618552 0.541301 2 0.628117 0.559538 2 0.635381 0.573385 2
0 0.575250 0.622698 0.530720 0.636058 0.422902 0.522354 0.467431 0.508994 0.553441 0.623597 2 0.541940 0.611793 2 0.523376 0.593405 2 0.498153 0.564235 2 0.470711 0.539719 2 0.447506 0.524510 2
0 0.541350 0.642561 0.470088 0.668254 0.300777 0.519671 0.372039 0.493978 0.506199 0.654945 2 0.480492 0.636870 2 0.447225 0.611140 2 0.405263 0.576479 2 0.371996 0.544369 2 0.353850 0.524381 2
0 0.643232 0.692130 0.505357 0.710289 0.499364 0.695890 0.637238 0.677732 0.635774 0.685600 2 0.618623 0.687643 2 0.587548 0.689573 2 0.549412 0.692524 2 0.522575 0.699334 2 0.509257 0.702626 2
0 0.617543 0.706428 0.483967 0.742723 0.469195 0.725521 0.602771 0.689226 0.605702 0.697024 2 0.589762 0.701810 2 0.557990 0.709322 2 0.527725 0.714532 2 0.501472 0.726139 2 0.489257 0.734056 2
0 0.324263 0.665037 0.466880 0.687240 0.460096 0.701029 0.317479 0.678827 0.325817 0.670844 2 0.344179 0.674703 2 0.375253 0.679470 2 0.410968 0.686848 2 0.437805 0.692863 2 0.460405 0.691615 2
0 0.545584 0.673958 0.426546 0.723812 0.408108 0.709882 0.527146 0.660028 0.416433 0.718287 2 0.430558 0.711250 2 0.461431 0.698538 2 0.496339 0.683102 2 0.511270 0.675837 2 0.526808 0.666303 2
0 0.402991 0.703125 0.264339 0.737954 0.249122 0.718787 0.387775 0.683958 0.262804 0.729702 2 0.276696 0.724296 2 0.307552 0.715101 2 0.352174 0.703127 2 0.376985 0.696986 2 0.376985 0.690776 2
