0 0.404794 0.213201 0.187678 0.235425 0.179116 0.208958 0.396231 0.186734 0.190185 0.222178 2 0.213245 0.218563 2 0.263146 0.215586 2 0.330058 0.210270 2 0.352362 0.205167 2 0.376178 0.197299 2
0 0.462280 0.070286 0.507407 0.091667 0.372242 0.181933 0.327115 0.160552 0.354630 0.165402 2 0.369374 0.152218 2 0.394324 0.135207 2 0.426457 0.114155 2 0.458212 0.095442 2 0.478626 0.084810 2
0 0.578793 0.066786 0.618783 0.085733 0.469907 0.185156 0.429917 0.166209 0.457197 0.175742 2 0.473509 0.162634 2 0.507995 0.137206 2 0.545278 0.113614 2 0.572308 0.094477 2 0.589551 0.076389 2
0 0.718055 0.051042 0.749687 0.078752 0.549537 0.151042 0.517906 0.123331 0.725814 0.064466 2 0.702978 0.070233 2 0.654977 0.088059 2 0.605577 0.106409 2 0.574819 0.117943 2 0.555712 0.133934 2
0 0.721053 0.122279 0.680494 0.142289 0.534904 0.048916 0.575463 0.028906 0.694217 0.133052 2 0.679851 0.120931 2 0.656791 0.103920 2 0.623902 0.080741 2 0.588367 0.059264 2 0.555099 0.048207 2
0 0.612434 0.425781 0.275465 0.566906 0.217147 0.522846 0.554115 0.381722 0.261637 0.542486 2 0.304262 0.521096 2 0.366819 0.490738 2 0.441950 0.456239 2 0.510333 0.430883 2 0.554185 0.413633 2
0 0.263426 0.643490 0.328439 0.643490 0.328439 0.779687 0.263426 0.779687 0.296166 0.651101 2 0.292793 0.669385 2 0.291566 0.700434 2 0.290340 0.732517 2 0.292486 0.750284 2 0.301992 0.768741 2
0 0.454874 0.729633 0.407653 0.736699 0.361966 0.640093 0.409186 0.633028 0.428314 0.737466 2 0.423889 0.726540 2 0.416952 0.701177 2 0.409890 0.669354 2 0.391948 0.656482 2 0.386822 0.645996 2
0 0.377315 0.589063 0.431019 0.589063 0.431019 0.714844 0.377315 0.714844 0.399615 0.591265 2 0.400548 0.606732 2 0.401480 0.628228 2 0.000000 0.000000 0 0.000000 0.000000 0 0.000000 0.000000 0
0 0.566449 0.576383 0.645304 0.590104 0.545726 0.771177 0.466872 0.757457 0.516384 0.762727 2 0.529568 0.737960 2 0.544244 0.705778 2 0.558423 0.667300 2 0.576333 0.627422 2 0.594741 0.603635 2
0 0.688154 0.687010 0.727249 0.708334 0.584256 0.791284 0.545161 0.769960 0.569081 0.777798 2 0.586093 0.769504 2 0.615202 0.753343 2 0.652249 0.735056 2 0.674931 0.722510 2 0.693833 0.708263 2
0 0.718664 0.799389 0.589910 0.880187 0.550765 0.860451 0.679519 0.779652 0.568917 0.864512 2 0.588320 0.856956 2 0.621901 0.841285 2 0.660955 0.825754 2 0.678616 0.808823 2 0.673144 0.791333 2
