0 0.392802 0.208950 0.205884 0.266389 0.178922 0.238628 0.365840 0.181189 0.191425 0.249236 2 0.214808 0.241541 2 0.261076 0.232026 2 0.320776 0.216914 2 0.342915 0.206560 2 0.348387 0.192987 2
0 0.627368 0.060521 0.439141 0.128385 0.411559 0.104180 0.599786 0.036316 0.432966 0.115809 2 0.450752 0.106840 2 0.490924 0.090453 2 0.542748 0.071134 2 0.571267 0.061129 2 0.597333 0.051297 2
0 0.604408 0.116810 0.433584 0.194513 0.399285 0.170655 0.570110 0.092952 0.420679 0.183069 2 0.440337 0.171160 2 0.477762 0.151172 2 0.526151 0.130120 2 0.551857 0.112045 2 0.570759 0.101200 2
0 0.677145 0.085613 0.531408 0.118355 0.514577 0.094652 0.660314 0.061909 0.000000 0.000000 0 0.000000 0.000000 0 0.606673 0.081212 2 0.556394 0.092907 2 0.534820 0.107367 2 0.529931 0.117574 2
0 0.693771 0.038802 0.738663 0.060950 0.590067 0.156250 0.545176 0.134103 0.709266 0.054188 2 0.689640 0.062640 2 0.649468 0.085236 2 0.608070 0.109903 2 0.592124 0.128187 2 0.595497 0.146644 2
0 0.591919 0.423698 0.283602 0.572765 0.219480 0.530802 0.527798 0.381735 0.258362 0.545743 2 0.295787 0.525329 2 0.356273 0.497473 2 0.433770 0.462599 2 0.502195 0.432829 2 0.540376 0.407311 2
0 0.259975 0.651823 0.319234 0.651823 0.319234 0.781510 0.259975 0.781510 0.286411 0.658020 2 0.285491 0.673717 2 0.285798 0.701833 2 0.284265 0.725982 2 0.288864 0.754099 2 0.299291 0.771734 2
0 0.398338 0.670575 0.347523 0.678485 0.288327 0.558171 0.339141 0.550260 0.377295 0.673143 2 0.370490 0.660597 2 0.358015 0.633378 2 0.337223 0.606160 2 0.325882 0.581918 2 0.323236 0.567458 2
0 0.442382 0.735677 0.395078 0.738616 0.372128 0.621733 0.419433 0.618794 0.398737 0.622812 2 0.398737 0.639065 2 0.401067 0.661871 2 0.403863 0.686251 2 0.414116 0.712989 2 0.421106 0.730029 2
0 0.550726 0.586295 0.641354 0.601507 0.553972 0.766220 0.463344 0.751008 0.511642 0.757403 2 0.521429 0.733548 2 0.540070 0.695012 2 0.560110 0.641535 2 0.575023 0.619777 2 0.600189 0.595398 2
0 0.673215 0.693967 0.718308 0.716667 0.590775 0.796828 0.545681 0.774128 0.572747 0.781104 2 0.588080 0.772997 2 0.614759 0.757645 2 0.651864 0.738498 2 0.670263 0.725561 2 0.680383 0.713487 2
0 0.637316 0.764754 0.694127 0.779410 0.622911 0.866756 0.566101 0.852100 0.587467 0.857346 2 0.601266 0.848549 2 0.624265 0.826815 2 0.652171 0.806633 2 0.654930 0.786451 2 0.641131 0.773859 2
