0 0.420160 0.287760 0.267684 0.326062 0.250933 0.304963 0.403409 0.266661 0.263298 0.315974 2 0.280541 0.309158 2 0.309435 0.301031 2 0.348582 0.289759 2 0.372350 0.283992 2 0.397981 0.277701 2
0 0.637753 0.368750 0.483462 0.389071 0.474962 0.368650 0.629252 0.348329 0.484161 0.377853 2 0.501550 0.374664 2 0.531793 0.369347 2 0.567329 0.362968 2 0.598030 0.362252 2 0.625936 0.361558 2
0 0.584187 0.462071 0.349862 0.497134 0.336294 0.468444 0.570619 0.433381 0.345389 0.484803 2 0.379428 0.477040 2 0.421440 0.469451 2 0.470504 0.459964 2 0.524169 0.449614 2 0.562194 0.450994 2
0 0.475246 0.434892 0.631200 0.494908 0.604419 0.516927 0.448465 0.456912 0.463898 0.448114 2 0.480457 0.454496 2 0.507443 0.464328 2 0.540868 0.475023 2 0.587173 0.491754 2 0.612012 0.501069 2
0 0.687305 0.671867 0.539568 0.713040 0.522005 0.693100 0.669742 0.651927 0.537408 0.702398 2 0.561960 0.696414 2 0.596824 0.690061 2 0.636926 0.680302 2 0.655422 0.670266 2 0.664097 0.656547 2
0 0.285005 0.601248 0.416880 0.673177 0.386850 0.690598 0.254975 0.618668 0.272982 0.611610 2 0.291969 0.621278 2 0.316848 0.633799 2 0.354495 0.651200 2 0.373809 0.661236 2 0.388049 0.676704 2
0 0.500677 0.688802 0.448950 0.700423 0.329380 0.532031 0.381107 0.520410 0.468375 0.694266 2 0.453947 0.672299 2 0.426602 0.631021 2 0.399471 0.588625 2 0.386038 0.563299 2 0.372606 0.536574 2
0 0.390491 0.765104 0.354280 0.775708 0.284187 0.699976 0.320398 0.689371 0.305217 0.694624 2 0.312280 0.704613 2 0.321360 0.717892 2 0.336897 0.739117 2 0.350993 0.755743 2 0.369585 0.763520 2
0 0.483847 0.692411 0.363177 0.720313 0.351912 0.704898 0.472583 0.676996 0.359503 0.712626 2 0.380085 0.707859 2 0.409747 0.701957 2 0.448489 0.692763 2 0.000000 0.000000 0 0.000000 0.000000 0
0 0.640556 0.705367 0.515332 0.724861 0.508019 0.709998 0.633244 0.690504 0.632989 0.698868 2 0.615463 0.702303 2 0.585323 0.706112 2 0.551200 0.710071 2 0.529824 0.715000 2 0.599024 0.748383 2
0 0.477632 0.689727 0.608001 0.743195 0.591417 0.755990 0.461048 0.702522 0.581860 0.742086 2 0.555741 0.732292 2 0.510220 0.718159 2 0.484101 0.702768 2 0.476887 0.692554 2 0.000000 0.000000 0
0 0.516053 0.708162 0.595335 0.729704 0.588640 0.737500 0.509358 0.715958 0.585249 0.734188 2 0.574304 0.729011 2 0.000000 0.000000 0 0.000000 0.000000 0 0.000000 0.000000 0 0.000000 0.000000 0
