0 0.161343 0.102784 0.385990 0.106576 0.384540 0.133748 0.159893 0.129956 0.161519 0.111781 2 0.189481 0.111781 2 0.243541 0.117024 2 0.308785 0.120956 2 0.339543 0.118334 2 0.364243 0.115451 2
0 0.153102 0.136276 0.419739 0.154360 0.412948 0.186043 0.146310 0.167958 0.164032 0.151940 2 0.187404 0.152737 2 0.238398 0.156323 2 0.297891 0.157518 2 0.337553 0.162697 2 0.364466 0.168274 2
0 0.647654 0.213156 0.709865 0.216667 0.689315 0.331872 0.627104 0.328361 0.652515 0.327294 2 0.657111 0.311782 2 0.666878 0.282698 2 0.673198 0.256521 2 0.674921 0.234223 2 0.681241 0.218711 2
0 0.283686 0.527786 0.458944 0.569466 0.432802 0.604245 0.257545 0.562565 0.269922 0.549292 2 0.300281 0.554294 2 0.344439 0.563264 2 0.393810 0.569128 2 0.424476 0.584825 2 0.433675 0.597417 2
0 0.623520 0.414043 0.246365 0.544113 0.191531 0.493804 0.568685 0.363734 0.222789 0.514525 2 0.264154 0.498690 2 0.331947 0.475746 2 0.426167 0.443752 2 0.499131 0.421777 2 0.553710 0.404973 2
0 0.495755 0.635802 0.276475 0.650675 0.268917 0.615415 0.488197 0.600543 0.482701 0.618157 2 0.453807 0.620254 2 0.403009 0.621565 2 0.344289 0.623924 2 0.309802 0.629953 2 0.281374 0.634934 2
0 0.526994 0.728385 0.375545 0.800140 0.336252 0.773899 0.487702 0.702145 0.363402 0.783159 2 0.382510 0.775033 2 0.414200 0.760353 2 0.456609 0.741478 2 0.485503 0.726274 2 0.504144 0.716312 2
0 0.547326 0.551132 0.640420 0.565625 0.554264 0.740735 0.461170 0.726242 0.510203 0.732303 2 0.522786 0.709497 2 0.540495 0.676204 2 0.562398 0.631902 2 0.577778 0.599134 2 0.584302 0.570036 2
0 0.643658 0.680603 0.687346 0.701302 0.551537 0.791998 0.507850 0.771299 0.533712 0.779716 2 0.550724 0.770360 2 0.581723 0.749521 2 0.616063 0.727708 2 0.639274 0.712257 2 0.655022 0.698732 2
0 0.523291 0.876562 0.317535 0.892872 0.308951 0.858605 0.514706 0.842295 0.319950 0.873494 2 0.344900 0.872856 2 0.394045 0.868178 2 0.447726 0.862649 2 0.475322 0.863712 2 0.504053 0.867965 2
0 0.739802 0.079442 0.511254 0.104167 0.497626 0.064309 0.726174 0.039584 0.730921 0.059792 2 0.704824 0.060317 2 0.642841 0.065559 2 0.587849 0.072637 2 0.536585 0.083385 2 0.513750 0.087317 2
0 0.565245 0.013689 0.629375 0.038901 0.488280 0.152457 0.424150 0.127245 0.462952 0.139746 2 0.480661 0.124804 2 0.509090 0.098590 2 0.544042 0.068181 2 0.568742 0.045374 2 0.590645 0.033840 2
