0 0.298099 0.261502 0.441524 0.286458 0.428928 0.309364 0.285503 0.284407 0.290688 0.274583 2 0.309701 0.275790 2 0.346499 0.279585 2 0.389737 0.285967 2 0.417949 0.294419 2 0.424426 0.307184 2
0 0.368376 0.309375 0.421154 0.309375 0.421154 0.402604 0.368376 0.402604 0.395489 0.401479 2 0.394263 0.388542 2 0.389969 0.360081 2 0.388436 0.339382 2 0.391809 0.325065 2 0.402236 0.314370 2
0 0.617030 0.393682 0.654167 0.397917 0.621859 0.487568 0.584722 0.483333 0.637764 0.395933 2 0.633038 0.406288 2 0.626073 0.423358 2 0.619108 0.444347 2 0.603418 0.466293 2 0.589488 0.478326 2
0 0.627735 0.354791 0.660020 0.364245 0.589847 0.440064 0.557562 0.430610 0.574920 0.432320 2 0.583948 0.422312 2 0.598421 0.409541 2 0.617673 0.394529 2 0.628162 0.387061 2 0.639050 0.373841 2
0 0.545717 0.485203 0.518982 0.496875 0.434839 0.435890 0.461574 0.424219 0.447754 0.433609 2 0.458947 0.440326 2 0.472629 0.449701 2 0.499742 0.467051 2 0.517931 0.479200 2 0.528827 0.484762 2
0 0.488777 0.502662 0.541204 0.508333 0.498655 0.632781 0.446228 0.627110 0.475387 0.627877 2 0.480362 0.612485 2 0.492053 0.588139 2 0.506232 0.556516 2 0.505734 0.527413 2 0.502998 0.513560 2
0 0.453213 0.626105 0.371920 0.644368 0.259449 0.485972 0.340741 0.467708 0.416656 0.631847 2 0.401913 0.615473 2 0.381121 0.586979 2 0.354280 0.550829 2 0.324793 0.507024 2 0.307782 0.484059 2
0 0.384117 0.696615 0.357151 0.713200 0.249026 0.657577 0.275992 0.640991 0.261932 0.650135 2 0.275190 0.657225 2 0.299742 0.670667 2 0.326422 0.684109 2 0.347442 0.693948 2 0.370445 0.701893 2
0 0.642837 0.707898 0.481019 0.714280 0.478420 0.693433 0.640238 0.687052 0.624526 0.698433 2 0.606433 0.698950 2 0.580674 0.698260 2 0.547556 0.695500 2 0.511984 0.698433 2 0.490211 0.703780 2
0 0.510506 0.687500 0.394037 0.729492 0.375098 0.712872 0.491567 0.670880 0.392422 0.718632 2 0.404114 0.713734 2 0.428242 0.705199 2 0.471525 0.692886 2 0.479485 0.685610 2 0.484211 0.676375 2
0 0.475843 0.708482 0.623177 0.727887 0.615598 0.746094 0.468265 0.726689 0.614732 0.736932 2 0.596638 0.734509 2 0.569066 0.731237 2 0.544941 0.727663 2 0.508322 0.722998 2 0.477734 0.718273 2
0 0.510901 0.683594 0.386080 0.768526 0.357525 0.755248 0.482345 0.670315 0.366054 0.754840 2 0.379984 0.747844 2 0.405356 0.734692 2 0.431973 0.717761 2 0.451127 0.707407 2 0.475753 0.695094 2
