0 0.305863 0.306417 0.440233 0.329798 0.430556 0.347396 0.296185 0.324015 0.300405 0.315987 2 0.315276 0.318228 2 0.339839 0.322336 2 0.366261 0.325622 2 0.397596 0.330626 2 0.416981 0.338542 2
0 0.437037 0.372917 0.646296 0.372917 0.646296 0.406771 0.437037 0.406771 0.642780 0.386705 2 0.610862 0.383759 2 0.571415 0.381641 2 0.528367 0.379984 2 0.476481 0.391217 2 0.447182 0.402081 2
0 0.295370 0.420312 0.400000 0.420312 0.400000 0.594271 0.295370 0.594271 0.352299 0.590924 2 0.349925 0.568106 2 0.348035 0.545141 2 0.347657 0.513031 2 0.345010 0.453278 2 0.339340 0.424571 2
0 0.636197 0.437623 0.676826 0.450108 0.602692 0.526439 0.562063 0.513954 0.653406 0.446566 2 0.645089 0.456135 2 0.632992 0.467617 2 0.619761 0.481439 2 0.594810 0.501853 2 0.578933 0.516101 2
0 0.388889 0.729167 0.278502 0.762286 0.258661 0.741362 0.369048 0.708242 0.275979 0.751066 2 0.289788 0.745614 2 0.307579 0.738669 2 0.330151 0.730154 2 0.352059 0.723508 2 0.368523 0.714695 2
0 0.607407 0.568229 0.647465 0.579393 0.585351 0.649913 0.545293 0.638749 0.567856 0.640073 2 0.577060 0.630138 2 0.586761 0.617126 2 0.604920 0.599076 2 0.618601 0.587882 2 0.625566 0.575429 2
0 0.554127 0.633230 0.579630 0.645313 0.503122 0.696407 0.477619 0.684324 0.491478 0.686793 2 0.504391 0.679415 2 0.521745 0.666476 2 0.540107 0.654899 2 0.556451 0.645478 2 0.564724 0.640144 2
0 0.633642 0.599319 0.675926 0.609375 0.624604 0.677656 0.582321 0.667600 0.646019 0.603994 2 0.640499 0.615724 2 0.632833 0.629006 2 0.623940 0.643150 2 0.612594 0.654017 2 0.596954 0.666954 2
0 0.638712 0.725999 0.515741 0.747396 0.506977 0.731459 0.629948 0.710062 0.000000 0.000000 0 0.612806 0.720847 2 0.590170 0.725185 2 0.563056 0.729802 2 0.533952 0.734700 2 0.515794 0.739037 2
0 0.631802 0.657552 0.667913 0.657552 0.667913 0.743750 0.631802 0.743750 0.642816 0.742869 2 0.646002 0.731218 2 0.000000 0.000000 0 0.653432 0.691775 2 0.652610 0.675793 2 0.649044 0.661791 2
0 0.537038 0.709896 0.644668 0.772232 0.614814 0.788542 0.507184 0.726205 0.626276 0.779935 2 0.610356 0.771260 2 0.586974 0.757267 2 0.561352 0.742995 2 0.539711 0.731382 2 0.524537 0.722147 2
0 0.667593 0.681250 0.696958 0.695163 0.610577 0.752850 0.581212 0.738937 0.598878 0.744601 2 0.612808 0.735226 2 0.629226 0.723192 2 0.654847 0.707241 2 0.664535 0.694110 2 0.666512 0.683101 2
