0 0.195370 0.088021 0.408333 0.088021 0.408333 0.119531 0.195370 0.119531 0.204602 0.105429 2 0.226150 0.102665 2 0.263198 0.100325 2 0.314989 0.097986 2 0.355439 0.099475 2 0.380767 0.105004 2
0 0.631352 0.105493 0.664692 0.114785 0.585506 0.204687 0.552166 0.195396 0.644881 0.113650 2 0.637415 0.124773 2 0.625914 0.142593 2 0.609166 0.161321 2 0.592216 0.175168 2 0.575673 0.186248 2
0 0.621363 0.169139 0.662358 0.175521 0.617704 0.266278 0.576709 0.259896 0.635977 0.178310 2 0.631394 0.187149 2 0.623701 0.205195 2 0.609952 0.226187 2 0.602259 0.242391 2 0.603896 0.257767 2
0 0.374318 0.292130 0.344765 0.312240 0.204503 0.247017 0.234056 0.226908 0.222936 0.240741 2 0.240895 0.247891 2 0.267933 0.258674 2 0.303850 0.274791 2 0.333311 0.288866 2 0.350664 0.301010 2
0 0.478339 0.182954 0.512358 0.200781 0.385765 0.277218 0.351746 0.259391 0.374135 0.265764 2 0.388501 0.256833 2 0.410049 0.245776 2 0.445962 0.226637 2 0.473181 0.204522 2 0.478095 0.191551 2
0 0.510506 0.320312 0.462861 0.322192 0.451063 0.227537 0.498707 0.225658 0.474906 0.232299 2 0.476520 0.241379 2 0.479748 0.260561 2 0.483784 0.278721 2 0.484389 0.298130 2 0.484995 0.308118 2
0 0.411526 0.433022 0.487963 0.456510 0.329840 0.619321 0.253404 0.595833 0.286070 0.603771 2 0.303779 0.585683 2 0.338265 0.552653 2 0.384869 0.506777 2 0.420753 0.474796 2 0.439395 0.454873 2
0 0.555398 0.554803 0.609141 0.565838 0.517832 0.706543 0.464089 0.695508 0.497271 0.697060 2 0.508465 0.681389 2 0.529858 0.651305 2 0.549509 0.617444 2 0.562444 0.592258 2 0.572394 0.572389 2
0 0.634421 0.649597 0.676852 0.658854 0.618246 0.743847 0.575816 0.734590 0.596523 0.735053 2 0.604483 0.725958 2 0.618164 0.707629 2 0.638562 0.688179 2 0.644780 0.671109 2 0.642044 0.658236 2
0 0.391535 0.766653 0.354845 0.779882 0.258329 0.695181 0.295019 0.681952 0.276213 0.692157 2 0.286361 0.703113 2 0.300765 0.718489 2 0.324499 0.737823 2 0.345941 0.754120 2 0.368856 0.761762 2
0 0.400344 0.707733 0.568429 0.728876 0.561461 0.746403 0.393376 0.725260 0.404729 0.716291 2 0.424662 0.720258 2 0.456861 0.725606 2 0.493966 0.732505 2 0.518498 0.736128 2 0.554683 0.736473 2
0 0.515479 0.722588 0.642144 0.777885 0.619337 0.794415 0.492672 0.739118 0.615094 0.787703 2 0.606201 0.782183 2 0.588415 0.770109 2 0.562043 0.751997 2 0.532911 0.740268 2 0.510832 0.739405 2
