0 0.311522 0.268504 0.358155 0.269291 0.353233 0.361554 0.306599 0.360767 0.329987 0.358974 2 0.329489 0.347221 2 0.328992 0.321195 2 0.326504 0.298948 2 0.332474 0.286075 2 0.346902 0.275021 2
0 0.484789 0.517500 0.445331 0.521082 0.414380 0.413201 0.453838 0.409619 0.430012 0.415957 2 0.433039 0.426853 2 0.439496 0.446489 2 0.446962 0.467260 2 0.455033 0.495635 2 0.454226 0.511185 2
0 0.625972 0.360175 0.518440 0.430433 0.492126 0.417690 0.599658 0.347432 0.509893 0.421966 2 0.524100 0.412780 2 0.552115 0.396349 2 0.575218 0.382682 2 0.588761 0.370732 2 0.596064 0.359380 2
0 0.663887 0.443195 0.532312 0.497157 0.511268 0.480922 0.642843 0.426960 0.641621 0.437080 2 0.629509 0.442604 2 0.607903 0.454205 2 0.579423 0.468476 2 0.552252 0.476947 2 0.528609 0.477160 2
0 0.643561 0.608854 0.602655 0.612097 0.582997 0.533629 0.623902 0.530386 0.599037 0.533281 2 0.605286 0.543381 2 0.613143 0.559861 2 0.621654 0.581222 2 0.622309 0.593927 2 0.613964 0.602542 2
0 0.382912 0.702604 0.256987 0.743160 0.240855 0.727312 0.366780 0.686755 0.251907 0.731941 2 0.266147 0.728258 2 0.291026 0.719327 2 0.320652 0.709476 2 0.353484 0.700243 2 0.358211 0.690029 2
0 0.321451 0.667422 0.464857 0.695052 0.455485 0.710443 0.312079 0.682813 0.321679 0.675745 2 0.338374 0.679059 2 0.366855 0.685136 2 0.400900 0.692409 2 0.429544 0.696092 2 0.449841 0.697749 2
0 0.550968 0.673177 0.418278 0.729917 0.399422 0.715965 0.532112 0.659225 0.413756 0.720557 2 0.428171 0.715250 2 0.454119 0.705568 2 0.483736 0.694020 2 0.508373 0.680653 2 0.526373 0.669084 2
0 0.635483 0.696203 0.488187 0.714731 0.482616 0.700719 0.629912 0.682191 0.625176 0.689951 2 0.609626 0.692345 2 0.582619 0.696488 2 0.545464 0.700999 2 0.506671 0.703577 2 0.489649 0.704774 2
0 0.610160 0.711105 0.469811 0.753214 0.453596 0.736114 0.593945 0.694005 0.596841 0.701450 2 0.582165 0.706347 2 0.553807 0.713623 2 0.520226 0.722858 2 0.498336 0.729154 2 0.476794 0.736763 2
0 0.526300 0.654525 0.470519 0.675082 0.307417 0.535049 0.363198 0.514492 0.494612 0.663571 2 0.474807 0.649669 2 0.443053 0.624994 2 0.401478 0.592677 2 0.362686 0.552995 2 0.346154 0.527584 2
0 0.560690 0.612240 0.512190 0.629343 0.390605 0.520257 0.439105 0.503153 0.528330 0.615912 2 0.518443 0.605356 2 0.495238 0.581861 2 0.472033 0.554167 2 0.454075 0.537936 2 0.423807 0.524089 2
