0 0.241635 0.063273 0.388666 0.124850 0.346759 0.156510 0.199729 0.094933 0.221267 0.079844 2 0.242426 0.087434 2 0.277385 0.100716 2 0.327982 0.115378 2 0.345462 0.129350 2 0.346075 0.144012 2
0 0.605584 0.111200 0.658428 0.120722 0.609722 0.206250 0.556879 0.196728 0.636930 0.117576 2 0.627975 0.128211 2 0.608821 0.150038 2 0.586433 0.170187 2 0.578722 0.183760 2 0.582702 0.200550 2
0 0.594271 0.208868 0.650824 0.213350 0.628584 0.302125 0.572031 0.297642 0.619774 0.211525 2 0.616949 0.221059 2 0.613720 0.238084 2 0.608676 0.258855 2 0.605246 0.275426 2 0.601614 0.291430 2
0 0.350000 0.313281 0.305523 0.334354 0.203255 0.266056 0.247731 0.244984 0.229061 0.253812 2 0.241975 0.262211 2 0.264978 0.280031 2 0.293833 0.296829 2 0.309168 0.313174 2 0.305939 0.324864 2
0 0.448028 0.187342 0.490135 0.207292 0.379238 0.281352 0.337131 0.261402 0.363505 0.269020 2 0.376108 0.260089 2 0.399351 0.246647 2 0.437652 0.225747 2 0.456966 0.208438 2 0.460240 0.197389 2
0 0.445466 0.270181 0.501091 0.275553 0.471617 0.372135 0.415992 0.366764 0.471516 0.275748 2 0.469793 0.286410 2 0.465192 0.304502 2 0.458139 0.329341 2 0.450472 0.342795 2 0.439148 0.357367 2
0 0.396837 0.436359 0.478098 0.460156 0.319104 0.631944 0.237843 0.608147 0.277923 0.615827 2 0.293256 0.595473 2 0.328521 0.558732 2 0.369613 0.517851 2 0.403345 0.483180 2 0.433090 0.456271 2
0 0.547997 0.556310 0.616987 0.573177 0.512620 0.708249 0.443630 0.691383 0.488229 0.698567 2 0.500832 0.681073 2 0.517855 0.653913 2 0.539624 0.618281 2 0.555010 0.592226 2 0.567777 0.574824 2
0 0.383192 0.766051 0.347080 0.779948 0.249770 0.699940 0.285883 0.686043 0.272405 0.697223 2 0.282898 0.707778 2 0.300856 0.723669 2 0.321438 0.742850 2 0.347932 0.759603 2 0.366288 0.767487 2
0 0.402491 0.708031 0.578144 0.723976 0.571488 0.747176 0.395835 0.731230 0.405416 0.720052 2 0.425058 0.723182 2 0.455993 0.727233 2 0.506870 0.732856 2 0.533414 0.734139 2 0.562385 0.732389 2
0 0.622545 0.649703 0.663283 0.657552 0.611192 0.743098 0.570453 0.735249 0.589777 0.734160 2 0.595669 0.725598 2 0.606963 0.710682 2 0.627260 0.685731 2 0.633316 0.668146 2 0.626114 0.655808 2
0 0.515058 0.725733 0.642130 0.785938 0.611581 0.806338 0.484510 0.746134 0.618219 0.796646 2 0.604002 0.789800 2 0.582677 0.776472 2 0.558444 0.758600 2 0.533133 0.747089 2 0.500607 0.742788 2
