0 0.404916 0.092737 0.209722 0.147135 0.187677 0.122107 0.382870 0.067708 0.205953 0.134375 2 0.222976 0.125629 2 0.253584 0.113199 2 0.290412 0.099757 2 0.335588 0.092576 2 0.371349 0.093404 2
0 0.632752 0.104510 0.675991 0.116561 0.595554 0.207884 0.552315 0.195833 0.648887 0.114932 2 0.637789 0.125829 2 0.621848 0.142627 2 0.601871 0.165668 2 0.586536 0.186779 2 0.580483 0.199037 2
0 0.628650 0.157457 0.662933 0.163422 0.613889 0.252604 0.579606 0.246639 0.643143 0.164345 2 0.637213 0.174476 2 0.628560 0.188903 2 0.618058 0.205414 2 0.606383 0.223826 2 0.599055 0.236450 2
0 0.379630 0.278125 0.348904 0.304459 0.201389 0.250000 0.232114 0.223666 0.226102 0.236568 2 0.244195 0.240880 2 0.272714 0.250022 2 0.318099 0.265374 2 0.340791 0.280036 2 0.342324 0.297458 2
0 0.484448 0.183765 0.514815 0.200000 0.388988 0.274467 0.358622 0.258232 0.378084 0.263899 2 0.393258 0.254384 2 0.418381 0.240672 2 0.456192 0.223321 2 0.479823 0.203872 2 0.482808 0.191559 2
0 0.506083 0.297306 0.469907 0.297917 0.465458 0.214508 0.501633 0.213897 0.479318 0.217225 2 0.481566 0.226386 2 0.481188 0.240633 2 0.480431 0.259558 2 0.482322 0.280823 2 0.487614 0.294007 2
0 0.426165 0.419428 0.497685 0.441406 0.326613 0.617551 0.255093 0.595573 0.291250 0.599488 2 0.310419 0.580874 2 0.338467 0.553633 2 0.375796 0.518675 2 0.423417 0.473841 2 0.447832 0.451027 2
0 0.553771 0.548191 0.616887 0.559956 0.528188 0.710512 0.465073 0.698747 0.499721 0.697704 2 0.510032 0.681131 2 0.526073 0.657745 2 0.548497 0.625705 2 0.567321 0.592191 2 0.574359 0.573041 2
0 0.393477 0.770375 0.352746 0.783493 0.256241 0.688684 0.296972 0.675566 0.277752 0.687531 2 0.285772 0.698211 2 0.303286 0.716625 2 0.327511 0.738077 2 0.342733 0.751244 2 0.365321 0.758425 2
0 0.529739 0.743041 0.495124 0.763089 0.391356 0.706399 0.425971 0.686351 0.409737 0.696931 2 0.420359 0.705819 2 0.442134 0.722175 2 0.476257 0.740921 2 0.505069 0.742340 2 0.522728 0.740398 2
0 0.637236 0.645944 0.676764 0.654313 0.616468 0.744420 0.576940 0.736051 0.598904 0.734716 2 0.607413 0.725689 2 0.619583 0.710362 2 0.637570 0.690975 2 0.649956 0.668984 2 0.643709 0.656079 2
0 0.522419 0.718157 0.640401 0.779982 0.614159 0.795827 0.496177 0.734002 0.619580 0.784978 2 0.606437 0.778125 2 0.583334 0.764233 2 0.555717 0.746309 2 0.533278 0.737421 2 0.514026 0.735255 2
