0 0.200363 0.078631 0.387014 0.092358 0.380093 0.122135 0.193442 0.108409 0.199305 0.095072 2 0.220747 0.095625 2 0.269196 0.097834 2 0.317482 0.101978 2 0.352837 0.107870 2 0.367483 0.116709 2
0 0.624963 0.107868 0.660648 0.115885 0.599111 0.202549 0.563426 0.194531 0.642050 0.117004 2 0.633703 0.125475 2 0.620117 0.141587 2 0.600967 0.161290 2 0.585908 0.181638 2 0.585090 0.193331 2
0 0.608899 0.186224 0.642940 0.188728 0.622004 0.278805 0.587963 0.276302 0.622670 0.191284 2 0.620378 0.200767 2 0.614649 0.220009 2 0.610557 0.238147 2 0.609739 0.258867 2 0.605403 0.271802 2
0 0.241428 0.233461 0.362042 0.297945 0.327926 0.318136 0.207312 0.253652 0.225353 0.249995 2 0.244012 0.256348 2 0.272820 0.268409 2 0.312922 0.283232 2 0.330436 0.298700 2 0.326835 0.314720 2
0 0.470533 0.186713 0.501852 0.203125 0.380523 0.276384 0.349205 0.259972 0.369075 0.267532 2 0.385279 0.258417 2 0.411468 0.242213 2 0.449769 0.221589 2 0.463355 0.204832 2 0.469247 0.191574 2
0 0.453704 0.250260 0.496759 0.250260 0.496759 0.332292 0.453704 0.332292 0.475036 0.252167 2 0.476651 0.259772 2 0.477458 0.285650 2 0.474834 0.306194 2 0.469185 0.319247 2 0.459499 0.328781 2
0 0.398875 0.432255 0.468364 0.452604 0.312872 0.620607 0.243383 0.600258 0.281903 0.607707 2 0.299995 0.588043 2 0.331887 0.558546 2 0.373899 0.520253 2 0.413457 0.478165 2 0.422044 0.450221 2
0 0.559426 0.553961 0.615030 0.566092 0.517130 0.708073 0.461525 0.695942 0.493557 0.697758 2 0.507049 0.680336 2 0.524222 0.649978 2 0.543235 0.618584 2 0.559487 0.590640 2 0.573287 0.568906 2
0 0.387500 0.759115 0.345711 0.775896 0.249941 0.700437 0.291729 0.683656 0.275270 0.695282 2 0.285468 0.706056 2 0.303627 0.720608 2 0.326015 0.740897 2 0.344671 0.754609 2 0.360094 0.760766 2
0 0.408728 0.706353 0.565643 0.727952 0.556654 0.748614 0.399740 0.727014 0.408398 0.716947 2 0.430004 0.722011 2 0.465522 0.727627 2 0.509388 0.733704 2 0.536559 0.734809 2 0.559475 0.728548 2
0 0.629758 0.645238 0.670606 0.653887 0.612659 0.740483 0.571812 0.731834 0.593547 0.732489 2 0.600811 0.724203 2 0.615743 0.705702 2 0.631280 0.686861 2 0.638746 0.670517 2 0.635719 0.658258 2
0 0.519665 0.722234 0.630556 0.786459 0.600705 0.802766 0.489815 0.738541 0.612143 0.791241 2 0.602193 0.784525 2 0.574332 0.766615 2 0.554184 0.751783 2 0.527567 0.742828 2 0.503190 0.737091 2
