0 0.172750 0.053406 0.382845 0.095210 0.362901 0.126925 0.152806 0.085121 0.168152 0.070374 2 0.194993 0.075478 2 0.237333 0.087386 2 0.276271 0.097806 2 0.338300 0.107065 2 0.367377 0.106311 2
0 0.392272 0.162240 0.165477 0.175040 0.158306 0.134841 0.385102 0.122041 0.166906 0.152789 2 0.188832 0.150237 2 0.237599 0.148961 2 0.302621 0.148961 2 0.338912 0.146622 2 0.357058 0.143858 2
0 0.509241 0.027415 0.593277 0.037985 0.546600 0.155398 0.462564 0.144827 0.505873 0.144577 2 0.505873 0.128629 2 0.505495 0.094180 2 0.514946 0.062496 2 0.552750 0.043783 2 0.583748 0.043996 2
0 0.748801 0.072175 0.504772 0.100000 0.490550 0.060535 0.734579 0.032710 0.736498 0.052577 2 0.709280 0.053853 2 0.658245 0.058319 2 0.600027 0.067250 2 0.547102 0.075118 2 0.525176 0.077032 2
0 0.663376 0.242614 0.727537 0.254574 0.660983 0.367543 0.596822 0.355583 0.629386 0.357539 2 0.640104 0.343907 2 0.657814 0.317955 2 0.673659 0.288333 2 0.681581 0.267624 2 0.684844 0.252944 2
0 0.603170 0.419898 0.237554 0.537651 0.182840 0.483898 0.548457 0.366146 0.224622 0.510890 2 0.271692 0.491491 2 0.338800 0.469209 2 0.443658 0.434606 2 0.501912 0.415731 2 0.555040 0.398692 2
0 0.239293 0.530830 0.459153 0.554615 0.446168 0.592593 0.226308 0.568808 0.235044 0.550954 2 0.260803 0.554059 2 0.309561 0.557854 2 0.358932 0.561821 2 0.406770 0.568204 2 0.441115 0.571481 2
0 0.574201 0.626596 0.345353 0.631748 0.343229 0.601905 0.572077 0.596753 0.564612 0.614172 2 0.538150 0.612896 2 0.488627 0.611195 2 0.429276 0.610982 2 0.388826 0.615661 2 0.361985 0.616086 2
0 0.541810 0.547170 0.645050 0.560156 0.571895 0.744172 0.468655 0.731186 0.517947 0.733074 2 0.530800 0.709683 2 0.549324 0.666942 2 0.566713 0.621436 2 0.578432 0.588476 2 0.589774 0.565297 2
0 0.507469 0.754954 0.344753 0.802604 0.319860 0.775708 0.482576 0.728057 0.341923 0.786578 2 0.360068 0.781687 2 0.396360 0.773181 2 0.440968 0.764250 2 0.470833 0.749365 2 0.479150 0.730865 2
0 0.687346 0.713021 0.551694 0.801652 0.500760 0.776987 0.636412 0.688355 0.533125 0.779896 2 0.548399 0.770002 2 0.576020 0.748888 2 0.615682 0.726578 2 0.638346 0.711439 2 0.651095 0.700683 2
0 0.310795 0.806468 0.464957 0.863281 0.400261 0.918827 0.246099 0.862013 0.275353 0.849218 2 0.293446 0.860947 2 0.326871 0.876817 2 0.375322 0.890961 2 0.413961 0.881129 2 0.432667 0.861465 2
