0 0.346338 0.232031 0.299899 0.246302 0.195877 0.139196 0.242317 0.124925 0.217769 0.133020 2 0.230622 0.142376 2 0.251792 0.163003 2 0.277498 0.184054 2 0.303583 0.213825 2 0.305473 0.231687 2
0 0.437793 0.165097 0.386111 0.189583 0.231091 0.086057 0.282772 0.061571 0.258696 0.079175 2 0.277850 0.089809 2 0.309441 0.111217 2 0.351978 0.141860 2 0.390037 0.157392 2 0.423121 0.154733 2
0 0.747423 0.137576 0.485227 0.147917 0.481041 0.114331 0.743237 0.103991 0.737215 0.120005 2 0.711149 0.120522 2 0.659325 0.122247 2 0.600140 0.125007 2 0.545556 0.131044 2 0.513970 0.138116 2
0 0.640478 0.073921 0.702660 0.087487 0.629209 0.194010 0.567026 0.180444 0.664939 0.088967 2 0.659217 0.105757 2 0.000000 0.000000 0 0.644292 0.141997 2 0.613199 0.159208 2 0.592055 0.163825 2
0 0.585269 0.486010 0.183838 0.565885 0.152927 0.516732 0.554358 0.436857 0.186675 0.536033 2 0.231294 0.524878 2 0.313451 0.508145 2 0.422521 0.488624 2 0.500428 0.474282 2 0.541507 0.458745 2
0 0.561397 0.484062 0.623766 0.507552 0.514692 0.599186 0.452324 0.575696 0.486310 0.583576 2 0.501053 0.571881 2 0.525625 0.551892 2 0.551710 0.530202 2 0.572124 0.511064 2 0.573258 0.498731 2
0 0.170525 0.582031 0.389043 0.582031 0.389043 0.621354 0.170525 0.621354 0.172070 0.594989 2 0.194734 0.597379 2 0.243603 0.598176 2 0.315136 0.601761 2 0.337800 0.607737 2 0.352673 0.616900 2
0 0.541543 0.603037 0.633333 0.614583 0.560855 0.796899 0.469065 0.785353 0.521136 0.787047 2 0.531721 0.762168 2 0.547977 0.719214 2 0.559318 0.675409 2 0.572549 0.644362 2 0.585402 0.620334 2
0 0.144942 0.779898 0.377262 0.816065 0.357339 0.856559 0.125019 0.820392 0.158707 0.800423 2 0.189328 0.808078 2 0.239985 0.815733 2 0.298202 0.822751 2 0.324665 0.829555 2 0.346213 0.835297 2
0 0.548042 0.631955 0.725397 0.690407 0.684674 0.729503 0.507319 0.671051 0.687427 0.707720 2 0.672514 0.700905 2 0.633833 0.685963 2 0.592822 0.667350 2 0.567656 0.661845 2 0.547151 0.655030 2
0 0.663374 0.781301 0.532744 0.877798 0.483702 0.856792 0.614332 0.760295 0.513098 0.857064 2 0.525573 0.848770 2 0.553548 0.830058 2 0.594376 0.804965 2 0.608741 0.792632 2 0.620082 0.778385 2
0 0.168149 0.868146 0.400922 0.904383 0.378929 0.949083 0.146156 0.912846 0.168983 0.894086 2 0.196479 0.899329 2 0.245413 0.902999 2 0.306463 0.907193 2 0.342814 0.917417 2 0.362387 0.932359 2
