0 0.341484 0.228161 0.285185 0.245052 0.184768 0.139154 0.241067 0.122262 0.216893 0.135213 2 0.232738 0.146485 2 0.257438 0.169029 2 0.284001 0.188690 2 0.300313 0.218050 2 0.303109 0.234828 2
0 0.430366 0.154914 0.370266 0.182815 0.214297 0.076516 0.274396 0.048614 0.246719 0.074920 2 0.271885 0.084881 2 0.302643 0.103493 2 0.337595 0.130756 2 0.387927 0.153301 2 0.414957 0.156971 2
0 0.749358 0.137314 0.501081 0.148510 0.496012 0.112947 0.744290 0.101751 0.739313 0.118152 2 0.712310 0.119768 2 0.658881 0.122354 2 0.592237 0.125262 2 0.542254 0.128494 2 0.516401 0.140774 2
0 0.680271 0.091753 0.723211 0.117639 0.579140 0.193256 0.536200 0.167370 0.694983 0.105646 2 0.000000 0.000000 0 0.000000 0.000000 0 0.631473 0.151152 2 0.590267 0.169227 2 0.561158 0.175181 2
0 0.590278 0.475781 0.201771 0.565611 0.164519 0.514634 0.553026 0.424804 0.191677 0.541385 2 0.235908 0.529264 2 0.318697 0.510552 2 0.418877 0.489075 2 0.500533 0.473764 2 0.552702 0.455477 2
0 0.576606 0.459668 0.628241 0.473698 0.537407 0.579471 0.485772 0.565441 0.509332 0.569327 2 0.520295 0.557206 2 0.540331 0.535942 2 0.566037 0.505746 2 0.578512 0.490861 2 0.593256 0.478102 2
0 0.175092 0.567722 0.377551 0.608007 0.356187 0.641979 0.153728 0.601694 0.170337 0.587085 2 0.196421 0.590275 2 0.246700 0.597292 2 0.296601 0.604309 2 0.321173 0.615367 2 0.354440 0.625149 2
0 0.580765 0.640906 0.730548 0.698547 0.692383 0.729927 0.542600 0.672286 0.698286 0.715693 2 0.681868 0.708837 2 0.658442 0.696816 2 0.624209 0.681825 2 0.592463 0.669832 2 0.567359 0.661700 2
0 0.545353 0.599477 0.640413 0.610874 0.571304 0.793259 0.476244 0.781862 0.523446 0.784924 2 0.531419 0.762155 2 0.544912 0.727139 2 0.559018 0.681256 2 0.570671 0.646068 2 0.586311 0.621056 2
0 0.177181 0.781259 0.399580 0.811874 0.383333 0.849219 0.160933 0.818605 0.175319 0.802324 2 0.201883 0.807567 2 0.248020 0.813858 2 0.304410 0.818577 2 0.339363 0.823033 2 0.368257 0.827752 2
0 0.165282 0.862468 0.387974 0.903979 0.365853 0.941526 0.143162 0.900015 0.164739 0.882137 2 0.194226 0.890643 2 0.244126 0.899149 2 0.305368 0.906804 2 0.338257 0.914885 2 0.353757 0.928494 2
0 0.620730 0.752121 0.664679 0.771307 0.530343 0.868671 0.486394 0.849484 0.514752 0.854851 2 0.533275 0.844219 2 0.561628 0.823805 2 0.598676 0.801477 2 0.613041 0.789356 2 0.621736 0.776810 2
