0 0.235870 0.087863 0.288005 0.092897 0.252778 0.208333 0.200643 0.203299 0.226208 0.203779 2 0.227418 0.190613 2 0.232665 0.168934 2 0.239525 0.143396 2 0.256677 0.116382 2 0.263941 0.099244 2
0 0.375958 0.247983 0.227212 0.287373 0.206141 0.262197 0.354887 0.222807 0.223330 0.271410 2 0.238006 0.264693 2 0.264871 0.256018 2 0.305915 0.243285 2 0.346213 0.243285 2 0.373078 0.243425 2
0 0.641793 0.103998 0.678310 0.115219 0.588889 0.207292 0.552372 0.196070 0.654863 0.113411 2 0.644201 0.123286 2 0.627921 0.138749 2 0.605533 0.158338 2 0.586131 0.179047 2 0.576893 0.192935 2
0 0.662107 0.212436 0.629167 0.220052 0.572350 0.142302 0.605290 0.134685 0.595901 0.143141 2 0.600157 0.152624 2 0.609159 0.167631 2 0.622908 0.180982 2 0.632350 0.195613 2 0.638071 0.207646 2
0 0.500362 0.192327 0.541823 0.202742 0.485906 0.273175 0.444444 0.262760 0.517248 0.197240 2 0.506150 0.206093 2 0.491016 0.221189 2 0.473663 0.236739 2 0.472452 0.252742 2 0.477901 0.264206 2
0 0.517005 0.195563 0.389654 0.269321 0.366204 0.256510 0.493555 0.182752 0.381422 0.259369 2 0.399084 0.249014 2 0.425451 0.236981 2 0.472465 0.214174 2 0.487888 0.201021 2 0.495848 0.189547 2
0 0.427760 0.412182 0.512500 0.441406 0.331978 0.607028 0.247238 0.577803 0.292087 0.587903 2 0.314779 0.567377 2 0.352805 0.534603 2 0.397883 0.494930 2 0.436828 0.464571 2 0.461053 0.446114 2
0 0.553457 0.556003 0.623148 0.570313 0.530174 0.713584 0.460483 0.699274 0.501250 0.701170 2 0.512444 0.682281 2 0.532095 0.651078 2 0.552244 0.617497 2 0.566920 0.590771 2 0.578363 0.571462 2
0 0.649926 0.652675 0.693515 0.665130 0.618536 0.748158 0.574947 0.735703 0.597530 0.739052 2 0.606662 0.730658 2 0.619348 0.716805 2 0.645467 0.694698 2 0.653427 0.675388 2 0.648700 0.662236 2
0 0.379167 0.756510 0.334439 0.770255 0.247765 0.681011 0.292493 0.667266 0.277371 0.679434 2 0.283627 0.690897 2 0.296944 0.706334 2 0.318131 0.729261 2 0.338108 0.747648 2 0.356671 0.754458 2
0 0.492593 0.752083 0.443912 0.761770 0.387609 0.672238 0.436289 0.662552 0.411890 0.672767 2 0.416119 0.684101 2 0.422089 0.702571 2 0.430546 0.722859 2 0.455919 0.740909 2 0.480545 0.749445 2
0 0.646607 0.775076 0.610657 0.796319 0.491365 0.732440 0.527316 0.711198 0.618044 0.782895 2 0.606850 0.776599 2 0.584711 0.762607 2 0.559587 0.745116 2 0.536951 0.736301 2 0.518792 0.732663 2
