0 0.378479 0.365342 0.337704 0.368574 0.313700 0.272763 0.354475 0.269531 0.352994 0.363863 2 0.350257 0.352669 2 0.343790 0.326924 2 0.339064 0.305376 2 0.340556 0.291803 2 0.341800 0.276132 2
0 0.479487 0.506510 0.445732 0.509770 0.414886 0.408690 0.448641 0.405431 0.431172 0.410145 2 0.436084 0.419630 2 0.442723 0.435688 2 0.451353 0.457197 2 0.459851 0.486772 2 0.456000 0.500813 2
0 0.615866 0.346969 0.644651 0.361170 0.528820 0.435457 0.500035 0.421256 0.518548 0.423982 2 0.531866 0.416037 2 0.558299 0.401169 2 0.584329 0.385278 2 0.601480 0.371091 2 0.609753 0.360081 2
0 0.635795 0.415270 0.670216 0.431250 0.570044 0.499521 0.535623 0.483541 0.645779 0.427834 2 0.635829 0.433990 2 0.614188 0.447423 2 0.591552 0.462674 2 0.571815 0.476103 2 0.554239 0.480724 2
0 0.661821 0.594446 0.622201 0.601096 0.578609 0.518928 0.618229 0.512277 0.593094 0.516263 2 0.600761 0.526251 2 0.613474 0.545546 2 0.626791 0.566998 2 0.630738 0.579052 2 0.630557 0.589962 2
0 0.575772 0.619010 0.524922 0.635010 0.413072 0.522531 0.463921 0.506532 0.543702 0.624083 2 0.532049 0.612699 2 0.509663 0.588895 2 0.482984 0.556466 2 0.463358 0.539217 2 0.439108 0.525838 2
0 0.645679 0.696094 0.498642 0.718096 0.490492 0.700862 0.637529 0.678860 0.631773 0.689917 2 0.617043 0.692187 2 0.589601 0.695025 2 0.554289 0.698884 2 0.520390 0.703651 2 0.503315 0.706406 2
0 0.615210 0.706235 0.487331 0.750337 0.469666 0.734130 0.597545 0.690028 0.602243 0.700121 2 0.586366 0.706290 2 0.560995 0.713011 2 0.528095 0.720469 2 0.498083 0.731347 2 0.482618 0.738685 2
0 0.528321 0.657463 0.469889 0.677165 0.310441 0.527540 0.368873 0.507839 0.504189 0.660956 2 0.480373 0.643944 2 0.438033 0.611410 2 0.388132 0.574622 2 0.368096 0.550593 2 0.352219 0.532093 2
0 0.394770 0.704901 0.258343 0.743882 0.243656 0.727619 0.380083 0.688637 0.257588 0.733655 2 0.273521 0.728726 2 0.304059 0.719091 2 0.332738 0.713341 2 0.351327 0.707441 2 0.369251 0.696611 2
0 0.326126 0.664301 0.463832 0.685739 0.454463 0.704779 0.316758 0.683342 0.325555 0.675740 2 0.343612 0.679474 2 0.374548 0.685225 2 0.410264 0.691498 2 0.436421 0.695606 2 0.455806 0.697921 2
0 0.554690 0.675402 0.434888 0.732163 0.409378 0.715127 0.529181 0.658366 0.416485 0.723040 2 0.430957 0.716243 2 0.459238 0.704443 2 0.484731 0.694958 2 0.508364 0.682187 2 0.525625 0.674868 2
