0 0.391456 0.274219 0.265569 0.338876 0.237941 0.321856 0.363828 0.257199 0.257124 0.327897 2 0.269562 0.319082 2 0.296178 0.304530 2 0.326277 0.287460 2 0.345680 0.279624 2 0.370555 0.269830 2
0 0.624790 0.384115 0.478221 0.398267 0.471262 0.375461 0.617830 0.361309 0.474082 0.389483 2 0.491608 0.385077 2 0.527988 0.380147 2 0.563306 0.374919 2 0.583222 0.374322 2 0.601013 0.374845 2
0 0.531485 0.457143 0.321681 0.502917 0.306283 0.480585 0.516086 0.434811 0.316929 0.496461 2 0.344754 0.488451 2 0.390912 0.476758 2 0.435924 0.465617 2 0.492558 0.452175 2 0.523821 0.447572 2
0 0.434610 0.441460 0.572784 0.498129 0.550126 0.515610 0.411951 0.458941 0.424774 0.450886 2 0.439314 0.457974 2 0.478179 0.478169 2 0.517506 0.495899 2 0.542190 0.500709 2 0.564561 0.496504 2
0 0.351178 0.523438 0.387843 0.538793 0.277529 0.622135 0.240864 0.606780 0.368256 0.531023 2 0.353688 0.541887 2 0.333719 0.557539 2 0.307530 0.574388 2 0.284288 0.591697 2 0.269556 0.603851 2
0 0.344444 0.741927 0.316576 0.750288 0.248678 0.678685 0.276547 0.670323 0.267195 0.675176 2 0.275379 0.685580 2 0.287655 0.699298 2 0.303859 0.717068 2 0.321306 0.734545 2 0.324579 0.743844 2
0 0.502001 0.678779 0.436606 0.694331 0.323957 0.544458 0.389352 0.528906 0.470880 0.684863 2 0.453930 0.668065 2 0.427497 0.635376 2 0.386939 0.595537 2 0.368375 0.559784 2 0.369788 0.535722 2
0 0.643940 0.665535 0.494351 0.704125 0.479443 0.685840 0.629032 0.647250 0.487968 0.694197 2 0.509737 0.689317 2 0.547220 0.680202 2 0.590759 0.670259 2 0.611383 0.662801 2 0.627260 0.655159 2
0 0.475542 0.689525 0.342396 0.715178 0.331444 0.697194 0.464591 0.671540 0.340493 0.705933 2 0.359018 0.701571 2 0.388637 0.696058 2 0.419440 0.689030 2 0.440226 0.684547 2 0.464460 0.685577 2
0 0.620815 0.702546 0.475568 0.724281 0.468519 0.709375 0.613766 0.687641 0.000000 0.000000 0 0.597135 0.700401 2 0.573123 0.703352 2 0.536802 0.705281 2 0.502096 0.711524 2 0.479900 0.712999 2
0 0.633933 0.678136 0.658690 0.695329 0.547644 0.745922 0.522887 0.728730 0.636817 0.683427 2 0.628857 0.691542 2 0.614430 0.703995 2 0.592789 0.720086 2 0.564680 0.730301 2 0.532093 0.731280 2
0 0.614604 0.733333 0.492871 0.736074 0.491718 0.719872 0.613452 0.717132 0.611721 0.724368 2 0.596850 0.724667 2 0.568968 0.725265 2 0.530331 0.728252 2 0.498332 0.724891 2 0.481341 0.718098 2
