0 0.406868 0.377091 0.367516 0.380891 0.342431 0.298692 0.381783 0.294893 0.384217 0.379588 2 0.381978 0.370353 2 0.376257 0.348385 2 0.373272 0.323899 2 0.369043 0.311306 2 0.358596 0.294515 2
0 0.458169 0.375119 0.419021 0.382662 0.366986 0.297208 0.406134 0.289666 0.378035 0.298016 2 0.386533 0.304887 2 0.402067 0.321094 2 0.426763 0.344769 2 0.430083 0.361723 2 0.423577 0.376137 2
0 0.627667 0.347972 0.656693 0.361176 0.556327 0.430990 0.527301 0.417786 0.543017 0.420991 2 0.556264 0.411783 2 0.583298 0.395304 2 0.604192 0.378523 2 0.622932 0.364770 2 0.626327 0.353037 2
0 0.619612 0.394762 0.656451 0.405815 0.575783 0.490885 0.538945 0.479833 0.638489 0.405296 2 0.627795 0.414603 2 0.610441 0.429245 2 0.589658 0.446611 2 0.575243 0.462746 2 0.559996 0.480661 2
0 0.618827 0.515625 0.588611 0.529090 0.503798 0.468873 0.534014 0.455408 0.514929 0.459153 2 0.527864 0.467968 2 0.547018 0.480141 2 0.570151 0.492594 2 0.588559 0.508405 2 0.590300 0.517360 2
0 0.637682 0.694944 0.492438 0.707292 0.487010 0.687087 0.632253 0.674740 0.630184 0.684606 2 0.610101 0.686458 2 0.579430 0.688161 2 0.540083 0.686685 2 0.511027 0.692360 2 0.495893 0.699057 2
0 0.633444 0.717357 0.498148 0.734375 0.489008 0.711384 0.624304 0.694366 0.621437 0.707039 2 0.604575 0.707637 2 0.580543 0.707786 2 0.538985 0.708309 2 0.514687 0.716226 2 0.498489 0.727727 2
0 0.569353 0.607839 0.524150 0.624864 0.392697 0.514429 0.437901 0.497404 0.531269 0.609876 2 0.520119 0.596408 2 0.500774 0.572072 2 0.476187 0.540215 2 0.451283 0.525914 2 0.408166 0.518710 2
0 0.528284 0.642041 0.464579 0.666557 0.294399 0.526633 0.358104 0.502118 0.486336 0.650497 2 0.466678 0.633273 2 0.425473 0.597548 2 0.380486 0.555019 2 0.357426 0.538008 2 0.331720 0.522910 2
0 0.307298 0.664155 0.447288 0.686798 0.438788 0.703426 0.298798 0.680783 0.308657 0.670868 2 0.330795 0.676186 2 0.365869 0.683461 2 0.404177 0.690458 2 0.421838 0.692836 2 0.439931 0.695935 2
0 0.454950 0.698438 0.327560 0.726231 0.315203 0.708311 0.442594 0.680517 0.320828 0.717853 2 0.334371 0.714193 2 0.367565 0.706277 2 0.403413 0.699331 2 0.422533 0.694775 2 0.439926 0.687381 2
0 0.520584 0.676953 0.404036 0.732171 0.382965 0.718099 0.499513 0.662881 0.395651 0.724444 2 0.407272 0.718091 2 0.429369 0.707227 2 0.462105 0.694982 2 0.483875 0.683013 2 0.502078 0.675310 2
