0 0.326364 0.257978 0.363735 0.262240 0.328883 0.358949 0.291512 0.354688 0.310917 0.351644 2 0.311846 0.339993 2 0.316095 0.318111 2 0.324327 0.291896 2 0.333090 0.281440 2 0.347164 0.268445 2
0 0.483179 0.518490 0.443944 0.522051 0.414218 0.418440 0.453453 0.414878 0.432049 0.420912 2 0.435283 0.432386 2 0.441999 0.451275 2 0.448964 0.473243 2 0.455183 0.501787 2 0.449711 0.515499 2
0 0.598000 0.344125 0.625772 0.357552 0.516913 0.428792 0.489141 0.415365 0.506620 0.419471 2 0.517966 0.410157 2 0.541271 0.396185 2 0.570097 0.380833 2 0.587576 0.366344 2 0.598002 0.355304 2
0 0.647696 0.460473 0.496605 0.489583 0.485835 0.471897 0.636926 0.442786 0.640004 0.450417 2 0.624265 0.455071 2 0.594805 0.461427 2 0.560301 0.469486 2 0.527410 0.475388 2 0.506627 0.474253 2
0 0.606402 0.544263 0.637346 0.545833 0.623885 0.629733 0.592942 0.628162 0.618778 0.549509 2 0.617848 0.558920 2 0.614396 0.577367 2 0.608421 0.595515 2 0.604244 0.612993 2 0.599948 0.624415 2
0 0.313888 0.667224 0.458712 0.685441 0.452007 0.702307 0.307183 0.684091 0.320893 0.676641 2 0.341249 0.680639 2 0.370436 0.686213 2 0.407163 0.693180 2 0.433766 0.694149 2 0.453583 0.692392 2
0 0.634105 0.698437 0.486164 0.714442 0.479862 0.696009 0.627803 0.680004 0.621862 0.689134 2 0.606930 0.691745 2 0.578882 0.695377 2 0.546396 0.699803 2 0.509268 0.702301 2 0.485660 0.702528 2
0 0.382590 0.698214 0.248298 0.739481 0.230602 0.721261 0.364895 0.679994 0.245243 0.730641 2 0.256794 0.726160 2 0.285871 0.715928 2 0.313223 0.703829 2 0.339778 0.697107 2 0.369253 0.696584 2
0 0.555864 0.674740 0.426376 0.726739 0.404347 0.709381 0.533835 0.657382 0.421395 0.718634 2 0.437927 0.711084 2 0.466664 0.699933 2 0.507300 0.683628 2 0.516657 0.676558 2 0.523696 0.667996 2
0 0.606463 0.707450 0.479012 0.746615 0.463812 0.730963 0.591262 0.691798 0.596886 0.701431 2 0.580084 0.706459 2 0.553804 0.713911 2 0.526340 0.721302 2 0.496614 0.729662 2 0.474606 0.734168 2
0 0.539661 0.597136 0.492900 0.615130 0.361495 0.507088 0.408255 0.489094 0.506531 0.601606 2 0.494840 0.589293 2 0.472486 0.568241 2 0.441137 0.539190 2 0.416996 0.523047 2 0.384110 0.509802 2
0 0.527160 0.655729 0.466448 0.679093 0.291817 0.535511 0.352530 0.512147 0.492397 0.663884 2 0.469561 0.647107 2 0.428551 0.615912 2 0.389404 0.583406 2 0.360510 0.554046 2 0.340936 0.534647 2
