0 0.418290 0.244995 0.450419 0.260217 0.344445 0.330990 0.312316 0.315767 0.334337 0.319190 2 0.348013 0.309257 2 0.369655 0.293050 2 0.390102 0.281175 2 0.415197 0.267807 2 0.435113 0.259666 2
0 0.334568 0.353646 0.376698 0.353646 0.376698 0.439323 0.334568 0.439323 0.352816 0.437383 2 0.351807 0.427736 2 0.349385 0.406965 2 0.347368 0.383016 2 0.349587 0.368034 2 0.361694 0.354413 2
0 0.457407 0.457031 0.426531 0.465636 0.364300 0.394984 0.395177 0.386379 0.378939 0.391666 2 0.387447 0.398088 2 0.408634 0.418864 2 0.428436 0.439824 2 0.429652 0.450483 2 0.436028 0.458446 2
0 0.580867 0.384661 0.611783 0.387289 0.588426 0.474219 0.557511 0.471591 0.600358 0.387641 2 0.595919 0.397856 2 0.589058 0.413747 2 0.580583 0.431453 2 0.572916 0.455402 2 0.570292 0.469136 2
0 0.599537 0.469010 0.565481 0.476221 0.516438 0.402932 0.550495 0.395721 0.586074 0.473525 2 0.578101 0.460760 2 0.563995 0.448341 2 0.546209 0.429884 2 0.537009 0.414187 2 0.546822 0.401940 2
0 0.292445 0.451749 0.372568 0.460417 0.316635 0.624011 0.236513 0.615343 0.271213 0.615456 2 0.277346 0.593721 2 0.293599 0.558188 2 0.310465 0.516100 2 0.315371 0.482981 2 0.318744 0.463662 2
0 0.461823 0.538615 0.529938 0.549219 0.469949 0.671145 0.401833 0.660541 0.435348 0.661958 2 0.443737 0.647540 2 0.462378 0.617918 2 0.476359 0.587510 2 0.483816 0.565752 2 0.485680 0.549761 2
0 0.263906 0.669940 0.229167 0.673698 0.198131 0.582925 0.232870 0.579167 0.211198 0.584106 2 0.216927 0.594786 2 0.226421 0.616331 2 0.239024 0.639256 2 0.237466 0.656558 2 0.244129 0.666334 2
0 0.487257 0.710605 0.376052 0.718783 0.372437 0.703230 0.483642 0.695052 0.374186 0.709891 2 0.393664 0.708694 2 0.422144 0.707221 2 0.000000 0.000000 0 0.000000 0.000000 0 0.000000 0.000000 0
0 0.448341 0.684981 0.587037 0.709115 0.577979 0.725586 0.439282 0.701453 0.576872 0.717820 2 0.561470 0.715654 2 0.532658 0.709530 2 0.500792 0.701165 2 0.478752 0.698775 2 0.453392 0.699671 2
0 0.432793 0.729552 0.583796 0.747656 0.578318 0.762115 0.427315 0.744010 0.575139 0.755343 2 0.558122 0.753465 2 0.532380 0.749952 2 0.496838 0.744923 2 0.463127 0.742197 2 0.438571 0.738925 2
0 0.421605 0.724479 0.319924 0.796555 0.289270 0.782872 0.390951 0.710796 0.309350 0.786093 2 0.320852 0.780078 2 0.347285 0.763847 2 0.373920 0.746595 2 0.385623 0.729910 2 0.389054 0.716517 2
