0 0.421154 0.285938 0.261974 0.321700 0.248313 0.302462 0.407493 0.266699 0.256296 0.311743 2 0.273851 0.306522 2 0.305934 0.297668 2 0.343062 0.288815 2 0.369294 0.284275 2 0.394718 0.279508 2
0 0.638746 0.360677 0.486881 0.384319 0.476938 0.364112 0.628804 0.340470 0.488112 0.372991 2 0.508351 0.369541 2 0.538710 0.362987 2 0.572442 0.354879 2 0.600347 0.354879 2 0.624266 0.353844 2
0 0.596395 0.453244 0.357078 0.491953 0.343506 0.465404 0.582823 0.426694 0.354583 0.478904 2 0.383692 0.472737 2 0.436995 0.465720 2 0.482738 0.459553 2 0.539821 0.449984 2 0.570442 0.440628 2
0 0.475502 0.431353 0.630876 0.491146 0.607587 0.510294 0.452213 0.450502 0.466599 0.442053 2 0.487494 0.449189 2 0.519583 0.461082 2 0.548936 0.471996 2 0.587244 0.486968 2 0.611372 0.495923 2
0 0.306809 0.610294 0.433715 0.685280 0.398931 0.703906 0.272025 0.628920 0.289598 0.621531 2 0.307077 0.630845 2 0.334982 0.646197 2 0.367181 0.664481 2 0.390180 0.679488 2 0.402140 0.692425 2
0 0.701332 0.663344 0.576615 0.720075 0.540490 0.694946 0.665207 0.638216 0.560983 0.705747 2 0.581606 0.698657 2 0.620562 0.684847 2 0.652807 0.672049 2 0.665083 0.660172 2 0.662464 0.647006 2
0 0.382037 0.773688 0.338937 0.782264 0.292424 0.708300 0.335524 0.699724 0.312680 0.705470 2 0.319063 0.714125 2 0.328393 0.726186 2 0.339196 0.743219 2 0.352421 0.762616 2 0.354849 0.776950 2
0 0.488581 0.687022 0.367561 0.721601 0.351060 0.703329 0.472080 0.668750 0.357538 0.711756 2 0.373635 0.707423 2 0.398411 0.701045 2 0.430409 0.694920 2 0.452317 0.687303 2 0.000000 0.000000 0
0 0.500914 0.679103 0.420582 0.694581 0.322303 0.533186 0.402635 0.517708 0.459322 0.684625 2 0.447056 0.668929 2 0.427430 0.639605 2 0.394311 0.595791 2 0.374685 0.554566 2 0.368859 0.530244 2
0 0.636612 0.704717 0.520521 0.724917 0.512393 0.710136 0.628484 0.689936 0.626567 0.696685 2 0.605124 0.701012 2 0.000000 0.000000 0 0.545545 0.708102 2 0.519683 0.712705 2 0.000000 0.000000 0
0 0.482158 0.682967 0.607034 0.742132 0.581446 0.759220 0.456570 0.700056 0.594312 0.748991 2 0.573344 0.740932 2 0.546872 0.731988 2 0.517342 0.720390 2 0.488424 0.704664 2 0.484055 0.691395 2
0 0.494302 0.683073 0.576489 0.730674 0.555413 0.742188 0.473226 0.694587 0.000000 0.000000 0 0.000000 0.000000 0 0.000000 0.000000 0 0.000000 0.000000 0 0.500736 0.704728 2 0.492867 0.686000 2
