0 0.288211 0.264611 0.451431 0.279427 0.445768 0.299167 0.282548 0.284350 0.289505 0.275352 2 0.310051 0.275869 2 0.351143 0.278629 2 0.394381 0.282252 2 0.419833 0.288634 2 0.440073 0.296396 2
0 0.415790 0.408892 0.365882 0.409173 0.364279 0.319042 0.414188 0.318761 0.390264 0.405796 2 0.389344 0.396136 2 0.387504 0.369745 2 0.384744 0.350425 2 0.387811 0.333866 2 0.394251 0.318859 2
0 0.625452 0.385310 0.656045 0.389339 0.615567 0.486581 0.584975 0.482552 0.637014 0.392240 2 0.632039 0.402454 2 0.624079 0.416726 2 0.613880 0.437295 2 0.601442 0.463181 2 0.595472 0.476473 2
0 0.633219 0.353434 0.665067 0.362760 0.592339 0.441340 0.560491 0.432013 0.577110 0.435120 2 0.586594 0.426153 2 0.604552 0.408561 2 0.622914 0.390968 2 0.636232 0.375532 2 0.642487 0.362933 2
0 0.542845 0.492969 0.515893 0.504022 0.428360 0.436492 0.455312 0.425438 0.444131 0.434576 2 0.455417 0.443763 2 0.471482 0.457654 2 0.497240 0.474608 2 0.520343 0.487752 2 0.529637 0.492997 2
0 0.472099 0.509456 0.526232 0.512819 0.500508 0.643831 0.446375 0.640468 0.473207 0.635794 2 0.477366 0.620483 2 0.485305 0.596029 2 0.492109 0.563707 2 0.498158 0.537552 2 0.502694 0.520753 2
0 0.478093 0.691890 0.623611 0.692708 0.623296 0.710454 0.477778 0.709635 0.617519 0.701468 2 0.600885 0.701468 2 0.566484 0.700405 2 0.527547 0.699554 2 0.507511 0.702744 2 0.487097 0.702531 2
0 0.432124 0.623482 0.356186 0.636695 0.267674 0.475744 0.343612 0.462531 0.387437 0.625605 2 0.374205 0.606680 2 0.354925 0.567128 2 0.333377 0.526725 2 0.316744 0.497593 2 0.291794 0.473564 2
0 0.376821 0.702765 0.354168 0.715625 0.237068 0.650360 0.259720 0.637500 0.248111 0.646113 2 0.262515 0.654031 2 0.287231 0.668302 2 0.311455 0.681007 2 0.334043 0.691872 2 0.352866 0.699237 2
0 0.517845 0.688542 0.389828 0.727881 0.373463 0.711031 0.501480 0.671691 0.388649 0.717902 2 0.403177 0.713703 2 0.431023 0.704736 2 0.467545 0.695202 2 0.488127 0.687938 2 0.493172 0.677041 2
0 0.474489 0.714256 0.622766 0.735553 0.615406 0.751766 0.467130 0.730469 0.610545 0.743117 2 0.592376 0.739987 2 0.568970 0.736672 2 0.537543 0.732529 2 0.498424 0.728386 2 0.475345 0.721941 2
0 0.473988 0.703009 0.359405 0.770714 0.338424 0.759480 0.453007 0.691775 0.355376 0.761999 2 0.366834 0.754909 2 0.391877 0.741743 2 0.415120 0.727841 2 0.439344 0.712557 2 0.457022 0.699115 2
