0 0.348351 0.126280 0.305891 0.154023 0.170658 0.088534 0.213118 0.060791 0.193079 0.076902 2 0.217244 0.083549 2 0.250039 0.094602 2 0.288012 0.109166 2 0.309920 0.129181 2 0.308194 0.144940 2
0 0.612643 0.110666 0.657636 0.121069 0.594067 0.208059 0.549074 0.197656 0.631782 0.120151 2 0.622298 0.129799 2 0.604339 0.151137 2 0.590416 0.168503 2 0.578611 0.182649 2 0.573248 0.197790 2
0 0.315244 0.339782 0.270370 0.352604 0.191452 0.265213 0.236326 0.252392 0.219694 0.264107 2 0.229386 0.273666 2 0.245850 0.291591 2 0.269351 0.311980 2 0.280045 0.329629 2 0.277124 0.341130 2
0 0.445937 0.192762 0.486619 0.212037 0.377211 0.285102 0.336529 0.265828 0.357152 0.272215 2 0.372689 0.263135 2 0.397508 0.249401 2 0.436855 0.226361 2 0.454205 0.211378 2 0.451384 0.196737 2
0 0.587037 0.233594 0.630093 0.233594 0.630093 0.314844 0.587037 0.314844 0.614546 0.236396 2 0.611148 0.244484 2 0.605478 0.261496 2 0.602832 0.285312 2 0.602454 0.298284 2 0.607746 0.305939 2
0 0.429073 0.297038 0.470469 0.297270 0.468717 0.395833 0.427320 0.395600 0.459111 0.301689 2 0.455681 0.312585 2 0.451242 0.330632 2 0.439942 0.354921 2 0.439538 0.374217 2 0.453461 0.389880 2
0 0.383735 0.443798 0.459253 0.464844 0.306073 0.638754 0.230556 0.617708 0.269760 0.623437 2 0.287920 0.602439 2 0.314757 0.574063 2 0.354911 0.533316 2 0.393855 0.487802 2 0.406366 0.460334 2
0 0.550463 0.559115 0.613241 0.574463 0.508796 0.709635 0.446018 0.694287 0.484892 0.698154 2 0.495586 0.680335 2 0.513141 0.653662 2 0.533925 0.615298 2 0.549260 0.592030 2 0.567622 0.574891 2
0 0.394112 0.767766 0.359764 0.783073 0.249427 0.704734 0.283775 0.689427 0.272288 0.700750 2 0.284564 0.711891 2 0.304042 0.728003 2 0.325484 0.745128 2 0.346599 0.758478 2 0.367059 0.767133 2
0 0.408237 0.709545 0.568227 0.726853 0.560994 0.748009 0.401003 0.730701 0.403668 0.719618 2 0.425101 0.722647 2 0.458705 0.726463 2 0.502432 0.731795 2 0.532050 0.734279 2 0.558869 0.735430 2
0 0.611066 0.649659 0.648148 0.655208 0.607690 0.740758 0.570607 0.735209 0.588009 0.735055 2 0.593659 0.726542 2 0.602941 0.709971 2 0.613030 0.691016 2 0.621101 0.672288 2 0.619487 0.660030 2
0 0.516206 0.734660 0.641204 0.790365 0.616664 0.807788 0.491667 0.752083 0.622734 0.799558 2 0.608925 0.792090 2 0.583034 0.777377 2 0.558737 0.760423 2 0.527800 0.750266 2 0.501982 0.751363 2
