0 0.377300 0.211678 0.220623 0.297135 0.189646 0.279166 0.346323 0.193708 0.211345 0.285829 2 0.226768 0.275755 2 0.259603 0.257985 2 0.298160 0.237556 2 0.325273 0.221745 2 0.341940 0.209991 2
0 0.589878 0.126974 0.424447 0.217206 0.395007 0.200128 0.560438 0.109896 0.410188 0.204105 2 0.430975 0.192504 2 0.466166 0.175563 2 0.519526 0.153834 2 0.541132 0.140760 2 0.554226 0.127686 2
0 0.696562 0.037801 0.727617 0.049246 0.614815 0.146094 0.583759 0.134649 0.705875 0.047673 2 0.692689 0.059748 2 0.673370 0.076480 2 0.650984 0.093902 2 0.620319 0.118568 2 0.599466 0.133575 2
0 0.546145 0.056301 0.703533 0.135529 0.668883 0.157308 0.511495 0.078081 0.534856 0.070493 2 0.552815 0.078211 2 0.575837 0.089902 2 0.607993 0.106417 2 0.634390 0.122426 2 0.652504 0.137112 2
0 0.630816 0.074317 0.663532 0.089505 0.564596 0.156933 0.531881 0.141745 0.646141 0.084340 2 0.631210 0.093874 2 0.000000 0.000000 0 0.583022 0.127092 2 0.554331 0.143701 2 0.000000 0.000000 0
0 0.309512 0.420573 0.259013 0.426036 0.217555 0.304780 0.268054 0.299317 0.279017 0.421082 2 0.276778 0.406390 2 0.273047 0.379525 2 0.261107 0.346224 2 0.247923 0.327194 2 0.249664 0.309704 2
0 0.586364 0.421354 0.300574 0.590222 0.236380 0.555847 0.522170 0.386979 0.273962 0.561776 2 0.307516 0.542115 2 0.362042 0.511706 2 0.431015 0.476055 2 0.488524 0.442637 2 0.513000 0.418111 2
0 0.360773 0.790826 0.304460 0.797578 0.255498 0.668364 0.311812 0.661612 0.284223 0.674858 2 0.286676 0.691072 2 0.292503 0.712634 2 0.302009 0.740232 2 0.310595 0.759897 2 0.325315 0.778008 2
0 0.483031 0.752610 0.432882 0.758918 0.388358 0.646922 0.438508 0.640613 0.415779 0.650061 2 0.420824 0.665951 2 0.430711 0.686495 2 0.449073 0.716800 2 0.452100 0.733257 2 0.450889 0.749715 2
0 0.562421 0.579995 0.634512 0.589062 0.566464 0.760231 0.494374 0.751163 0.527469 0.747341 2 0.540051 0.724534 2 0.556363 0.688883 2 0.570344 0.650348 2 0.584325 0.616793 2 0.602966 0.596084 2
0 0.676857 0.836220 0.638815 0.847634 0.546933 0.750737 0.584975 0.739323 0.652964 0.838689 2 0.643513 0.828695 2 0.627257 0.805091 2 0.605709 0.777022 2 0.588698 0.766602 2 0.567149 0.760435 2
0 0.696843 0.699923 0.728493 0.717186 0.606649 0.787867 0.574999 0.770604 0.000000 0.000000 0 0.000000 0.000000 0 0.619092 0.760858 2 0.659542 0.742145 2 0.683358 0.726835 2 0.700370 0.715990 2
