0 0.336153 0.248958 0.293466 0.260557 0.201482 0.153446 0.244170 0.141847 0.221386 0.147102 2 0.234600 0.157766 2 0.254133 0.181680 2 0.281136 0.201070 2 0.300095 0.227570 2 0.300669 0.246960 2
0 0.431782 0.160395 0.378745 0.189323 0.203245 0.087516 0.256282 0.058588 0.236898 0.079560 2 0.261028 0.091841 2 0.296648 0.112846 2 0.331693 0.138376 2 0.373633 0.156474 2 0.403507 0.163260 2
0 0.757527 0.146998 0.509402 0.166667 0.499716 0.128006 0.747841 0.108337 0.740539 0.126551 2 0.712577 0.128649 2 0.652458 0.131270 2 0.590476 0.134416 2 0.542940 0.141494 2 0.516842 0.148834 2
0 0.715774 0.150640 0.545136 0.210817 0.514376 0.183219 0.685014 0.123042 0.000000 0.000000 0 0.000000 0.000000 0 0.651992 0.151979 2 0.610049 0.171378 2 0.556921 0.185534 2 0.531756 0.192612 2
0 0.168163 0.573811 0.355834 0.613546 0.335073 0.644572 0.147402 0.604837 0.162209 0.587838 2 0.185044 0.593081 2 0.230716 0.602780 2 0.294562 0.611955 2 0.322990 0.625062 2 0.329981 0.640791 2
0 0.590432 0.471204 0.196788 0.572754 0.165517 0.534399 0.559160 0.432849 0.197676 0.548625 2 0.242882 0.537091 2 0.310922 0.519527 2 0.421372 0.496720 2 0.498734 0.479157 2 0.547667 0.461593 2
0 0.582936 0.444406 0.637593 0.458136 0.547990 0.570999 0.493333 0.557269 0.527433 0.556902 2 0.537640 0.545419 2 0.553895 0.523091 2 0.576199 0.493321 2 0.592455 0.474183 2 0.604930 0.459510 2
0 0.215137 0.784244 0.421613 0.818903 0.400143 0.859375 0.193666 0.824716 0.208739 0.806155 2 0.236599 0.814130 2 0.284857 0.821546 2 0.339334 0.829522 2 0.370925 0.835398 2 0.397044 0.838896 2
0 0.178685 0.861830 0.383335 0.907809 0.355859 0.946503 0.151209 0.900525 0.168072 0.885171 2 0.195568 0.891200 2 0.240307 0.898278 2 0.297629 0.905618 2 0.330718 0.918201 2 0.347029 0.935764 2
0 0.554554 0.603830 0.627623 0.613021 0.554394 0.797225 0.481325 0.788034 0.524787 0.785665 2 0.534554 0.763690 2 0.547193 0.725233 2 0.558683 0.685161 2 0.574195 0.649289 2 0.587983 0.623113 2
0 0.569338 0.656924 0.724383 0.714062 0.695309 0.739024 0.540264 0.681885 0.699841 0.722776 2 0.683530 0.715173 2 0.649975 0.697872 2 0.607566 0.679784 2 0.581935 0.676376 2 0.560497 0.674541 2
0 0.616792 0.751424 0.670603 0.774915 0.537542 0.871354 0.483732 0.847862 0.516205 0.854542 2 0.533973 0.845399 2 0.565350 0.824134 2 0.600507 0.798829 2 0.615250 0.788622 2 0.627726 0.771186 2
