0 0.406365 0.156794 0.370216 0.184635 0.182598 0.107559 0.218746 0.079718 0.202021 0.098312 2 0.226971 0.106606 2 0.269689 0.124680 2 0.309005 0.144244 2 0.355503 0.157853 2 0.381210 0.164658 2
0 0.363375 0.252775 0.314660 0.273177 0.189695 0.178766 0.238409 0.158364 0.208592 0.174023 2 0.223618 0.182476 2 0.246908 0.202771 2 0.283063 0.230307 2 0.316535 0.242676 2 0.337694 0.243883 2
0 0.752161 0.145833 0.517882 0.173922 0.505709 0.141797 0.739988 0.113709 0.736755 0.133947 2 0.711129 0.134060 2 0.671378 0.139395 2 0.624767 0.144162 2 0.561609 0.150858 2 0.528921 0.155739 2
0 0.446350 0.144356 0.640174 0.186643 0.616703 0.220681 0.422879 0.178394 0.624304 0.203476 2 0.607671 0.199649 2 0.575537 0.193269 2 0.523369 0.185614 2 0.480650 0.173919 2 0.456078 0.159671 2
0 0.173988 0.590714 0.394906 0.618502 0.382927 0.648633 0.162009 0.620844 0.174591 0.606509 2 0.202566 0.610124 2 0.242260 0.616716 2 0.299343 0.627136 2 0.342817 0.626073 2 0.383645 0.630538 2
0 0.584259 0.484115 0.229602 0.585451 0.185630 0.536759 0.540288 0.435422 0.214325 0.559155 2 0.259531 0.543951 2 0.331300 0.526125 2 0.427303 0.502794 2 0.503266 0.478677 2 0.532626 0.451938 2
0 0.605707 0.385415 0.657407 0.395052 0.596811 0.497909 0.545111 0.488272 0.571901 0.489083 2 0.581384 0.473873 2 0.596720 0.449130 2 0.612055 0.420527 2 0.619319 0.403389 2 0.632031 0.392947 2
0 0.516876 0.652003 0.672624 0.689043 0.650357 0.718668 0.494609 0.681628 0.660944 0.707844 2 0.642798 0.701252 2 0.606129 0.688493 2 0.561520 0.676585 2 0.529765 0.676372 2 0.507461 0.677223 2
0 0.550565 0.603504 0.631379 0.613669 0.557407 0.799740 0.476594 0.789574 0.520441 0.789799 2 0.529892 0.767897 2 0.545013 0.733874 2 0.558244 0.691345 2 0.574122 0.651793 2 0.583951 0.624999 2
0 0.289063 0.800797 0.478241 0.832552 0.461867 0.863416 0.272689 0.831661 0.290503 0.820036 2 0.316965 0.824926 2 0.366110 0.832582 2 0.417145 0.840875 2 0.454192 0.844702 2 0.470826 0.838961 2
0 0.659259 0.778386 0.547164 0.862933 0.497724 0.842193 0.609820 0.757646 0.519120 0.849329 2 0.536035 0.839254 2 0.568373 0.819945 2 0.599964 0.796718 2 0.617377 0.783145 2 0.626581 0.770972 2
0 0.184585 0.847529 0.362538 0.916010 0.318981 0.951823 0.141028 0.883342 0.167387 0.868183 2 0.190693 0.880085 2 0.229638 0.893540 2 0.276556 0.904579 2 0.309675 0.924243 2 0.322554 0.938215 2
