0 0.355698 0.211198 0.286864 0.233884 0.183617 0.134763 0.252451 0.112077 0.219978 0.127507 2 0.232551 0.137167 2 0.252177 0.157866 2 0.287442 0.180808 2 0.306761 0.202197 2 0.308908 0.221344 2
0 0.452901 0.175375 0.400926 0.200000 0.236197 0.089990 0.288172 0.065365 0.267970 0.089423 2 0.287745 0.097822 2 0.319021 0.118253 2 0.354534 0.142088 2 0.404980 0.163199 2 0.427377 0.169555 2
0 0.512180 0.109375 0.746439 0.109375 0.746439 0.146354 0.512180 0.146354 0.737744 0.122737 2 0.712905 0.121702 2 0.662307 0.122047 2 0.610483 0.123427 2 0.542405 0.129637 2 0.514500 0.137226 2
0 0.620513 0.073958 0.668661 0.073958 0.668661 0.161979 0.620513 0.161979 0.649121 0.080994 2 0.646974 0.093585 2 0.642068 0.110145 2 0.000000 0.000000 0 0.640535 0.144816 2 0.656481 0.160858 2
0 0.588014 0.509428 0.152920 0.536458 0.143036 0.486120 0.578130 0.459089 0.161221 0.510513 2 0.212019 0.506581 2 0.306623 0.498716 2 0.401694 0.496095 2 0.486978 0.493736 2 0.544766 0.471453 2
0 0.380235 0.598437 0.197511 0.644337 0.169440 0.608979 0.352164 0.563080 0.182956 0.625834 2 0.203748 0.619454 2 0.244198 0.607121 2 0.287294 0.594362 2 0.330390 0.588196 2 0.361011 0.591811 2
0 0.547067 0.505315 0.597365 0.526823 0.469712 0.621278 0.419414 0.599770 0.446555 0.606974 2 0.461888 0.595935 2 0.486727 0.573683 2 0.525979 0.549362 2 0.541618 0.537805 2 0.565537 0.520728 2
0 0.162242 0.781791 0.353838 0.827357 0.329772 0.859375 0.138176 0.813809 0.157025 0.799289 2 0.178195 0.805881 2 0.226206 0.815875 2 0.274594 0.829059 2 0.302947 0.834163 2 0.326007 0.835438 2
0 0.182550 0.889583 0.386254 0.889583 0.386254 0.940365 0.182550 0.940365 0.189158 0.909014 2 0.213731 0.908801 2 0.260229 0.907738 2 0.324495 0.905611 2 0.362299 0.916881 2 0.378932 0.933680 2
0 0.590889 0.771958 0.648298 0.799158 0.530391 0.877899 0.472982 0.850700 0.505952 0.860318 2 0.521034 0.852212 2 0.548327 0.834445 2 0.579299 0.815816 2 0.602604 0.801327 2 0.611191 0.785112 2
0 0.549728 0.597063 0.630698 0.606771 0.559117 0.795679 0.478147 0.785971 0.523086 0.787072 2 0.531008 0.767673 2 0.542659 0.734905 2 0.555242 0.686671 2 0.571087 0.644466 2 0.585888 0.619526 2
0 0.546974 0.613373 0.733001 0.680444 0.685791 0.721875 0.499764 0.654804 0.699712 0.705021 2 0.683867 0.696894 2 0.642856 0.679069 2 0.597651 0.662291 2 0.559902 0.652592 2 0.531008 0.643155 2
