0 0.395582 0.298152 0.237631 0.322742 0.224788 0.296639 0.382740 0.272050 0.233501 0.307749 2 0.253143 0.303145 2 0.282932 0.297345 2 0.318778 0.292281 2 0.350205 0.288230 2 0.379013 0.286665 2
0 0.628062 0.364194 0.510724 0.380346 0.497503 0.349957 0.614842 0.333805 0.501931 0.360503 2 0.519343 0.355746 2 0.548696 0.349729 2 0.586506 0.343852 2 0.607899 0.351548 2 0.613123 0.365400 2
0 0.587037 0.430990 0.404384 0.496844 0.372760 0.469092 0.555413 0.403237 0.390121 0.481919 2 0.418169 0.472953 2 0.458525 0.459900 2 0.509374 0.445031 2 0.545694 0.424941 2 0.545291 0.407575 2
0 0.507102 0.436164 0.621922 0.498792 0.592247 0.516006 0.477427 0.453379 0.493899 0.447157 2 0.510814 0.454573 2 0.533948 0.465907 2 0.561808 0.477660 2 0.578972 0.486335 2 0.592404 0.500747 2
0 0.471297 0.665736 0.397452 0.682327 0.281247 0.518674 0.355093 0.502083 0.425998 0.673782 2 0.410666 0.653946 2 0.391960 0.622725 2 0.364361 0.578049 2 0.345655 0.537513 2 0.332619 0.518289 2
0 0.304592 0.714004 0.398660 0.763298 0.361555 0.785702 0.267487 0.736409 0.286376 0.726200 2 0.296667 0.734145 2 0.314020 0.748673 2 0.333670 0.763585 2 0.354739 0.768478 2 0.379275 0.760381 2
0 0.336390 0.650664 0.462266 0.693107 0.435370 0.718347 0.309493 0.675904 0.320616 0.662676 2 0.342009 0.670092 2 0.370366 0.681566 2 0.401958 0.692900 2 0.432554 0.701155 2 0.465887 0.698636 2
0 0.476475 0.681866 0.359361 0.722255 0.343517 0.707718 0.460630 0.667329 0.352515 0.713108 2 0.368456 0.707887 2 0.392266 0.701190 2 0.421121 0.692904 2 0.447352 0.683484 2 0.461477 0.675879 2
0 0.534362 0.727669 0.505020 0.733507 0.465973 0.671416 0.495315 0.665578 0.000000 0.000000 0 0.000000 0.000000 0 0.000000 0.000000 0 0.495814 0.703160 2 0.482381 0.680912 2 0.489097 0.668739 2
0 0.609046 0.705468 0.507870 0.723698 0.498825 0.707814 0.600000 0.689583 0.000000 0.000000 0 0.578067 0.702125 2 0.556897 0.705315 2 0.514935 0.711907 2 0.000000 0.000000 0 0.000000 0.000000 0
0 0.477357 0.683594 0.598886 0.758341 0.568517 0.773964 0.446988 0.699217 0.580096 0.766523 2 0.565990 0.758071 2 0.536858 0.740649 2 0.504046 0.717880 2 0.488100 0.707186 2 0.470621 0.700458 2
0 0.634090 0.635812 0.674537 0.647656 0.596643 0.731817 0.556197 0.719973 0.576245 0.724190 2 0.589587 0.713315 2 0.606751 0.694985 2 0.631875 0.671478 2 0.641576 0.657486 2 0.643815 0.642374 2
