0 0.431940 0.241964 0.467172 0.254948 0.381643 0.328379 0.346412 0.315395 0.364953 0.317639 2 0.374406 0.309383 2 0.392564 0.293992 2 0.414703 0.276222 2 0.435847 0.260550 2 0.448782 0.252435 2
0 0.601178 0.361458 0.635690 0.361458 0.635690 0.446615 0.601178 0.446615 0.618405 0.368150 2 0.617271 0.378995 2 0.615003 0.397707 2 0.611601 0.413868 2 0.612905 0.434979 2 0.615890 0.446452 2
0 0.627509 0.462541 0.589857 0.477344 0.502830 0.407303 0.540482 0.392500 0.604415 0.465084 2 0.591184 0.455940 2 0.570392 0.441480 2 0.547332 0.424256 2 0.534101 0.412560 2 0.535613 0.400439 2
0 0.397777 0.441015 0.355904 0.443140 0.342382 0.358854 0.384254 0.356729 0.375767 0.439680 2 0.373437 0.430243 2 0.367378 0.410844 2 0.363184 0.388824 2 0.366446 0.370998 2 0.377631 0.358940 2
0 0.431859 0.400462 0.399762 0.414475 0.318485 0.355567 0.350582 0.341555 0.336261 0.348746 2 0.346957 0.356162 2 0.361136 0.366936 2 0.378548 0.382887 2 0.400190 0.397299 2 0.423075 0.400657 2
0 0.285078 0.607988 0.239228 0.610837 0.222256 0.524400 0.268106 0.521551 0.241024 0.524930 2 0.245999 0.536963 2 0.252716 0.556552 2 0.260427 0.575022 2 0.257940 0.594611 2 0.246746 0.606785 2
0 0.502584 0.537948 0.556061 0.547917 0.481649 0.674224 0.428172 0.664255 0.457203 0.668609 2 0.468704 0.652946 2 0.482224 0.632516 2 0.502200 0.601303 2 0.515719 0.573041 2 0.518746 0.550454 2
0 0.519227 0.680364 0.613905 0.720016 0.588005 0.739583 0.493327 0.699932 0.595262 0.728539 2 0.579342 0.722523 2 0.558695 0.712168 2 0.536805 0.699575 2 0.519393 0.696217 2 0.497503 0.695378 2
0 0.340781 0.449457 0.409764 0.464062 0.299791 0.628408 0.230808 0.613802 0.264195 0.615113 2 0.279574 0.594404 2 0.298216 0.562685 2 0.325246 0.525198 2 0.355538 0.487187 2 0.374179 0.464119 2
0 0.535438 0.714063 0.395032 0.722785 0.391662 0.705623 0.532068 0.696900 0.395257 0.713354 2 0.412005 0.713013 2 0.444492 0.712219 2 0.485857 0.711084 2 0.508860 0.707792 2 0.528635 0.701777 2
0 0.417268 0.720157 0.451894 0.737240 0.346451 0.804865 0.311825 0.787782 0.328800 0.793363 2 0.344720 0.788185 2 0.378550 0.773773 2 0.400440 0.758102 2 0.402928 0.737674 2 0.418848 0.725780 2
0 0.471495 0.727035 0.616361 0.752242 0.604419 0.773958 0.459553 0.748751 0.602006 0.762527 2 0.586060 0.758560 2 0.552328 0.750798 2 0.516143 0.743380 2 0.485477 0.740966 2 0.467998 0.743208 2
