0 0.386651 0.208663 0.169557 0.214774 0.167133 0.187529 0.384227 0.181418 0.177314 0.201463 2 0.203073 0.198876 2 0.257044 0.198703 2 0.306722 0.199565 2 0.347507 0.197496 2 0.380319 0.193873 2
0 0.459118 0.105158 0.324428 0.175739 0.291058 0.155590 0.425749 0.085010 0.310095 0.163342 2 0.325734 0.154372 2 0.357933 0.138675 2 0.411904 0.116251 2 0.427544 0.096587 2 0.437970 0.082615 2
0 0.577846 0.043161 0.626068 0.061719 0.489708 0.173835 0.441485 0.155278 0.469364 0.159793 2 0.487662 0.144657 2 0.518876 0.121650 2 0.559778 0.091378 2 0.584534 0.070187 2 0.602832 0.052629 2
0 0.739175 0.073634 0.548291 0.132292 0.524851 0.108157 0.715736 0.049500 0.728004 0.064784 2 0.701906 0.069503 2 0.652972 0.081299 2 0.609165 0.093620 2 0.562562 0.106465 2 0.542989 0.120621 2
0 0.720851 0.153712 0.661153 0.167910 0.581286 0.061652 0.640984 0.047455 0.683631 0.161357 2 0.674956 0.142823 2 0.660391 0.114686 2 0.633381 0.078402 2 0.613576 0.066249 2 0.582477 0.058607 2
0 0.599552 0.418676 0.286179 0.567148 0.209529 0.515959 0.522902 0.367487 0.249373 0.535349 2 0.289445 0.515573 2 0.354467 0.490906 2 0.439525 0.455395 2 0.508328 0.429239 2 0.543107 0.405423 2
0 0.272944 0.640833 0.346298 0.649197 0.308939 0.752865 0.235585 0.744500 0.316476 0.647763 2 0.303326 0.664245 2 0.286460 0.685806 2 0.270208 0.714958 2 0.279407 0.740314 2 0.307006 0.752389 2
0 0.364031 0.566667 0.434259 0.566667 0.434259 0.685937 0.364031 0.685937 0.391064 0.573255 2 0.397034 0.588367 2 0.397283 0.614253 2 0.397283 0.639998 2 0.396537 0.666304 2 0.399024 0.680016 2
0 0.404309 0.659375 0.458333 0.659375 0.458333 0.776823 0.404309 0.776823 0.433092 0.766238 2 0.431848 0.752805 2 0.432345 0.730418 2 0.431848 0.701314 2 0.431599 0.681305 2 0.424385 0.664514 2
0 0.568729 0.575090 0.635791 0.585938 0.545504 0.762552 0.478443 0.751705 0.517948 0.753408 2 0.530587 0.730787 2 0.548972 0.687160 2 0.571952 0.636100 2 0.581719 0.615740 2 0.597805 0.584393 2
0 0.679305 0.694461 0.714042 0.716260 0.571559 0.788099 0.536822 0.766300 0.559040 0.777113 2 0.575818 0.768725 2 0.605644 0.751685 2 0.643859 0.731238 2 0.671354 0.721277 2 0.690462 0.710529 2
0 0.710791 0.839844 0.527837 0.894735 0.501369 0.866823 0.684322 0.811931 0.518874 0.880173 2 0.544580 0.871880 2 0.588054 0.858058 2 0.637577 0.845300 2 0.666308 0.833604 2 0.686722 0.829564 2
