0 0.266177 0.296071 0.425891 0.314282 0.417797 0.336742 0.258083 0.318531 0.262808 0.310397 2 0.280968 0.311759 2 0.316482 0.312781 2 0.360997 0.314256 2 0.382201 0.317417 2 0.409287 0.322507 2
0 0.660970 0.409078 0.615003 0.415132 0.582144 0.336192 0.628111 0.330138 0.601537 0.339739 2 0.607756 0.348274 2 0.617208 0.362966 2 0.627407 0.379197 2 0.630392 0.391790 2 0.625417 0.405923 2
0 0.620734 0.446152 0.570065 0.464420 0.450114 0.359154 0.500784 0.340885 0.591196 0.454808 2 0.577397 0.439801 2 0.556851 0.417204 2 0.533545 0.393055 2 0.500733 0.367526 2 0.477734 0.357349 2
0 0.422543 0.632552 0.343531 0.641561 0.281212 0.468631 0.360223 0.459622 0.380819 0.633930 2 0.372502 0.614154 2 0.362673 0.585659 2 0.348685 0.549510 2 0.335832 0.495073 2 0.330335 0.470276 2
0 0.651475 0.620257 0.609379 0.626556 0.570084 0.543465 0.612179 0.537166 0.595998 0.545413 2 0.601470 0.557447 2 0.609430 0.572698 2 0.617639 0.590748 2 0.622863 0.601662 2 0.627838 0.616774 2
0 0.389913 0.736666 0.253110 0.764755 0.241569 0.746971 0.378372 0.718881 0.251388 0.752943 2 0.266938 0.749997 2 0.290017 0.744749 2 0.317679 0.739317 2 0.348063 0.735025 2 0.375887 0.731168 2
0 0.462004 0.707380 0.639712 0.717409 0.635587 0.740534 0.457879 0.730505 0.462207 0.716947 2 0.486903 0.718292 2 0.517043 0.720458 2 0.561655 0.724939 2 0.593122 0.727926 2 0.624324 0.725013 2
0 0.498798 0.649386 0.523110 0.659783 0.438640 0.722285 0.414327 0.711888 0.428901 0.713935 2 0.439377 0.706017 2 0.452635 0.695245 2 0.472113 0.677936 2 0.492737 0.665598 2 0.508614 0.658969 2
0 0.535210 0.631407 0.567901 0.634375 0.544895 0.714565 0.512204 0.711597 0.524601 0.712361 2 0.531347 0.703046 2 0.538094 0.686659 2 0.544840 0.669928 2 0.551586 0.651816 2 0.549747 0.640776 2
0 0.621187 0.715726 0.495732 0.748090 0.483060 0.732548 0.608515 0.700184 0.608931 0.712878 2 0.593598 0.715983 2 0.572439 0.720468 2 0.000000 0.000000 0 0.516073 0.731451 2 0.491176 0.741512 2
0 0.627962 0.668196 0.662162 0.670126 0.645766 0.762048 0.611566 0.760118 0.626477 0.757979 2 0.630714 0.746628 2 0.634952 0.729603 2 0.642418 0.708378 2 0.643830 0.686813 2 0.638259 0.673845 2
0 0.507773 0.723971 0.642507 0.781585 0.620703 0.797719 0.485969 0.740104 0.625147 0.787544 2 0.609647 0.780952 2 0.583941 0.769894 2 0.554076 0.758837 2 0.523455 0.743101 2 0.503797 0.731193 2
