0 0.215165 0.126442 0.268056 0.129427 0.247672 0.243703 0.194781 0.240718 0.216610 0.236731 2 0.218500 0.223334 2 0.226817 0.202495 2 0.240048 0.171236 2 0.246853 0.153162 2 0.245719 0.135299 2
0 0.322816 0.207182 0.365123 0.226823 0.242308 0.310527 0.200000 0.290885 0.222474 0.293011 2 0.235660 0.281109 2 0.261419 0.263170 2 0.294231 0.241780 2 0.319070 0.231086 2 0.340866 0.223682 2
0 0.643095 0.100843 0.680268 0.114246 0.583006 0.199600 0.545833 0.186198 0.657399 0.109210 2 0.644713 0.118865 2 0.621582 0.137612 2 0.598792 0.156955 2 0.577490 0.180078 2 0.575781 0.194056 2
0 0.655825 0.198646 0.627851 0.207448 0.552794 0.131969 0.580768 0.123167 0.573270 0.128951 2 0.580130 0.139620 2 0.591430 0.152332 2 0.606041 0.168973 2 0.616161 0.180875 2 0.628120 0.191397 2
0 0.505939 0.167998 0.537807 0.185732 0.401932 0.262991 0.370064 0.245258 0.387751 0.252320 2 0.407154 0.241266 2 0.430287 0.228113 2 0.460635 0.212862 2 0.491978 0.192993 2 0.504913 0.182079 2
0 0.527438 0.170354 0.562837 0.182021 0.481232 0.260365 0.445833 0.248698 0.538167 0.179798 2 0.527069 0.187630 2 0.508303 0.201591 2 0.488327 0.217027 2 0.475615 0.235414 2 0.469593 0.250256 2
0 0.433178 0.409499 0.507407 0.435677 0.324302 0.599959 0.250073 0.573781 0.290113 0.581201 2 0.311578 0.561019 2 0.343164 0.535663 2 0.391615 0.497369 2 0.442520 0.456143 2 0.463066 0.434064 2
0 0.548270 0.553464 0.612963 0.564323 0.534234 0.712725 0.469541 0.701866 0.500399 0.701105 2 0.510711 0.683151 2 0.528061 0.657740 2 0.548848 0.617597 2 0.565216 0.591817 2 0.576837 0.570825 2
0 0.370749 0.758289 0.332867 0.769655 0.245348 0.677359 0.283230 0.665993 0.269054 0.674549 2 0.277551 0.687843 2 0.294148 0.707410 2 0.313135 0.727650 2 0.332785 0.748189 2 0.354194 0.752212 2
0 0.459512 0.760417 0.418427 0.762735 0.399752 0.658042 0.440837 0.655724 0.422343 0.663966 2 0.422545 0.673500 2 0.423352 0.689391 2 0.422747 0.713793 2 0.425773 0.737175 2 0.442320 0.753065 2
0 0.648043 0.657881 0.684259 0.669010 0.604877 0.750746 0.568661 0.739617 0.590944 0.740224 2 0.604463 0.729327 2 0.624439 0.711848 2 0.650066 0.689375 2 0.652891 0.677230 2 0.648250 0.661340 2
0 0.635648 0.777863 0.610816 0.791961 0.497685 0.728907 0.522517 0.714810 0.617483 0.782506 2 0.605780 0.775469 2 0.584593 0.762189 2 0.561388 0.745051 2 0.541613 0.734495 2 0.518610 0.732111 2
