0 0.409259 0.275000 0.267459 0.335636 0.241199 0.316205 0.382999 0.255569 0.258899 0.324965 2 0.272822 0.317474 2 0.298045 0.306578 2 0.329926 0.290347 2 0.352727 0.280700 2 0.377547 0.271279 2
0 0.630942 0.380385 0.469336 0.398812 0.460801 0.375126 0.622406 0.356699 0.467947 0.388000 2 0.485300 0.384255 2 0.521621 0.379261 2 0.564802 0.374948 2 0.588612 0.374380 2 0.608589 0.369727 2
0 0.548611 0.456250 0.330773 0.508056 0.311024 0.481780 0.528861 0.429974 0.323028 0.494634 2 0.349053 0.487729 2 0.387191 0.478430 2 0.440223 0.465264 2 0.501767 0.451638 2 0.531393 0.448323 2
0 0.585837 0.501590 0.563911 0.518836 0.417054 0.459763 0.438980 0.442517 0.431133 0.453527 2 0.450386 0.462041 2 0.470302 0.469957 2 0.502964 0.482430 2 0.550099 0.498636 2 0.573535 0.498469 2
0 0.325681 0.537332 0.369730 0.550868 0.294444 0.628385 0.250395 0.614849 0.346126 0.544842 2 0.335230 0.556873 2 0.317675 0.573104 2 0.298909 0.587973 2 0.276511 0.608630 2 0.273686 0.618278 2
0 0.506923 0.687265 0.443518 0.702344 0.321359 0.539819 0.384764 0.524740 0.465593 0.693162 2 0.452679 0.676023 2 0.430281 0.644697 2 0.405059 0.610533 2 0.374792 0.561160 2 0.362483 0.542091 2
0 0.346568 0.741481 0.307338 0.750810 0.253432 0.679092 0.292662 0.669762 0.273988 0.676792 2 0.280322 0.684908 2 0.290272 0.697781 2 0.301963 0.713033 2 0.322610 0.736121 2 0.334550 0.741577 2
0 0.483776 0.690813 0.346372 0.718153 0.335281 0.700517 0.472685 0.673177 0.347196 0.708112 2 0.363660 0.704377 2 0.394995 0.697954 2 0.442528 0.688320 2 0.000000 0.000000 0 0.000000 0.000000 0
0 0.655724 0.667541 0.503353 0.706849 0.487520 0.687429 0.639890 0.648121 0.496895 0.696195 2 0.518935 0.691863 2 0.557572 0.683872 2 0.597006 0.675731 2 0.621254 0.666803 2 0.636174 0.655716 2
0 0.627154 0.705482 0.484010 0.726042 0.478043 0.712897 0.621187 0.692337 0.619295 0.699073 2 0.601452 0.702128 2 0.563648 0.705880 2 0.526011 0.708913 2 0.506501 0.715904 2 0.000000 0.000000 0
0 0.638103 0.725126 0.500181 0.741662 0.491204 0.717969 0.629125 0.701433 0.628651 0.707761 2 0.614327 0.714425 2 0.587293 0.724360 2 0.553151 0.732418 2 0.512440 0.724845 2 0.494130 0.718181 2
0 0.494411 0.712757 0.612823 0.723506 0.608740 0.737740 0.490328 0.726991 0.608334 0.728965 2 0.592667 0.729488 2 0.000000 0.000000 0 0.000000 0.000000 0 0.000000 0.000000 0 0.000000 0.000000 0
