0 0.408824 0.161723 0.367068 0.187406 0.187502 0.095030 0.229257 0.069348 0.211592 0.088933 2 0.234274 0.096589 2 0.266029 0.112324 2 0.321222 0.141882 2 0.366965 0.157192 2 0.392293 0.158256 2
0 0.364009 0.258740 0.300926 0.278125 0.191943 0.165910 0.255026 0.146525 0.221250 0.165386 2 0.231457 0.173466 2 0.249224 0.193242 2 0.279467 0.224714 2 0.304040 0.240662 2 0.329746 0.248105 2
0 0.764916 0.150465 0.528807 0.176007 0.515639 0.137493 0.751748 0.111951 0.746478 0.131730 2 0.721528 0.133643 2 0.677676 0.136620 2 0.622104 0.141724 2 0.559728 0.148954 2 0.531754 0.156184 2
0 0.474446 0.159260 0.677449 0.173028 0.670160 0.207031 0.467157 0.193262 0.662571 0.185812 2 0.637856 0.186457 2 0.601682 0.189587 2 0.542266 0.190048 2 0.502656 0.174120 2 0.486615 0.164728 2
0 0.594907 0.492448 0.230433 0.596589 0.174707 0.534881 0.539181 0.430739 0.211118 0.559235 2 0.263528 0.544893 2 0.347101 0.521388 2 0.457588 0.495493 2 0.513539 0.478761 2 0.548244 0.459240 2
0 0.596229 0.401377 0.654167 0.411458 0.589450 0.529141 0.531512 0.519059 0.562983 0.519148 2 0.571213 0.505008 2 0.583479 0.480859 2 0.601572 0.448948 2 0.613838 0.431009 2 0.621504 0.414449 2
0 0.174157 0.578876 0.381423 0.626800 0.353241 0.665365 0.145975 0.617441 0.166276 0.600905 2 0.192507 0.607828 2 0.230985 0.615346 2 0.290637 0.627143 2 0.327920 0.636580 2 0.356348 0.647590 2
0 0.552752 0.656208 0.712963 0.703125 0.685126 0.733202 0.524915 0.686285 0.687365 0.717553 2 0.668841 0.711812 2 0.637842 0.698203 2 0.600795 0.687358 2 0.565637 0.677151 2 0.549760 0.671622 2
0 0.553564 0.610536 0.637500 0.621094 0.565085 0.803249 0.481149 0.792691 0.528209 0.792907 2 0.537064 0.769052 2 0.554773 0.729730 2 0.565492 0.690933 2 0.580871 0.651611 2 0.593454 0.625397 2
0 0.280231 0.801080 0.484741 0.836665 0.466667 0.869531 0.262156 0.833946 0.277134 0.819977 2 0.303751 0.826553 2 0.351511 0.834529 2 0.407480 0.842224 2 0.438325 0.846982 2 0.465439 0.844883 2
0 0.620413 0.757447 0.668056 0.775781 0.556439 0.867553 0.508796 0.849219 0.525170 0.854567 2 0.542938 0.845423 2 0.574315 0.824371 2 0.610229 0.799917 2 0.621948 0.789072 2 0.625728 0.772486 2
0 0.179975 0.855615 0.375016 0.924398 0.336119 0.959296 0.141078 0.890513 0.167085 0.877087 2 0.192036 0.888569 2 0.221145 0.899202 2 0.280118 0.910897 2 0.310361 0.927909 2 0.324726 0.946196 2
