0 0.343570 0.254362 0.294619 0.269049 0.191387 0.160182 0.240338 0.145495 0.220147 0.154560 2 0.230400 0.166094 2 0.246711 0.187852 2 0.269547 0.212232 2 0.296576 0.237135 2 0.315684 0.254961 2
0 0.418292 0.154178 0.371369 0.183624 0.188706 0.091525 0.235628 0.062079 0.216691 0.083325 2 0.241837 0.094192 2 0.278329 0.114718 2 0.317274 0.139040 2 0.364805 0.155944 2 0.396084 0.152149 2
0 0.753404 0.144210 0.506760 0.170892 0.496352 0.140449 0.742996 0.113767 0.739925 0.129598 2 0.715221 0.130245 2 0.669260 0.131860 2 0.607787 0.137031 2 0.542292 0.147696 2 0.516439 0.161915 2
0 0.708756 0.175213 0.498158 0.209277 0.482671 0.178980 0.693269 0.144916 0.696864 0.158409 2 0.674961 0.162079 2 0.629289 0.172827 2 0.576628 0.184099 2 0.532820 0.187507 2 0.505324 0.186721 2
0 0.582550 0.486458 0.213215 0.576753 0.176657 0.529440 0.545992 0.439145 0.202692 0.551743 2 0.252558 0.538111 2 0.328987 0.520023 2 0.439437 0.499314 2 0.498623 0.482537 2 0.539634 0.454749 2
0 0.594587 0.430990 0.640987 0.442024 0.561259 0.548097 0.514859 0.537062 0.536543 0.539357 2 0.547582 0.525385 2 0.567822 0.501754 2 0.588674 0.475535 2 0.603087 0.458113 2 0.603394 0.440864 2
0 0.168313 0.580844 0.361516 0.626792 0.341390 0.653569 0.148187 0.607621 0.162824 0.596646 2 0.186129 0.601303 2 0.233661 0.609928 2 0.290698 0.617690 2 0.317071 0.627350 2 0.332710 0.645634 2
0 0.553581 0.607946 0.627541 0.618127 0.551207 0.793586 0.477248 0.783405 0.522351 0.788178 2 0.533701 0.766077 2 0.545925 0.727278 2 0.556402 0.687988 2 0.576484 0.645261 2 0.590454 0.622178 2
0 0.565448 0.656845 0.719025 0.704038 0.690393 0.733520 0.536816 0.686326 0.697225 0.720958 2 0.680052 0.713886 2 0.643867 0.701294 2 0.604002 0.686287 2 0.575790 0.682320 2 0.555551 0.678008 2
0 0.253113 0.796691 0.442317 0.828451 0.423128 0.864621 0.233925 0.832862 0.242148 0.813817 2 0.270599 0.820286 2 0.310957 0.825252 2 0.365395 0.831206 2 0.403954 0.841200 2 0.426636 0.850556 2
0 0.611235 0.758224 0.657550 0.776823 0.545439 0.865157 0.499123 0.846558 0.519995 0.856481 2 0.535374 0.843374 2 0.559142 0.827121 2 0.599687 0.802479 2 0.614600 0.789110 2 0.622523 0.771546 2
0 0.174974 0.856538 0.375936 0.916832 0.341808 0.952823 0.140847 0.892528 0.164692 0.879242 2 0.190776 0.889449 2 0.233494 0.899443 2 0.292846 0.910926 2 0.325357 0.922834 2 0.342747 0.938357 2
