0 0.409580 0.285417 0.267191 0.326102 0.251867 0.309133 0.394256 0.268448 0.262486 0.319757 2 0.278036 0.312759 2 0.304061 0.304933 2 0.344327 0.291491 2 0.367406 0.284218 2 0.390485 0.275747 2
0 0.625352 0.374941 0.471227 0.393419 0.462862 0.371343 0.616987 0.352865 0.474006 0.382718 2 0.493019 0.378578 2 0.523991 0.373921 2 0.562629 0.368746 2 0.595748 0.368401 2 0.611387 0.364434 2
0 0.564672 0.460677 0.344652 0.504456 0.326069 0.474905 0.546089 0.431126 0.337948 0.489875 2 0.374066 0.481135 2 0.422494 0.470466 2 0.456998 0.463543 2 0.514103 0.452646 2 0.549616 0.449014 2
0 0.463322 0.439715 0.623121 0.497330 0.596339 0.520833 0.436540 0.463219 0.449832 0.452769 2 0.469434 0.459736 2 0.495445 0.468005 2 0.529524 0.480318 2 0.578279 0.495570 2 0.603441 0.498864 2
0 0.367704 0.670701 0.321619 0.679871 0.265161 0.590093 0.311246 0.580923 0.291969 0.587434 2 0.294208 0.601707 2 0.298685 0.619337 2 0.309879 0.649140 2 0.327789 0.662713 2 0.351918 0.670129 2
0 0.376894 0.758073 0.344933 0.767894 0.270867 0.691632 0.302828 0.681811 0.288735 0.687449 2 0.296201 0.696643 2 0.304272 0.708220 2 0.320011 0.727856 2 0.338979 0.747378 2 0.353305 0.757139 2
0 0.478533 0.696702 0.358375 0.723698 0.346685 0.707234 0.466843 0.680238 0.357089 0.713654 2 0.373756 0.708897 2 0.401616 0.702320 2 0.435446 0.695464 2 0.451366 0.690427 2 0.000000 0.000000 0
0 0.667635 0.673958 0.516014 0.714110 0.501286 0.696512 0.652907 0.656361 0.512922 0.705729 2 0.533594 0.701164 2 0.560271 0.694834 2 0.610663 0.683309 2 0.632783 0.673557 2 0.650783 0.663058 2
0 0.640261 0.707691 0.499903 0.729542 0.492520 0.714535 0.632878 0.692685 0.628272 0.701140 2 0.608489 0.703978 2 0.583793 0.706517 2 0.545554 0.710699 2 0.521257 0.716749 2 0.000000 0.000000 0
0 0.507325 0.692969 0.445728 0.706011 0.333838 0.538802 0.395435 0.525760 0.469000 0.693145 2 0.456691 0.677936 2 0.434899 0.647971 2 0.407255 0.609721 2 0.382234 0.563753 2 0.368109 0.534129 2
0 0.465391 0.691150 0.606333 0.738673 0.588021 0.755856 0.447080 0.708333 0.595413 0.744887 2 0.580027 0.741388 2 0.547291 0.731537 2 0.512427 0.719383 2 0.481000 0.705297 2 0.466596 0.695629 2
0 0.510566 0.709997 0.608014 0.726953 0.602357 0.737240 0.504909 0.720284 0.594833 0.734900 2 0.575519 0.728363 2 0.555059 0.723943 2 0.000000 0.000000 0 0.000000 0.000000 0 0.000000 0.000000 0
