0 0.425103 0.316540 0.296393 0.328968 0.285023 0.291709 0.413733 0.279281 0.291213 0.304930 2 0.308386 0.299927 2 0.335985 0.294753 2 0.381370 0.290268 2 0.408049 0.299755 2 0.419088 0.314417 2
0 0.344027 0.340524 0.389140 0.341031 0.385969 0.430208 0.340856 0.429701 0.364515 0.427992 2 0.363003 0.418423 2 0.361112 0.397158 2 0.358844 0.372279 2 0.363381 0.358244 2 0.375478 0.343146 2
0 0.491004 0.522704 0.455876 0.528385 0.415503 0.449410 0.450631 0.443729 0.429276 0.447580 2 0.437236 0.457795 2 0.444201 0.470947 2 0.454515 0.490921 2 0.462383 0.508904 2 0.476296 0.518444 2
0 0.599481 0.381547 0.628098 0.389323 0.565512 0.462203 0.536895 0.454427 0.555165 0.452917 2 0.566205 0.443602 2 0.581231 0.427560 2 0.000000 0.000000 0 0.601163 0.403929 2 0.603923 0.392717 2
0 0.597813 0.397091 0.625320 0.401042 0.585699 0.488326 0.558191 0.484375 0.610685 0.402553 2 0.606436 0.412636 2 0.599133 0.426004 2 0.588644 0.445572 2 0.576296 0.467081 2 0.577503 0.480296 2
0 0.386973 0.631798 0.301395 0.642058 0.238182 0.475233 0.323759 0.464973 0.340173 0.635342 2 0.330974 0.617920 2 0.313494 0.583076 2 0.296628 0.544093 2 0.287122 0.503385 2 0.284975 0.477166 2
0 0.459495 0.521623 0.516049 0.527083 0.474835 0.662140 0.418280 0.656679 0.446563 0.657798 2 0.452990 0.641849 2 0.462819 0.614843 2 0.473404 0.580395 2 0.477184 0.556366 2 0.481343 0.538504 2
0 0.328505 0.692912 0.279116 0.712329 0.198617 0.647542 0.248006 0.628125 0.222544 0.641295 2 0.230401 0.650778 2 0.243004 0.665325 2 0.263300 0.687606 2 0.285070 0.695432 2 0.317098 0.691475 2
0 0.511420 0.705469 0.370728 0.732576 0.359678 0.714430 0.500370 0.687323 0.369578 0.722039 2 0.386931 0.718066 2 0.415786 0.713413 2 0.456344 0.707965 2 0.474908 0.703652 2 0.494682 0.693096 2
0 0.430549 0.705534 0.592566 0.706446 0.592302 0.721289 0.430285 0.720377 0.586698 0.715252 2 0.569675 0.714976 2 0.542177 0.713503 2 0.506986 0.711477 2 0.462388 0.712729 2 0.432519 0.715952 2
0 0.443096 0.730070 0.588890 0.748409 0.581485 0.767037 0.435690 0.748698 0.581465 0.757944 2 0.562062 0.755285 2 0.531715 0.751228 2 0.502859 0.747450 2 0.465298 0.743252 2 0.447388 0.735556 2
0 0.437873 0.721937 0.328721 0.790435 0.306491 0.779226 0.415643 0.710729 0.317789 0.782990 2 0.332714 0.775014 2 0.355350 0.760043 2 0.382464 0.744511 2 0.396145 0.733737 2 0.406344 0.722404 2
