0 0.359975 0.212240 0.184516 0.279761 0.153940 0.254621 0.329399 0.187100 0.175283 0.263464 2 0.196749 0.253632 2 0.236921 0.239487 2 0.283532 0.224998 2 0.317877 0.213613 2 0.336890 0.206541 2
0 0.576183 0.123353 0.404780 0.198181 0.371143 0.173801 0.542546 0.098974 0.395318 0.185049 2 0.414487 0.174493 2 0.449395 0.158149 2 0.492173 0.136810 2 0.533134 0.117856 2 0.554926 0.105257 2
0 0.638164 0.083905 0.447012 0.090365 0.444464 0.066510 0.635617 0.060051 0.453708 0.080424 2 0.479578 0.075246 2 0.527338 0.073567 2 0.584799 0.073847 2 0.624848 0.075946 2 0.000000 0.000000 0
0 0.674194 0.028159 0.718561 0.045232 0.579419 0.159635 0.535052 0.142562 0.694113 0.039465 2 0.679686 0.048420 2 0.647845 0.072487 2 0.623965 0.093475 2 0.600583 0.109706 2 0.584071 0.121160 2
0 0.638603 0.055967 0.666075 0.072200 0.555555 0.131382 0.528083 0.115149 0.000000 0.000000 0 0.632673 0.071464 2 0.000000 0.000000 0 0.589896 0.090873 2 0.551759 0.114368 2 0.554455 0.130247 2
0 0.344462 0.593238 0.293524 0.599946 0.241915 0.475963 0.292854 0.469254 0.313447 0.591884 2 0.308847 0.576187 2 0.299034 0.549278 2 0.287995 0.518230 2 0.285235 0.494943 2 0.278489 0.479936 2
0 0.509422 0.394617 0.551178 0.421354 0.242755 0.573760 0.200999 0.547022 0.237182 0.555549 2 0.273096 0.536199 2 0.318082 0.511957 2 0.388396 0.479210 2 0.474211 0.436681 2 0.506344 0.418181 2
0 0.307637 0.788662 0.253514 0.789880 0.244257 0.659776 0.298380 0.658557 0.269821 0.666788 2 0.269514 0.682657 2 0.270128 0.707668 2 0.270434 0.743547 2 0.277794 0.765453 2 0.291593 0.780115 2
0 0.447475 0.745313 0.389457 0.750915 0.353709 0.633772 0.411727 0.628170 0.385250 0.634990 2 0.388317 0.649479 2 0.392303 0.678630 2 0.397516 0.711231 2 0.406103 0.726411 2 0.425422 0.738658 2
0 0.554170 0.575032 0.633442 0.588338 0.539742 0.764960 0.460470 0.751654 0.499939 0.756942 2 0.513125 0.733483 2 0.532751 0.692775 2 0.551150 0.648272 2 0.564336 0.623260 2 0.585495 0.598939 2
0 0.707197 0.713021 0.582691 0.792744 0.548294 0.775747 0.672800 0.696024 0.565375 0.783298 2 0.580119 0.776068 2 0.607715 0.760120 2 0.646653 0.740131 2 0.662531 0.730562 2 0.675006 0.715677 2
0 0.579882 0.767969 0.637434 0.767969 0.637434 0.869010 0.579882 0.869010 0.606370 0.860650 2 0.606975 0.850322 2 0.608779 0.830753 2 0.618828 0.810562 2 0.616409 0.785645 2 0.598018 0.773249 2
