0 0.431434 0.312587 0.272358 0.320662 0.269029 0.299913 0.428105 0.291838 0.272731 0.309392 2 0.292880 0.307713 2 0.325466 0.306453 2 0.365266 0.305194 2 0.391136 0.304354 2 0.418499 0.299597 2
0 0.628241 0.565885 0.597534 0.567618 0.580755 0.473547 0.611461 0.471814 0.595051 0.474285 2 0.598425 0.485152 2 0.603331 0.503781 2 0.607318 0.528965 2 0.612224 0.552597 2 0.621424 0.564844 2
0 0.668098 0.405729 0.633104 0.414996 0.568642 0.337975 0.603636 0.328708 0.585912 0.333663 2 0.596645 0.341943 2 0.608911 0.354017 2 0.621484 0.369197 2 0.637737 0.390413 2 0.650616 0.403005 2
0 0.569848 0.371546 0.626852 0.389063 0.519883 0.499202 0.462880 0.481685 0.491319 0.488119 2 0.506244 0.474407 2 0.537338 0.448661 2 0.567934 0.424595 2 0.583605 0.398709 2 0.582113 0.380099 2
0 0.485185 0.659896 0.415312 0.672054 0.325056 0.507930 0.394928 0.495772 0.448292 0.661919 2 0.436026 0.643807 2 0.415480 0.610861 2 0.398614 0.581020 2 0.371015 0.525995 2 0.360895 0.503226 2
0 0.298387 0.722549 0.413953 0.742658 0.400463 0.767188 0.284897 0.747079 0.292998 0.734684 2 0.305570 0.737271 2 0.331636 0.743136 2 0.367821 0.751071 2 0.391127 0.751933 2 0.404926 0.745723 2
0 0.399782 0.683111 0.571725 0.698719 0.565990 0.718708 0.394047 0.703100 0.398341 0.694291 2 0.420728 0.695550 2 0.457046 0.698208 2 0.498090 0.701427 2 0.532417 0.704365 2 0.560278 0.707443 2
0 0.518398 0.675318 0.409553 0.722835 0.390262 0.708854 0.499107 0.661336 0.401077 0.714579 2 0.415504 0.709402 2 0.432917 0.703945 2 0.000000 0.000000 0 0.493115 0.677360 2 0.500329 0.664067 2
0 0.531481 0.660156 0.559403 0.661574 0.548058 0.732287 0.520137 0.730870 0.534644 0.730553 2 0.000000 0.000000 0 0.534039 0.711031 2 0.532425 0.695935 2 0.543877 0.676817 2 0.554076 0.668422 2
0 0.646375 0.710794 0.509117 0.737240 0.498908 0.720475 0.636166 0.694029 0.636861 0.700488 2 0.621190 0.705525 2 0.599549 0.708883 2 0.573181 0.713221 2 0.539351 0.719937 2 0.517958 0.726794 2
0 0.669620 0.657494 0.709577 0.669195 0.630771 0.754342 0.590814 0.742641 0.614364 0.745234 2 0.628351 0.734602 2 0.648765 0.718441 2 0.668801 0.694625 2 0.675606 0.679952 2 0.677118 0.664642 2
0 0.650463 0.776823 0.624546 0.790134 0.507656 0.718125 0.533572 0.704814 0.632424 0.782815 2 0.620464 0.774535 2 0.600225 0.760391 2 0.574159 0.744004 2 0.542881 0.726065 2 0.523255 0.717957 2
