0 0.391452 0.216226 0.203832 0.254750 0.185186 0.226017 0.372806 0.187493 0.199319 0.240455 2 0.221092 0.234418 2 0.260037 0.227518 2 0.323514 0.218031 2 0.352646 0.206474 2 0.359086 0.191467 2
0 0.551852 0.048958 0.584029 0.070412 0.421260 0.147654 0.389084 0.126201 0.411566 0.135478 2 0.428162 0.124499 2 0.456600 0.108227 2 0.498562 0.089302 2 0.539012 0.074842 2 0.554889 0.062083 2
0 0.708841 0.047011 0.741537 0.065948 0.565279 0.162240 0.532582 0.143303 0.720669 0.058734 2 0.699877 0.066601 2 0.666610 0.084464 2 0.627294 0.102751 2 0.593649 0.120401 2 0.574748 0.138050 2
0 0.532265 0.065367 0.716667 0.076823 0.710594 0.107750 0.526193 0.096294 0.694963 0.097435 2 0.000000 0.000000 0 0.638258 0.081699 2 0.583064 0.073831 2 0.539590 0.085102 2 0.531651 0.099349 2
0 0.578579 0.082401 0.612786 0.101436 0.447686 0.195312 0.413478 0.176278 0.434874 0.184832 2 0.453776 0.172073 2 0.490067 0.152085 2 0.538456 0.126780 2 0.564541 0.109343 2 0.584198 0.091481 2
0 0.599494 0.428192 0.278846 0.568174 0.218031 0.524096 0.538679 0.384115 0.266280 0.546347 2 0.306352 0.524657 2 0.370240 0.494249 2 0.449627 0.456611 2 0.505577 0.432369 2 0.556611 0.415996 2
0 0.272358 0.649252 0.336676 0.649976 0.331878 0.784896 0.267561 0.784172 0.298783 0.656155 2 0.297060 0.672960 2 0.294187 0.702044 2 0.293612 0.738885 2 0.301081 0.757306 2 0.308785 0.776758 2
0 0.434230 0.695795 0.380103 0.704880 0.321270 0.593981 0.375397 0.584896 0.403872 0.697749 2 0.398239 0.684128 2 0.388991 0.663074 2 0.365349 0.628787 2 0.362538 0.610795 2 0.361540 0.593890 2
0 0.452249 0.736719 0.402034 0.739553 0.379913 0.615535 0.430127 0.612701 0.405851 0.617655 2 0.407998 0.636629 2 0.410145 0.658708 2 0.000000 0.000000 0 0.417811 0.705454 2 0.424557 0.723910 2
0 0.562590 0.580955 0.647990 0.595290 0.554615 0.771301 0.469214 0.756966 0.516280 0.759852 2 0.529511 0.736248 2 0.549925 0.694144 2 0.565046 0.652253 2 0.583192 0.620357 2 0.604362 0.596966 2
0 0.686577 0.695158 0.722156 0.713803 0.585766 0.796155 0.550187 0.777511 0.578530 0.781266 2 0.593556 0.771952 2 0.620234 0.757462 2 0.657953 0.739005 2 0.680645 0.726068 2 0.687698 0.706922 2
0 0.672365 0.763432 0.715414 0.779297 0.610618 0.869271 0.567568 0.853406 0.591465 0.858888 2 0.604651 0.850609 2 0.631615 0.831289 2 0.660484 0.813617 2 0.672728 0.794031 2 0.678248 0.776609 2
