0 0.193583 0.188743 0.244444 0.196354 0.195769 0.299277 0.144907 0.291667 0.188428 0.293382 2 0.184796 0.277378 2 0.183182 0.245370 2 0.185805 0.220173 2 0.202957 0.207347 2 0.231994 0.198048 2
0 0.281965 0.199653 0.316388 0.212900 0.210812 0.299705 0.176389 0.286458 0.199657 0.288400 2 0.211377 0.271389 2 0.230656 0.252676 2 0.254095 0.231199 2 0.276777 0.219716 2 0.303239 0.212273 2
0 0.491961 0.140699 0.518225 0.156218 0.374412 0.233227 0.348148 0.217708 0.366917 0.220005 2 0.388689 0.208103 2 0.422115 0.192924 2 0.462900 0.176882 2 0.489272 0.159633 2 0.498165 0.147386 2
0 0.646300 0.056006 0.680093 0.069010 0.567509 0.161577 0.533717 0.148573 0.658460 0.064249 2 0.645773 0.073764 2 0.628609 0.088316 2 0.602491 0.110983 2 0.580352 0.128614 2 0.562442 0.142746 2
0 0.495995 0.065254 0.603540 0.117250 0.580555 0.132292 0.473011 0.080295 0.490801 0.074464 2 0.507219 0.081180 2 0.531099 0.095172 2 0.561944 0.109724 2 0.000000 0.000000 0 0.000000 0.000000 0
0 0.542824 0.112724 0.576417 0.125652 0.502575 0.186365 0.468982 0.173438 0.000000 0.000000 0 0.549258 0.125955 2 0.533089 0.138268 2 0.507965 0.154919 2 0.000000 0.000000 0 0.000000 0.000000 0
0 0.442509 0.397922 0.510169 0.428074 0.282391 0.589796 0.214731 0.559644 0.247268 0.569271 2 0.277334 0.549068 2 0.319304 0.522395 2 0.384883 0.484372 2 0.438557 0.446121 2 0.462972 0.425464 2
0 0.318839 0.770573 0.263256 0.780244 0.206826 0.677631 0.262409 0.667960 0.235606 0.677231 2 0.239834 0.690523 2 0.248541 0.708573 2 0.262719 0.733060 2 0.283405 0.758989 2 0.303515 0.767341 2
0 0.372012 0.651042 0.429024 0.651042 0.429024 0.771615 0.372012 0.771615 0.403080 0.659650 2 0.401946 0.674322 2 0.401568 0.699627 2 0.401190 0.724932 2 0.398922 0.744708 2 0.400056 0.761294 2
0 0.541061 0.563802 0.606361 0.575164 0.518376 0.735156 0.453077 0.723794 0.485298 0.726080 2 0.496261 0.704816 2 0.513272 0.669091 2 0.531418 0.634005 2 0.549942 0.605511 2 0.565441 0.582757 2
0 0.637642 0.687684 0.676782 0.708194 0.571528 0.771747 0.532388 0.751237 0.552126 0.758151 2 0.568378 0.750734 2 0.591377 0.741937 2 0.630016 0.724342 2 0.648108 0.708473 2 0.643815 0.694501 2
0 0.517429 0.732676 0.627384 0.804518 0.596230 0.819605 0.486276 0.747763 0.607933 0.812343 2 0.596970 0.803838 2 0.576178 0.786401 2 0.552362 0.765987 2 0.522119 0.753015 2 0.500949 0.749400 2
