0 0.402758 0.366675 0.359587 0.372361 0.323067 0.284627 0.366239 0.278941 0.379468 0.366681 2 0.374990 0.356187 2 0.367776 0.335058 2 0.361806 0.309732 2 0.352105 0.296999 2 0.335688 0.284406 2
0 0.447746 0.446990 0.414092 0.448317 0.402457 0.354973 0.436111 0.353646 0.415561 0.357869 2 0.418507 0.366432 2 0.422535 0.383107 2 0.426828 0.403978 2 0.426231 0.434952 2 0.438791 0.438641 2
0 0.626289 0.338399 0.658319 0.353269 0.548254 0.428283 0.516224 0.413413 0.533201 0.418375 2 0.545156 0.410317 2 0.567774 0.396201 2 0.595023 0.378208 2 0.616984 0.363249 2 0.625287 0.350279 2
0 0.633782 0.399898 0.666683 0.412290 0.578017 0.486779 0.545115 0.474388 0.642905 0.410451 2 0.630762 0.419543 2 0.612459 0.434345 2 0.595070 0.448805 2 0.577478 0.463109 2 0.559092 0.479376 2
0 0.650268 0.564059 0.617309 0.571037 0.559762 0.485037 0.592720 0.478059 0.576889 0.484944 2 0.585290 0.496151 2 0.595414 0.511358 2 0.612538 0.530017 2 0.622674 0.544186 2 0.625753 0.555623 2
0 0.577778 0.617295 0.535642 0.630553 0.421333 0.515601 0.463468 0.502344 0.553801 0.618716 2 0.541492 0.606571 2 0.520507 0.586595 2 0.490442 0.558900 2 0.465219 0.537222 2 0.447059 0.523488 2
0 0.536895 0.645312 0.474277 0.668389 0.308371 0.525948 0.370988 0.502872 0.501907 0.652044 2 0.483732 0.638150 2 0.447847 0.609576 2 0.400312 0.571565 2 0.366757 0.540895 2 0.343922 0.524642 2
0 0.647610 0.688430 0.500403 0.705215 0.494249 0.688139 0.641456 0.671354 0.633574 0.682032 2 0.616624 0.683962 2 0.586155 0.685097 2 0.547212 0.686686 2 0.521182 0.693723 2 0.505039 0.698717 2
0 0.316709 0.659896 0.460855 0.684977 0.451636 0.701741 0.307490 0.676659 0.320747 0.669420 2 0.338261 0.673103 2 0.368050 0.678995 2 0.406188 0.686729 2 0.430413 0.690780 2 0.453492 0.689952 2
0 0.411023 0.696996 0.284261 0.727987 0.272140 0.712301 0.398902 0.681310 0.279382 0.718428 2 0.293459 0.715205 2 0.324067 0.709129 2 0.354348 0.702592 2 0.377099 0.695502 2 0.393140 0.687953 2
0 0.543722 0.669225 0.417195 0.726778 0.397487 0.713070 0.524014 0.655516 0.410091 0.716339 2 0.423196 0.710737 2 0.447571 0.700269 2 0.477276 0.687050 2 0.497620 0.677965 2 0.517786 0.666572 2
0 0.616840 0.704525 0.492913 0.739062 0.475894 0.719740 0.599821 0.685203 0.605088 0.695785 2 0.587748 0.700511 2 0.564484 0.704873 2 0.522803 0.712567 2 0.498783 0.724037 2 0.487437 0.732489 2
