0 0.312037 0.179167 0.257574 0.190698 0.191957 0.092639 0.246420 0.081108 0.221140 0.089570 2 0.227607 0.101883 2 0.237060 0.119933 2 0.251985 0.141621 2 0.269397 0.167087 2 0.269397 0.184717 2
0 0.439672 0.183207 0.476025 0.195188 0.388109 0.279590 0.351756 0.267609 0.365586 0.268903 2 0.379711 0.256872 2 0.402109 0.241549 2 0.430761 0.224297 2 0.449452 0.206696 2 0.455441 0.192031 2
0 0.584708 0.135106 0.621767 0.138684 0.593519 0.231250 0.556460 0.227672 0.605275 0.137672 2 0.602042 0.148166 2 0.591097 0.168455 2 0.576420 0.199518 2 0.576172 0.211971 2 0.583137 0.225963 2
0 0.603723 0.430512 0.557662 0.432328 0.547585 0.351488 0.593646 0.349671 0.565392 0.350718 2 0.565392 0.359393 2 0.565392 0.377443 2 0.568377 0.400390 2 0.576834 0.418300 2 0.591759 0.425576 2
0 0.426824 0.355820 0.469280 0.360166 0.441061 0.447396 0.398605 0.443050 0.454398 0.359562 2 0.449423 0.369776 2 0.443790 0.385572 2 0.437265 0.405757 2 0.429229 0.425042 2 0.409972 0.433142 2
0 0.323892 0.437088 0.269533 0.447905 0.209594 0.352592 0.263953 0.341776 0.232710 0.348620 2 0.240683 0.360004 2 0.257549 0.381048 2 0.274109 0.402955 2 0.282388 0.413994 2 0.284228 0.427966 2
0 0.365301 0.449590 0.446759 0.470052 0.307577 0.645365 0.226119 0.624903 0.268753 0.631934 2 0.283483 0.611958 2 0.313347 0.578929 2 0.348659 0.529556 2 0.380338 0.495391 2 0.397801 0.474053 2
0 0.535853 0.548658 0.598328 0.560695 0.516619 0.694879 0.454144 0.682842 0.485758 0.685406 2 0.496798 0.668847 2 0.513357 0.640040 2 0.533596 0.597952 2 0.551996 0.577770 2 0.565182 0.563971 2
0 0.584201 0.649337 0.628241 0.651823 0.614289 0.730039 0.570249 0.727554 0.592799 0.727158 2 0.595454 0.719316 2 0.603952 0.701765 2 0.610192 0.676298 2 0.599570 0.660240 2 0.589561 0.654173 2
0 0.563672 0.729499 0.404421 0.730395 0.403921 0.702271 0.563172 0.701376 0.412095 0.715177 2 0.432144 0.715476 2 0.461354 0.715775 2 0.508754 0.718538 2 0.539558 0.718239 2 0.559208 0.710472 2
0 0.303310 0.705668 0.443374 0.764328 0.412358 0.787760 0.272294 0.729101 0.292761 0.717822 2 0.307504 0.727604 2 0.332077 0.740788 2 0.368368 0.756949 2 0.398611 0.765668 2 0.424696 0.765030 2
0 0.514572 0.729182 0.658920 0.771454 0.638284 0.793750 0.493936 0.751479 0.641138 0.781844 2 0.623987 0.776963 2 0.594930 0.767997 2 0.554574 0.754376 2 0.523096 0.747907 2 0.505339 0.746658 2
