0 0.455965 0.281880 0.347062 0.336701 0.318557 0.318784 0.427460 0.263963 0.334257 0.324556 2 0.346216 0.317311 2 0.370749 0.301787 2 0.395894 0.287988 2 0.422267 0.280915 2 0.448026 0.281088 2
0 0.345679 0.356250 0.382265 0.356250 0.382265 0.443750 0.345679 0.443750 0.361105 0.440194 2 0.360608 0.430540 2 0.359613 0.410111 2 0.357623 0.385485 2 0.360110 0.372612 2 0.368070 0.360299 2
0 0.465987 0.481636 0.431625 0.488041 0.391062 0.419189 0.425423 0.412784 0.405911 0.416761 2 0.413884 0.423488 2 0.424004 0.437633 2 0.436883 0.455054 2 0.442710 0.472131 2 0.434430 0.482826 2
0 0.589736 0.390448 0.623932 0.393750 0.597016 0.481948 0.562821 0.478646 0.608895 0.397359 2 0.603447 0.407801 2 0.597797 0.420854 2 0.590332 0.442873 2 0.580498 0.459966 2 0.574162 0.475071 2
0 0.601092 0.478481 0.564326 0.480765 0.550192 0.408780 0.586958 0.406496 0.586977 0.479446 2 0.581903 0.469134 2 0.571427 0.454126 2 0.561115 0.434147 2 0.566332 0.419716 2 0.584522 0.413063 2
0 0.469598 0.545943 0.526698 0.553125 0.478704 0.673849 0.421605 0.666667 0.444592 0.667241 2 0.453594 0.652417 2 0.466525 0.627374 2 0.480929 0.598464 2 0.490258 0.568265 2 0.491644 0.549883 2
0 0.281665 0.463984 0.361875 0.468967 0.330055 0.631025 0.249846 0.626042 0.289103 0.624020 2 0.292506 0.605095 2 0.300822 0.573836 2 0.317834 0.536836 2 0.319724 0.494094 2 0.298932 0.468577 2
0 0.287821 0.688021 0.246145 0.695789 0.200138 0.617697 0.241813 0.609929 0.219640 0.613712 2 0.226351 0.623656 2 0.237809 0.641149 2 0.253195 0.660576 2 0.258269 0.673189 2 0.265662 0.683914 2
0 0.483642 0.716406 0.384999 0.727654 0.377934 0.708049 0.476577 0.696802 0.380437 0.715649 2 0.402697 0.713439 2 0.432814 0.710953 2 0.000000 0.000000 0 0.000000 0.000000 0 0.000000 0.000000 0
0 0.451757 0.696044 0.591871 0.708763 0.585805 0.729906 0.445691 0.717188 0.585233 0.721847 2 0.571127 0.719777 2 0.541688 0.715465 2 0.507956 0.709945 2 0.478211 0.707875 2 0.458278 0.711498 2
0 0.445545 0.733667 0.588512 0.753347 0.581772 0.768837 0.438806 0.749158 0.580696 0.759369 2 0.561954 0.757139 2 0.529870 0.754188 2 0.491935 0.750896 2 0.461668 0.748059 2 0.446938 0.742724 2
0 0.430647 0.729309 0.333470 0.799624 0.304230 0.786837 0.401406 0.716522 0.318135 0.791014 2 0.331322 0.783597 2 0.357387 0.767038 2 0.384679 0.749099 2 0.395412 0.736507 2 0.401239 0.720637 2
