0 0.168103 0.047861 0.385837 0.101092 0.362026 0.131909 0.144292 0.078677 0.165389 0.069064 2 0.190535 0.075274 2 0.231626 0.087348 2 0.286824 0.101148 2 0.335275 0.109945 2 0.359268 0.114731 2
0 0.162642 0.142708 0.372828 0.142708 0.372828 0.181771 0.162642 0.181771 0.172840 0.160834 2 0.197539 0.158737 2 0.241813 0.162407 2 0.301465 0.166077 2 0.341544 0.161883 2 0.355525 0.154281 2
0 0.571278 0.162640 0.495395 0.171293 0.448796 0.041986 0.524680 0.033333 0.534204 0.163590 2 0.529544 0.148910 2 0.519757 0.117715 2 0.501582 0.083112 2 0.499718 0.052704 2 0.510436 0.041431 2
0 0.750142 0.095833 0.505807 0.122265 0.489297 0.073976 0.733632 0.047544 0.736590 0.069441 2 0.710385 0.070636 2 0.665057 0.077409 2 0.597065 0.085377 2 0.544655 0.092548 2 0.513492 0.096133 2
0 0.658671 0.262652 0.733476 0.279948 0.651472 0.392165 0.576667 0.374869 0.618816 0.379905 2 0.630857 0.365563 2 0.647146 0.340066 2 0.665561 0.313374 2 0.674060 0.291861 2 0.690349 0.275926 2
0 0.230403 0.537057 0.442974 0.561295 0.427734 0.603584 0.215163 0.579346 0.223954 0.561282 2 0.250052 0.564427 2 0.300384 0.567573 2 0.366094 0.571505 2 0.395921 0.575437 2 0.424349 0.581729 2
0 0.624291 0.428830 0.256823 0.552733 0.187948 0.488101 0.555417 0.364199 0.229297 0.516977 2 0.271791 0.499448 2 0.343325 0.477138 2 0.438230 0.445665 2 0.500556 0.426144 2 0.555799 0.405826 2
0 0.384986 0.596452 0.602073 0.605014 0.596859 0.646843 0.379772 0.638281 0.593301 0.625591 2 0.568022 0.625591 2 0.524359 0.621713 2 0.464610 0.617835 2 0.428415 0.617512 2 0.393944 0.617512 2
0 0.548224 0.556896 0.636471 0.568518 0.561253 0.749219 0.473006 0.737596 0.522303 0.740710 2 0.532645 0.714533 2 0.548731 0.674461 2 0.561945 0.637620 2 0.580904 0.594962 2 0.589521 0.572341 2
0 0.494312 0.774207 0.334281 0.808089 0.314936 0.779179 0.474966 0.745296 0.330384 0.792376 2 0.352215 0.788175 2 0.383239 0.784620 2 0.426902 0.780096 2 0.459075 0.768462 2 0.479183 0.759736 2
0 0.689494 0.718750 0.562117 0.805422 0.504080 0.778435 0.631458 0.691763 0.530938 0.787321 2 0.548181 0.778409 2 0.573347 0.761893 2 0.605503 0.740660 2 0.634398 0.723358 2 0.645582 0.706843 2
0 0.255348 0.811441 0.434436 0.896291 0.374680 0.936198 0.195591 0.851348 0.232437 0.834421 2 0.250247 0.845409 2 0.282419 0.860275 2 0.322635 0.875463 2 0.354808 0.892591 2 0.376640 0.911981 2
