0 0.154630 0.110677 0.379419 0.110677 0.379419 0.139583 0.154630 0.139583 0.165704 0.124103 2 0.190655 0.123677 2 0.239043 0.123677 2 0.281761 0.123677 2 0.341491 0.126442 2 0.370222 0.126867 2
0 0.150781 0.147289 0.398372 0.154258 0.395623 0.185156 0.148032 0.178187 0.168044 0.164931 2 0.194885 0.164293 2 0.246297 0.165356 2 0.299978 0.167270 2 0.344587 0.171310 2 0.363867 0.174500 2
0 0.745189 0.082227 0.481415 0.098614 0.475048 0.066187 0.738822 0.049800 0.730322 0.064541 2 0.705789 0.065921 2 0.645992 0.070578 2 0.593247 0.077478 2 0.539583 0.084550 2 0.515050 0.090242 2
0 0.606734 0.026562 0.648337 0.047930 0.478527 0.152540 0.436924 0.131172 0.466748 0.139695 2 0.482917 0.125982 2 0.515503 0.100377 2 0.552318 0.073651 2 0.590626 0.055042 2 0.618752 0.052879 2
0 0.655506 0.179373 0.716456 0.182812 0.693062 0.313964 0.632112 0.310524 0.663272 0.305866 2 0.666032 0.291550 2 0.670938 0.266193 2 0.678298 0.240837 2 0.678911 0.209615 2 0.668178 0.193919 2
0 0.607635 0.420654 0.253164 0.551289 0.187105 0.494573 0.541576 0.363939 0.227145 0.516608 2 0.264817 0.500866 2 0.329398 0.478465 2 0.430575 0.444560 2 0.499461 0.426396 2 0.547897 0.407628 2
0 0.477368 0.595957 0.437190 0.625637 0.270822 0.554378 0.311000 0.524698 0.301789 0.540245 2 0.327286 0.551002 2 0.366240 0.565742 2 0.410859 0.582474 2 0.427149 0.599605 2 0.428565 0.613947 2
0 0.450807 0.634495 0.237928 0.686540 0.215530 0.657552 0.428409 0.605507 0.431586 0.621642 2 0.404584 0.627136 2 0.359771 0.631983 2 0.310938 0.642001 2 0.274743 0.661391 2 0.253486 0.669793 2
0 0.554697 0.547768 0.644697 0.560156 0.564141 0.745321 0.474140 0.732932 0.514063 0.733594 2 0.527520 0.708495 2 0.543809 0.670648 2 0.566473 0.630411 2 0.579930 0.598540 2 0.590554 0.568661 2
0 0.481885 0.699181 0.522738 0.722373 0.397475 0.792188 0.356622 0.768995 0.384650 0.781385 2 0.399523 0.771824 2 0.428561 0.755091 2 0.459724 0.734773 2 0.490887 0.719634 2 0.510010 0.711268 2
0 0.641432 0.688481 0.685693 0.709451 0.556253 0.795894 0.511992 0.774924 0.540206 0.780526 2 0.556867 0.769216 2 0.587316 0.748210 2 0.621212 0.727850 2 0.640171 0.715893 2 0.658556 0.701997 2
0 0.569697 0.873958 0.348584 0.882679 0.344613 0.850824 0.565726 0.842103 0.354137 0.872638 2 0.376801 0.868654 2 0.422129 0.863874 2 0.475956 0.860687 2 0.511368 0.862280 2 0.543948 0.865467 2
