0 0.332609 0.158504 0.288834 0.173942 0.182679 0.078699 0.226454 0.063262 0.206863 0.077539 2 0.221795 0.089456 2 0.247825 0.111816 2 0.273249 0.130090 2 0.287979 0.150066 2 0.293629 0.162892 2
0 0.608065 0.114266 0.652064 0.124730 0.581751 0.218276 0.537753 0.207813 0.627900 0.125308 2 0.618638 0.135304 2 0.604868 0.150395 2 0.583476 0.171803 2 0.570292 0.187754 2 0.566810 0.202446 2
0 0.449266 0.182784 0.482912 0.196875 0.372948 0.279952 0.339302 0.265861 0.359084 0.269086 2 0.373007 0.259892 2 0.397624 0.243548 2 0.434147 0.221869 2 0.447263 0.206206 2 0.455334 0.192813 2
0 0.305146 0.406994 0.262830 0.415953 0.204497 0.328779 0.246813 0.319820 0.225109 0.321476 2 0.234064 0.332390 2 0.249735 0.355198 2 0.260182 0.370589 2 0.264660 0.390598 2 0.270630 0.405150 2
0 0.469950 0.429427 0.419954 0.429708 0.418378 0.341028 0.468373 0.340747 0.440162 0.343218 2 0.442152 0.355392 2 0.444142 0.370223 2 0.449863 0.396249 2 0.443893 0.414439 2 0.429465 0.426472 2
0 0.587633 0.317811 0.633602 0.326957 0.577073 0.416848 0.531104 0.407701 0.609002 0.323666 2 0.602545 0.335129 2 0.589026 0.352836 2 0.575305 0.374855 2 0.567032 0.393015 2 0.552705 0.401982 2
0 0.360333 0.451080 0.458161 0.476317 0.319193 0.646761 0.221366 0.621524 0.269287 0.632675 2 0.283700 0.611113 2 0.309459 0.580065 2 0.345031 0.533492 2 0.379376 0.494336 2 0.400842 0.472946 2
0 0.532183 0.558921 0.594078 0.572026 0.508639 0.699707 0.446744 0.686602 0.483930 0.691290 2 0.494875 0.673940 2 0.511044 0.645676 2 0.530198 0.609715 2 0.546615 0.586348 2 0.563033 0.569558 2
0 0.422475 0.768489 0.391138 0.787005 0.257511 0.715450 0.288847 0.696934 0.281669 0.708057 2 0.294522 0.718690 2 0.313802 0.731874 2 0.344423 0.748885 2 0.373909 0.761006 2 0.399616 0.766109 2
0 0.408449 0.702546 0.577805 0.718899 0.571871 0.738343 0.402515 0.721991 0.407671 0.713123 2 0.428815 0.715082 2 0.462894 0.717320 2 0.504684 0.721238 2 0.538265 0.724876 2 0.562643 0.724596 2
0 0.602567 0.647135 0.633588 0.650855 0.602089 0.733985 0.571068 0.730265 0.589140 0.728813 2 0.593120 0.719718 2 0.599836 0.701528 2 0.611279 0.682778 2 0.615259 0.664868 2 0.613020 0.653534 2
0 0.657349 0.781408 0.635611 0.801770 0.485068 0.750918 0.506806 0.730556 0.637778 0.790093 2 0.619868 0.782817 2 0.591262 0.771203 2 0.557681 0.758470 2 0.526089 0.751894 2 0.504199 0.748116 2
