0 0.296382 0.230985 0.259193 0.239583 0.191449 0.146880 0.228638 0.138281 0.211889 0.146628 2 0.218606 0.156282 2 0.231043 0.175312 2 0.245720 0.196020 2 0.262137 0.215749 2 0.272087 0.230161 2
0 0.434522 0.181748 0.463056 0.192729 0.365212 0.273177 0.336678 0.262196 0.356757 0.262872 2 0.370833 0.252191 2 0.394193 0.237962 2 0.423519 0.217038 2 0.438597 0.198330 2 0.447677 0.187126 2
0 0.626786 0.250000 0.587110 0.254061 0.557941 0.163897 0.597617 0.159835 0.579482 0.164412 2 0.582508 0.175308 2 0.586544 0.195739 2 0.590983 0.217531 2 0.597844 0.231265 2 0.614793 0.244885 2
0 0.612990 0.410843 0.565530 0.414062 0.549721 0.340310 0.597181 0.337091 0.566511 0.337905 2 0.569964 0.348660 2 0.574957 0.364816 2 0.583166 0.383985 2 0.582668 0.397278 2 0.569982 0.408472 2
0 0.329882 0.443750 0.289298 0.459368 0.194742 0.381624 0.235326 0.366006 0.216197 0.376221 2 0.231060 0.386641 2 0.246412 0.399526 2 0.276771 0.422985 2 0.291490 0.440234 2 0.286584 0.455241 2
0 0.306974 0.379460 0.440744 0.380965 0.439364 0.419759 0.305595 0.418254 0.429151 0.390712 2 0.415833 0.398203 2 0.383347 0.410461 2 0.346487 0.412732 2 0.315952 0.399225 2 0.311916 0.384583 2
0 0.361637 0.440902 0.444907 0.465885 0.278808 0.641051 0.195537 0.616067 0.250699 0.625177 2 0.270632 0.602753 2 0.300684 0.565150 2 0.333803 0.524442 2 0.367228 0.487011 2 0.401880 0.463379 2
0 0.544874 0.532001 0.595370 0.544010 0.493435 0.679629 0.442938 0.667620 0.475009 0.670741 2 0.487776 0.654905 2 0.503742 0.629991 2 0.520402 0.600260 2 0.540510 0.568266 2 0.558895 0.549846 2
0 0.637106 0.723779 0.577310 0.735677 0.529603 0.659815 0.589398 0.647917 0.601293 0.728774 2 0.597708 0.720110 2 0.593592 0.702037 2 0.589211 0.678959 2 0.574340 0.667009 2 0.556017 0.661482 2
0 0.575633 0.714663 0.401585 0.717600 0.400584 0.698837 0.574632 0.695900 0.402098 0.710985 2 0.424496 0.708488 2 0.455571 0.707126 2 0.496129 0.705764 2 0.528010 0.705310 2 0.558277 0.703494 2
0 0.295117 0.717590 0.448611 0.765886 0.431818 0.782773 0.278324 0.734477 0.295485 0.730012 2 0.316729 0.736883 2 0.340311 0.743908 2 0.380856 0.759374 2 0.413012 0.765404 2 0.437811 0.768449 2
0 0.491667 0.722656 0.647446 0.759704 0.633796 0.777865 0.478017 0.740817 0.635498 0.768933 2 0.615529 0.763317 2 0.590813 0.755767 2 0.554640 0.742693 2 0.518794 0.737906 2 0.492932 0.737169 2
