0 0.218519 0.170833 0.262249 0.177114 0.214419 0.282482 0.170688 0.276201 0.199163 0.278474 2 0.203444 0.264567 2 0.212197 0.245170 2 0.229551 0.217816 2 0.236411 0.193299 2 0.223699 0.176388 2
0 0.309105 0.199534 0.343717 0.214030 0.222685 0.305469 0.188073 0.290973 0.206464 0.295698 2 0.220790 0.282759 2 0.250048 0.262556 2 0.278500 0.241558 2 0.298879 0.228732 2 0.314215 0.213750 2
0 0.508840 0.147105 0.537375 0.163304 0.394908 0.242708 0.366372 0.226509 0.383458 0.230547 2 0.401550 0.220542 2 0.434056 0.206053 2 0.481280 0.185526 2 0.503973 0.168104 2 0.508094 0.155512 2
0 0.548806 0.129716 0.582231 0.141244 0.492086 0.223948 0.458660 0.212421 0.559993 0.137675 2 0.547482 0.146187 2 0.532458 0.161066 2 0.517336 0.178503 2 0.491076 0.200015 2 0.472668 0.207504 2
0 0.530087 0.083594 0.610575 0.129287 0.585863 0.143060 0.505374 0.097367 0.520540 0.092805 2 0.532977 0.099381 2 0.549892 0.110435 2 0.581235 0.126526 2 0.000000 0.000000 0 0.000000 0.000000 0
0 0.654001 0.069513 0.688391 0.080848 0.585237 0.179879 0.550847 0.168544 0.667126 0.080629 2 0.654522 0.091217 2 0.634553 0.107145 2 0.607453 0.129766 2 0.585314 0.148656 2 0.570493 0.162814 2
0 0.443518 0.397917 0.510973 0.426761 0.296856 0.585194 0.229401 0.556349 0.275433 0.568189 2 0.303009 0.548153 2 0.343225 0.524239 2 0.405847 0.486752 2 0.452958 0.447972 2 0.458128 0.419856 2
0 0.361111 0.762500 0.312619 0.775341 0.228087 0.674341 0.276579 0.661499 0.255493 0.672567 2 0.261319 0.688264 2 0.276039 0.708618 2 0.292905 0.733284 2 0.308851 0.746911 2 0.328170 0.759158 2
0 0.397685 0.651563 0.437963 0.651563 0.437963 0.761458 0.397685 0.761458 0.420700 0.656381 2 0.419208 0.671213 2 0.417715 0.692621 2 0.416471 0.716408 2 0.416223 0.734458 2 0.416471 0.748450 2
0 0.547932 0.560162 0.609259 0.570833 0.524628 0.724728 0.463301 0.714057 0.494457 0.712216 2 0.508820 0.692826 2 0.528928 0.660833 2 0.546163 0.619145 2 0.561675 0.594584 2 0.577187 0.575841 2
0 0.645258 0.671094 0.686111 0.687500 0.599186 0.755989 0.558333 0.739584 0.572315 0.747521 2 0.587436 0.739653 2 0.615033 0.726469 2 0.644519 0.712009 2 0.658507 0.695848 2 0.652836 0.679474 2
0 0.522686 0.720313 0.631764 0.791581 0.598685 0.807600 0.489607 0.736331 0.616357 0.795641 2 0.602838 0.788036 2 0.583870 0.772600 2 0.564701 0.756369 2 0.534030 0.742863 2 0.507597 0.742863 2
