0 0.389732 0.134921 0.353444 0.165354 0.172202 0.096976 0.208490 0.066543 0.194217 0.086241 2 0.216521 0.093683 2 0.255459 0.110695 2 0.306116 0.134724 2 0.354126 0.141103 2 0.378321 0.137913 2
0 0.359385 0.220127 0.313602 0.247727 0.175769 0.175384 0.221552 0.147784 0.196203 0.164910 2 0.214727 0.172990 2 0.242323 0.191703 2 0.279749 0.214881 2 0.317174 0.224663 2 0.345905 0.221473 2
0 0.626993 0.181318 0.561442 0.215668 0.407501 0.122718 0.473052 0.088368 0.587373 0.200754 2 0.571528 0.188695 2 0.532848 0.165364 2 0.487176 0.145179 2 0.454088 0.126043 2 0.443835 0.113460 2
0 0.743519 0.130208 0.506294 0.157258 0.490889 0.114511 0.728114 0.087462 0.729718 0.111737 2 0.699053 0.113980 2 0.642935 0.118464 2 0.580685 0.125709 2 0.545726 0.132781 2 0.523034 0.139164 2
0 0.633855 0.339131 0.685031 0.351302 0.606813 0.455366 0.555638 0.443195 0.583942 0.444256 2 0.592067 0.432756 2 0.608323 0.410003 2 0.627225 0.382997 2 0.646504 0.363434 2 0.658980 0.350463 2
0 0.607087 0.470313 0.242197 0.582441 0.181068 0.519500 0.545958 0.407371 0.215129 0.546140 2 0.257643 0.531920 2 0.335203 0.508006 2 0.444361 0.476659 2 0.500663 0.459855 2 0.536857 0.434002 2
0 0.190801 0.573506 0.399804 0.599795 0.385163 0.636623 0.176161 0.610333 0.186223 0.593407 2 0.210756 0.596685 2 0.257674 0.602377 2 0.312871 0.610312 2 0.355190 0.610139 2 0.384015 0.604102 2
0 0.471693 0.626062 0.649101 0.669435 0.624680 0.701042 0.447271 0.657669 0.631590 0.683357 2 0.611554 0.677829 2 0.560520 0.662944 2 0.520448 0.653587 2 0.484534 0.653800 2 0.460340 0.656139 2
0 0.551147 0.592174 0.626764 0.602583 0.549929 0.779194 0.474312 0.768785 0.517104 0.773379 2 0.526917 0.749230 2 0.543170 0.707659 2 0.556663 0.669021 2 0.570462 0.630555 2 0.579049 0.610028 2
0 0.295826 0.796339 0.488924 0.807237 0.484133 0.834095 0.291035 0.823197 0.297377 0.811060 2 0.321193 0.813824 2 0.358618 0.816376 2 0.406251 0.820416 2 0.450481 0.822968 2 0.472029 0.817439 2
0 0.170638 0.834939 0.362027 0.907021 0.331327 0.932813 0.139938 0.860731 0.158883 0.851118 2 0.178163 0.861112 2 0.214832 0.873658 2 0.267757 0.889394 2 0.302915 0.903003 2 0.326353 0.917888 2
0 0.620511 0.726650 0.672365 0.747916 0.551782 0.840944 0.499929 0.819677 0.522715 0.826899 2 0.540808 0.817240 2 0.565340 0.797920 2 0.596926 0.777911 2 0.614405 0.763249 2 0.634338 0.746863 2
