0 0.255819 0.300446 0.417046 0.309546 0.413626 0.328720 0.252398 0.319621 0.258340 0.311052 2 0.275601 0.311201 2 0.309458 0.312620 2 0.346635 0.313068 2 0.375845 0.315533 2 0.402931 0.316578 2
0 0.649455 0.406027 0.614433 0.412338 0.569625 0.333654 0.604647 0.327344 0.582650 0.333201 2 0.590507 0.340290 2 0.600819 0.353088 2 0.611131 0.365333 2 0.623942 0.381423 2 0.626565 0.398789 2
0 0.601443 0.464973 0.534103 0.476690 0.469445 0.359115 0.536785 0.347397 0.565859 0.469147 2 0.560884 0.451377 2 0.552675 0.425771 2 0.543471 0.394849 2 0.518596 0.372181 2 0.484268 0.363366 2
0 0.435978 0.639730 0.336722 0.651047 0.274355 0.477984 0.373611 0.466667 0.391056 0.643881 2 0.381605 0.622829 2 0.371020 0.595611 2 0.350985 0.546490 2 0.340400 0.504386 2 0.334351 0.475892 2
0 0.649630 0.601743 0.601863 0.610055 0.556851 0.528204 0.604618 0.519893 0.580986 0.527569 2 0.587206 0.538249 2 0.595226 0.552244 2 0.604556 0.568080 2 0.613886 0.583824 2 0.624034 0.604540 2
0 0.385384 0.741146 0.250401 0.764633 0.240716 0.747023 0.375700 0.723536 0.251057 0.754493 2 0.264806 0.752007 2 0.285921 0.747956 2 0.313910 0.742432 2 0.347955 0.738105 2 0.366451 0.736908 2
0 0.520833 0.659375 0.423692 0.724143 0.400529 0.713151 0.497670 0.648383 0.417050 0.719002 2 0.427140 0.711160 2 0.442542 0.698688 2 0.463919 0.683825 2 0.480648 0.672772 2 0.497447 0.661944 2
0 0.437640 0.699848 0.609834 0.719483 0.602778 0.739062 0.430584 0.719428 0.435092 0.710728 2 0.461122 0.712998 2 0.499057 0.716517 2 0.542036 0.720035 2 0.571093 0.723781 2 0.595508 0.730023 2
0 0.539151 0.648621 0.569574 0.653915 0.529517 0.726755 0.499094 0.721461 0.000000 0.000000 0 0.523560 0.709941 2 0.531228 0.700180 2 0.544949 0.683722 2 0.548177 0.664314 2 0.542326 0.650920 2
0 0.630093 0.719792 0.507869 0.745670 0.494738 0.726047 0.616962 0.700169 0.619642 0.711818 2 0.602291 0.715041 2 0.575939 0.719092 2 0.542712 0.724156 2 0.505948 0.732739 2 0.507854 0.740740 2
0 0.618626 0.671783 0.668504 0.673750 0.657300 0.763634 0.607422 0.761667 0.622976 0.760333 2 0.629444 0.747880 2 0.637404 0.728291 2 0.646110 0.704504 2 0.643125 0.687294 2 0.636906 0.675540 2
0 0.508371 0.720849 0.643127 0.784694 0.622938 0.798177 0.488182 0.734332 0.626963 0.788928 2 0.610404 0.782545 2 0.588018 0.771851 2 0.551833 0.757017 2 0.523621 0.743390 2 0.509515 0.731833 2
