0 0.417593 0.311458 0.252582 0.324538 0.247376 0.303757 0.412386 0.290677 0.258144 0.312532 2 0.277785 0.309770 2 0.307575 0.306548 2 0.345876 0.302312 2 0.375666 0.300195 2 0.404310 0.303509 2
0 0.551742 0.335567 0.671070 0.367990 0.643731 0.399827 0.524402 0.367403 0.540712 0.352462 2 0.561499 0.353106 2 0.595381 0.356145 2 0.633498 0.366542 2 0.638592 0.382644 2 0.628518 0.393230 2
0 0.639660 0.542187 0.599320 0.550214 0.542701 0.460181 0.583041 0.452154 0.557842 0.458417 2 0.566720 0.468064 2 0.579029 0.482025 2 0.595171 0.499164 2 0.609700 0.528561 2 0.602234 0.542975 2
0 0.537511 0.371495 0.613889 0.396094 0.497486 0.510451 0.421109 0.485852 0.454665 0.495770 2 0.476053 0.480561 2 0.501881 0.461152 2 0.542641 0.435273 2 0.569074 0.409054 2 0.576137 0.392937 2
0 0.374419 0.669090 0.536728 0.700362 0.522994 0.722917 0.360685 0.691645 0.371254 0.679083 2 0.392763 0.685730 2 0.420115 0.693945 2 0.448794 0.702534 2 0.489202 0.709629 2 0.517836 0.704326 2
0 0.498210 0.661522 0.401558 0.680144 0.302885 0.518101 0.399537 0.499479 0.443998 0.669936 2 0.430949 0.649227 2 0.408579 0.616197 2 0.382481 0.575302 2 0.364306 0.537029 2 0.362442 0.510290 2
0 0.297421 0.723372 0.415404 0.761370 0.396759 0.779687 0.278776 0.741689 0.289390 0.733473 2 0.303464 0.738626 2 0.331214 0.747140 2 0.357503 0.755803 2 0.379012 0.761256 2 0.402248 0.757820 2
0 0.509011 0.679933 0.391351 0.724247 0.373390 0.709157 0.491050 0.664844 0.383942 0.714842 2 0.399613 0.709664 2 0.421006 0.702948 2 0.450607 0.693853 2 0.479214 0.680980 2 0.491900 0.671606 2
0 0.563045 0.733117 0.520554 0.740249 0.488065 0.679007 0.530556 0.671875 0.537205 0.734494 2 0.531733 0.726798 2 0.000000 0.000000 0 0.514320 0.691098 2 0.524768 0.677685 2 0.531484 0.671791 2
0 0.632447 0.709446 0.499670 0.738415 0.488766 0.722601 0.621543 0.693633 0.622647 0.701275 2 0.606706 0.706269 2 0.583098 0.709901 2 0.552225 0.714441 2 0.519133 0.721478 2 0.506623 0.728288 2
0 0.662037 0.648958 0.703381 0.661663 0.624285 0.743104 0.582942 0.730399 0.600693 0.736100 2 0.614279 0.726341 2 0.630647 0.711794 2 0.652416 0.689421 2 0.665511 0.668889 2 0.666493 0.652961 2
0 0.631524 0.776042 0.602966 0.788769 0.494445 0.711719 0.523003 0.698992 0.610648 0.777788 2 0.597039 0.769069 2 0.575868 0.752483 2 0.549028 0.732920 2 0.519163 0.714207 2 0.504798 0.705914 2
