0 0.430358 0.316320 0.261512 0.320121 0.259920 0.297743 0.428766 0.293942 0.267737 0.308532 2 0.286704 0.307851 2 0.321209 0.307965 2 0.356520 0.307965 2 0.388805 0.308305 2 0.414633 0.302517 2
0 0.674388 0.398298 0.631559 0.411774 0.561723 0.341545 0.604552 0.328070 0.582162 0.332636 2 0.593509 0.340571 2 0.608228 0.356095 2 0.622641 0.372999 2 0.634294 0.386454 2 0.644413 0.398528 2
0 0.630678 0.583566 0.594878 0.585587 0.577853 0.490140 0.613653 0.488119 0.599317 0.494700 2 0.600452 0.505120 2 0.600452 0.518942 2 0.600073 0.542120 2 0.606500 0.567850 2 0.615195 0.581034 2
0 0.274993 0.732480 0.411155 0.737851 0.408796 0.756771 0.272635 0.751401 0.276262 0.740951 2 0.294220 0.742654 2 0.324285 0.744243 2 0.358992 0.749123 2 0.380179 0.748329 2 0.396927 0.739362 2
0 0.480828 0.649233 0.383344 0.666196 0.293256 0.502379 0.390741 0.485417 0.434494 0.655239 2 0.421037 0.637312 2 0.408997 0.611815 2 0.383500 0.575562 2 0.357295 0.516998 2 0.348796 0.499868 2
0 0.410667 0.689837 0.590741 0.700000 0.586594 0.723246 0.406521 0.713083 0.410174 0.700114 2 0.431946 0.701667 2 0.464451 0.703564 2 0.507996 0.707014 2 0.549701 0.709946 2 0.573007 0.708049 2
0 0.654601 0.663310 0.701389 0.672917 0.644877 0.760000 0.598089 0.750394 0.619562 0.752288 2 0.630507 0.743054 2 0.646924 0.724304 2 0.666078 0.696180 2 0.666576 0.681628 2 0.663840 0.669734 2
0 0.538547 0.665513 0.573611 0.671615 0.540539 0.731752 0.505475 0.725651 0.522653 0.730083 2 0.526487 0.720776 2 0.000000 0.000000 0 0.540006 0.695919 2 0.551306 0.679801 2 0.562293 0.669481 2
0 0.642720 0.716646 0.513889 0.739062 0.502040 0.717517 0.630872 0.695100 0.632711 0.704806 2 0.615050 0.709424 2 0.586443 0.714181 2 0.551121 0.718099 2 0.529728 0.724255 2 0.509324 0.732283 2
0 0.516204 0.668750 0.414270 0.724349 0.394398 0.712821 0.496332 0.657223 0.405762 0.717481 2 0.420367 0.711581 2 0.000000 0.000000 0 0.458341 0.693283 2 0.488480 0.671027 2 0.500828 0.660272 2
0 0.651467 0.783366 0.629941 0.795833 0.508349 0.729407 0.529875 0.716940 0.635919 0.787132 2 0.623233 0.779856 2 0.604079 0.768942 2 0.577960 0.754670 2 0.543384 0.737040 2 0.523981 0.727805 2
0 0.526745 0.366993 0.592715 0.372982 0.560052 0.486830 0.494083 0.480841 0.521876 0.482073 2 0.532791 0.465915 2 0.551176 0.437153 2 0.568411 0.407099 2 0.557495 0.381569 2 0.533940 0.370904 2
