0 0.149182 0.107882 0.213880 0.110068 0.199583 0.243941 0.134885 0.241755 0.166731 0.237546 2 0.167197 0.224964 2 0.174653 0.197438 2 0.183508 0.157855 2 0.182576 0.135310 2 0.181178 0.116698 2
0 0.232390 0.194381 0.290123 0.204427 0.223020 0.326449 0.165286 0.316404 0.193730 0.316066 2 0.198645 0.302457 2 0.211876 0.278641 2 0.228887 0.250146 2 0.248167 0.224416 2 0.262911 0.211019 2
0 0.255864 0.476302 0.202300 0.484966 0.138414 0.359996 0.191979 0.351332 0.230725 0.474081 2 0.222765 0.460088 2 0.210825 0.431404 2 0.000000 0.000000 0 0.000000 0.000000 0 0.166796 0.365921 2
0 0.443965 0.264747 0.506812 0.308392 0.144096 0.473650 0.081250 0.430006 0.123280 0.452409 2 0.159950 0.427317 2 0.212119 0.397121 2 0.298311 0.346299 2 0.380723 0.320781 2 0.451037 0.306747 2
0 0.711996 0.406417 0.645408 0.420089 0.566862 0.299052 0.633450 0.285380 0.670263 0.405520 2 0.662305 0.394123 2 0.645872 0.373563 2 0.614600 0.334972 2 0.611166 0.314088 2 0.615000 0.298879 2
0 0.244295 0.684096 0.185173 0.696614 0.088558 0.552231 0.147680 0.539713 0.125296 0.552141 2 0.134189 0.568356 2 0.152281 0.591987 2 0.181720 0.626141 2 0.199506 0.652360 2 0.198280 0.669954 2
0 0.382966 0.739356 0.429652 0.756189 0.297531 0.872135 0.250845 0.855303 0.401469 0.753395 2 0.388616 0.767430 2 0.364800 0.789970 2 0.337203 0.822079 2 0.308094 0.839516 2 0.279741 0.850786 2
0 0.438272 0.720313 0.503086 0.720313 0.503086 0.837240 0.438272 0.837240 0.469604 0.839793 2 0.468684 0.830650 2 0.469604 0.800464 2 0.467458 0.770968 2 0.469911 0.746129 2 0.482790 0.729397 2
0 0.471654 0.802948 0.517950 0.808499 0.477160 0.916146 0.430864 0.910595 0.455874 0.903527 2 0.460111 0.892517 2 0.467174 0.873108 2 0.475649 0.845300 2 0.479684 0.824983 2 0.489370 0.809320 2
0 0.319209 0.943867 0.279561 0.966376 0.125976 0.880775 0.165624 0.858267 0.156502 0.868532 2 0.169382 0.882332 2 0.197594 0.903376 2 0.230712 0.925800 2 0.263524 0.936667 2 0.300016 0.935287 2
0 0.376079 0.943545 0.147094 0.992027 0.130219 0.966809 0.359204 0.918327 0.146683 0.977493 2 0.176284 0.970497 2 0.221557 0.960703 2 0.282252 0.947410 2 0.316460 0.938366 2 0.349166 0.936076 2
0 0.502260 0.725755 0.732476 0.895818 0.673826 0.920939 0.443611 0.750876 0.686467 0.900981 2 0.662337 0.884499 2 0.623845 0.853476 2 0.565819 0.809202 2 0.512389 0.772684 2 0.476195 0.752648 2
