0 0.493868 0.227023 0.550309 0.230208 0.528091 0.354765 0.471650 0.351580 0.500393 0.350174 2 0.504373 0.335203 2 0.511338 0.310576 2 0.518801 0.275176 2 0.516313 0.247611 2 0.511865 0.233826 2
0 0.319389 0.119646 0.269269 0.147536 0.075785 0.037520 0.125905 0.009630 0.115680 0.027508 2 0.135455 0.037951 2 0.178434 0.060424 2 0.232713 0.088005 2 0.257331 0.107868 2 0.262981 0.133065 2
0 0.345679 0.196094 0.303422 0.228640 0.117149 0.152117 0.159406 0.119570 0.144572 0.140628 2 0.167571 0.146838 2 0.220928 0.163742 2 0.275820 0.182199 2 0.297264 0.206705 2 0.287779 0.223425 2
0 0.410112 0.066958 0.449488 0.088435 0.285985 0.183282 0.246609 0.161805 0.267924 0.168934 2 0.283596 0.157740 2 0.316680 0.139410 2 0.367176 0.114924 2 0.394290 0.096314 2 0.409712 0.079943 2
0 0.438762 0.112211 0.689198 0.173437 0.662517 0.207967 0.412082 0.146740 0.654323 0.186453 2 0.628871 0.176794 2 0.582873 0.162822 2 0.515716 0.145572 2 0.461744 0.137120 2 0.435985 0.132808 2
0 0.243452 0.944010 0.179166 0.953630 0.115588 0.819193 0.179874 0.809574 0.149826 0.820033 2 0.151359 0.836937 2 0.163012 0.864364 2 0.183251 0.897827 2 0.199197 0.927324 2 0.182024 0.946470 2
0 0.304459 0.888167 0.246772 0.898562 0.176710 0.775530 0.234396 0.765136 0.267092 0.884090 2 0.259235 0.874607 2 0.243358 0.846802 2 0.223553 0.814577 2 0.217333 0.794966 2 0.216749 0.779130 2
0 0.433457 0.895784 0.349732 0.917382 0.278155 0.829592 0.361879 0.807994 0.392841 0.901946 2 0.385876 0.891872 2 0.374433 0.866546 2 0.353040 0.846257 2 0.318464 0.840381 2 0.298564 0.839541 2
0 0.690147 0.694398 0.738194 0.719076 0.588232 0.811458 0.540185 0.786781 0.564741 0.796634 2 0.583140 0.788355 2 0.619632 0.770588 2 0.647844 0.749026 2 0.668390 0.731949 2 0.690469 0.723325 2
0 0.710759 0.969649 0.628175 0.981510 0.551185 0.811908 0.633770 0.800046 0.657497 0.960699 2 0.650636 0.949009 2 0.638328 0.925741 2 0.617343 0.882042 2 0.605236 0.836415 2 0.609070 0.807018 2
0 0.547619 0.896615 0.361038 0.974756 0.324378 0.947059 0.510959 0.868918 0.355727 0.959481 2 0.371527 0.951191 2 0.411757 0.931623 2 0.455307 0.912653 2 0.485048 0.899285 2 0.509877 0.889576 2
0 0.449419 0.375801 0.348942 0.418767 0.079783 0.219607 0.180260 0.176642 0.142543 0.199569 2 0.173821 0.222683 2 0.228712 0.257010 2 0.291577 0.302720 2 0.335735 0.363093 2 0.340948 0.397419 2
