0 0.174399 0.203183 0.225862 0.208451 0.190184 0.318736 0.138721 0.313469 0.000000 0.000000 0 0.177328 0.305982 2 0.173583 0.278253 2 0.172050 0.248411 2 0.188609 0.228402 2 0.212221 0.219433 2
0 0.195575 0.253505 0.244667 0.259680 0.196160 0.381696 0.147068 0.375521 0.169599 0.378696 2 0.171439 0.362481 2 0.179412 0.330742 2 0.193825 0.301764 2 0.208712 0.281701 2 0.200878 0.263988 2
0 0.671323 0.489204 0.613613 0.490829 0.601142 0.350640 0.658852 0.349015 0.635719 0.483464 2 0.636728 0.469049 2 0.634509 0.437269 2 0.630675 0.406283 2 0.626639 0.385852 2 0.627043 0.370530 2
0 0.332771 0.301037 0.421605 0.330990 0.181273 0.556516 0.092438 0.526563 0.138592 0.537037 2 0.164044 0.504091 2 0.205443 0.462348 2 0.258187 0.403872 2 0.312158 0.356264 2 0.351717 0.326941 2
0 0.290855 0.604484 0.241606 0.606984 0.221425 0.481193 0.270674 0.478693 0.000000 0.000000 0 0.000000 0.000000 0 0.253354 0.567076 2 0.249573 0.534754 2 0.247305 0.507536 2 0.244659 0.492013 2
0 0.144422 0.524136 0.354012 0.623437 0.324690 0.643019 0.115100 0.543718 0.141937 0.539190 2 0.163485 0.549610 2 0.203557 0.567897 2 0.254592 0.590012 2 0.292002 0.611073 2 0.315063 0.627004 2
0 0.114749 0.937500 0.354101 0.937500 0.354101 0.998437 0.114749 0.998437 0.128009 0.982962 2 0.159386 0.981048 2 0.223652 0.979347 2 0.286406 0.975945 2 0.318161 0.965100 2 0.334416 0.942772 2
0 0.289303 0.930787 0.225153 0.946471 0.123762 0.815249 0.187911 0.799566 0.158361 0.815993 2 0.165544 0.832154 2 0.182556 0.855757 2 0.205238 0.886803 2 0.230566 0.908068 2 0.255517 0.922740 2
0 0.430002 0.663940 0.479150 0.677294 0.379036 0.793873 0.329889 0.780518 0.444414 0.679735 2 0.431939 0.693557 2 0.417196 0.710356 2 0.397538 0.733534 2 0.370319 0.765856 2 0.368051 0.783506 2
0 0.417901 0.722656 0.460957 0.722656 0.460957 0.846094 0.417901 0.846094 0.437201 0.839194 2 0.437508 0.826774 2 0.439655 0.804178 2 0.442108 0.774854 2 0.442108 0.746910 2 0.443028 0.731041 2
0 0.498194 0.818689 0.551546 0.836678 0.435751 0.945339 0.382400 0.927350 0.414040 0.928990 2 0.429463 0.919895 2 0.455084 0.899467 2 0.488417 0.870643 2 0.490904 0.851193 2 0.493143 0.835802 2
0 0.413762 0.686166 0.738735 0.816667 0.693988 0.851924 0.369015 0.721423 0.687572 0.830603 2 0.650755 0.814350 2 0.596695 0.783155 2 0.530052 0.749076 2 0.472264 0.730202 2 0.416682 0.717392 2
