0 0.436934 0.097917 0.205138 0.124347 0.193763 0.092782 0.425559 0.066351 0.215048 0.110766 2 0.239748 0.103950 2 0.281224 0.096086 2 0.343673 0.088221 2 0.395869 0.089270 2 0.420568 0.091629 2
0 0.392629 0.136548 0.152364 0.184356 0.132578 0.152893 0.372844 0.105086 0.147136 0.165859 2 0.176496 0.156684 2 0.225896 0.145937 2 0.293004 0.136237 2 0.325161 0.129946 2 0.348928 0.123654 2
0 0.447191 0.130739 0.701782 0.158280 0.690888 0.190145 0.436296 0.162603 0.681474 0.178977 2 0.655768 0.170046 2 0.589990 0.157925 2 0.520053 0.148994 2 0.485652 0.149207 2 0.455409 0.151971 2
0 0.221801 0.391667 0.164010 0.395917 0.134917 0.270745 0.192708 0.266495 0.162525 0.275878 2 0.161530 0.288611 2 0.162774 0.311418 2 0.168246 0.343181 2 0.189639 0.368087 2 0.198843 0.383478 2
0 0.406379 0.497135 0.300402 0.501915 0.265603 0.257754 0.371579 0.252975 0.306070 0.264402 2 0.310976 0.288723 2 0.320176 0.331502 2 0.335815 0.397739 2 0.343482 0.453972 2 0.345015 0.479673 2
0 0.584218 0.180728 0.626640 0.198869 0.492322 0.298255 0.449900 0.280115 0.472423 0.284893 2 0.487922 0.272985 2 0.513251 0.251933 2 0.544628 0.224076 2 0.578651 0.205364 2 0.600955 0.194306 2
0 0.206275 0.914340 0.441750 0.923627 0.438105 0.952867 0.202631 0.943580 0.208559 0.928824 2 0.234318 0.931066 2 0.284916 0.932963 2 0.354834 0.936241 2 0.390099 0.937621 2 0.417391 0.935206 2
0 0.562398 0.827922 0.615532 0.845838 0.516828 0.938461 0.463694 0.920545 0.490449 0.926740 2 0.502924 0.919084 2 0.525228 0.903774 2 0.557361 0.881659 2 0.573995 0.859119 2 0.569863 0.843268 2
0 0.673776 0.680345 0.732569 0.680675 0.730453 0.799740 0.671659 0.799409 0.696077 0.796573 2 0.697917 0.784326 2 0.698837 0.762793 2 0.698742 0.731293 2 0.699757 0.707912 2 0.700064 0.688937 2
0 0.265133 0.803087 0.317953 0.805469 0.301278 0.922465 0.248458 0.920083 0.268354 0.915765 2 0.269349 0.905131 2 0.000000 0.000000 0 0.286513 0.854619 2 0.285767 0.830412 2 0.278553 0.811662 2
0 0.326818 0.885677 0.272271 0.901650 0.160985 0.781410 0.215532 0.765436 0.294971 0.895250 2 0.282534 0.885175 2 0.259649 0.863208 2 0.227311 0.829066 2 0.208655 0.807938 2 0.201441 0.789329 2
0 0.708449 0.857945 0.628960 0.865620 0.570428 0.673819 0.649918 0.666144 0.668594 0.857523 2 0.664365 0.838353 2 0.653420 0.803653 2 0.636256 0.755379 2 0.616854 0.716621 2 0.605411 0.690735 2
