0 0.250924 0.264753 0.198624 0.276845 0.104490 0.148030 0.156790 0.135937 0.140189 0.141321 2 0.148469 0.153741 2 0.169015 0.182202 2 0.194160 0.213423 2 0.210720 0.239815 2 0.213480 0.255511 2
0 0.389465 0.446257 0.291650 0.460306 0.186910 0.229572 0.284725 0.215522 0.240272 0.224747 2 0.256150 0.249202 2 0.284502 0.300024 2 0.323818 0.359777 2 0.325330 0.405921 2 0.295087 0.433352 2
0 0.514321 0.187248 0.577210 0.197038 0.516901 0.319613 0.454013 0.309823 0.491325 0.308564 2 0.497458 0.293385 2 0.508805 0.265269 2 0.517391 0.235082 2 0.537017 0.209381 2 0.560323 0.198686 2
0 0.152354 0.057656 0.377799 0.084685 0.357511 0.138227 0.132066 0.111198 0.148124 0.097379 2 0.180635 0.099293 2 0.236963 0.109075 2 0.321643 0.116517 2 0.349806 0.106111 2 0.365117 0.090149 2
0 0.419726 0.054513 0.457964 0.078031 0.283642 0.167708 0.245404 0.144190 0.270745 0.153492 2 0.285771 0.142280 2 0.325942 0.123479 2 0.000000 0.000000 0 0.397393 0.085358 2 0.425605 0.073456 2
0 0.444984 0.113588 0.688551 0.162052 0.667033 0.196270 0.423465 0.147806 0.664707 0.181895 2 0.639800 0.172613 2 0.597225 0.161490 2 0.517925 0.144351 2 0.473936 0.137541 2 0.439230 0.137654 2
0 0.297469 0.900981 0.243648 0.904325 0.220981 0.788883 0.274803 0.785540 0.274133 0.895190 2 0.269550 0.883405 2 0.000000 0.000000 0 0.257928 0.843722 2 0.248435 0.811314 2 0.254655 0.792255 2
0 0.681146 0.674250 0.738777 0.686452 0.660664 0.803185 0.603033 0.790983 0.634951 0.792410 2 0.644901 0.781776 2 0.666791 0.754351 2 0.687438 0.729025 2 0.691666 0.712794 2 0.691418 0.695583 2
0 0.621770 0.724133 0.702953 0.731503 0.650759 0.913429 0.569576 0.906060 0.611950 0.906589 2 0.620537 0.892789 2 0.642309 0.857601 2 0.659175 0.800161 2 0.000000 0.000000 0 0.000000 0.000000 0
0 0.540084 0.829499 0.588114 0.850037 0.460164 0.944711 0.412134 0.924173 0.435347 0.927748 2 0.449751 0.918265 2 0.478231 0.896904 2 0.514568 0.870572 2 0.543540 0.855841 2 0.574639 0.848568 2
0 0.226777 0.843460 0.454890 0.878972 0.439034 0.911198 0.210921 0.875686 0.435811 0.897865 2 0.415019 0.893399 2 0.365118 0.882342 2 0.305011 0.869158 2 0.270609 0.870221 2 0.242635 0.869583 2
0 0.151537 0.916139 0.408135 0.927711 0.403696 0.958861 0.147098 0.947289 0.168972 0.931964 2 0.194194 0.934801 2 0.240200 0.937979 2 0.305779 0.941384 2 0.350978 0.939568 2 0.381447 0.936731 2
