0 0.180520 0.127292 0.232851 0.134495 0.177593 0.261510 0.125262 0.254307 0.148827 0.251474 2 0.154300 0.237762 2 0.170220 0.211876 2 0.187881 0.179974 2 0.196587 0.156467 2 0.190617 0.137157 2
0 0.228545 0.201017 0.274998 0.209100 0.204101 0.338021 0.157647 0.329938 0.185369 0.322650 2 0.191808 0.307816 2 0.208674 0.280044 2 0.229527 0.249513 2 0.244460 0.228970 2 0.250971 0.212583 2
0 0.711358 0.413184 0.640442 0.427295 0.560754 0.300578 0.631670 0.286467 0.667453 0.415468 2 0.659180 0.405026 2 0.636177 0.378126 2 0.605102 0.351112 2 0.599251 0.330114 2 0.604901 0.312068 2
0 0.370101 0.267933 0.448089 0.307989 0.146012 0.494080 0.068024 0.454025 0.128215 0.478851 2 0.153544 0.452908 2 0.206469 0.411017 2 0.273381 0.359982 2 0.353524 0.318517 2 0.404885 0.298869 2
0 0.283179 0.509896 0.215542 0.517213 0.179154 0.410784 0.246791 0.403467 0.247027 0.507967 2 0.241554 0.496073 2 0.231107 0.469768 2 0.223736 0.440333 2 0.000000 0.000000 0 0.000000 0.000000 0
0 0.261971 0.658073 0.191814 0.675696 0.081353 0.536560 0.151510 0.518936 0.117774 0.539789 2 0.129963 0.555041 2 0.158569 0.582605 2 0.190409 0.613248 2 0.200110 0.633677 2 0.192399 0.651727 2
0 0.386664 0.724426 0.440451 0.741749 0.315021 0.864976 0.261234 0.847653 0.406340 0.738592 2 0.391610 0.754596 2 0.370826 0.776502 2 0.346209 0.804083 2 0.317556 0.825421 2 0.295764 0.836431 2
0 0.489286 0.852456 0.437525 0.852747 0.435493 0.738430 0.487254 0.738139 0.459991 0.854492 2 0.459991 0.843222 2 0.461125 0.820469 2 0.467174 0.790911 2 0.455455 0.766669 2 0.453187 0.748807 2
0 0.466224 0.801172 0.515006 0.805601 0.481688 0.921733 0.432906 0.917305 0.449706 0.904733 2 0.453437 0.895358 2 0.462890 0.874510 2 0.475576 0.846525 2 0.476820 0.825817 2 0.476571 0.809446 2
0 0.743452 0.887760 0.687716 0.914168 0.434194 0.744860 0.489930 0.718452 0.691830 0.892764 2 0.669424 0.874021 2 0.628059 0.843643 2 0.572331 0.798723 2 0.520050 0.770285 2 0.472940 0.754773 2
0 0.316664 0.940730 0.267526 0.963542 0.121283 0.863870 0.170420 0.841058 0.154030 0.860008 2 0.167545 0.873115 2 0.195507 0.894611 2 0.228129 0.920039 2 0.261684 0.932097 2 0.284519 0.945991 2
0 0.389812 0.928404 0.146216 0.999740 0.124989 0.976804 0.368585 0.905469 0.139475 0.990811 2 0.165937 0.983581 2 0.213570 0.970610 2 0.264227 0.954023 2 0.301652 0.938926 2 0.339456 0.926592 2
