0 0.355259 0.210707 0.307075 0.227700 0.197610 0.129488 0.245795 0.112495 0.219008 0.124177 2 0.233132 0.133938 2 0.257548 0.154482 2 0.289631 0.178772 2 0.312836 0.203061 2 0.317275 0.218611 2
0 0.432851 0.194710 0.383201 0.210332 0.277391 0.103928 0.327041 0.088306 0.311517 0.102783 2 0.318579 0.112658 2 0.335932 0.135926 2 0.359339 0.161464 2 0.385772 0.181667 2 0.402116 0.193585 2
0 0.653609 0.048949 0.694446 0.057335 0.620496 0.171291 0.579658 0.162906 0.677695 0.057149 2 0.667001 0.066116 2 0.652876 0.085979 2 0.631487 0.115603 2 0.000000 0.000000 0 0.603190 0.148429 2
0 0.740272 0.144965 0.488958 0.150623 0.486560 0.116919 0.737874 0.111262 0.732215 0.126487 2 0.708398 0.124361 2 0.658120 0.124574 2 0.595744 0.126062 2 0.531856 0.129252 2 0.512198 0.138396 2
0 0.154243 0.436655 0.592084 0.466352 0.578195 0.531143 0.140354 0.501446 0.164079 0.473165 2 0.218139 0.476573 2 0.293637 0.485485 2 0.432049 0.505933 2 0.489837 0.500690 2 0.535508 0.478145 2
0 0.310666 0.551595 0.359869 0.576364 0.205294 0.673522 0.156092 0.648753 0.190029 0.655944 2 0.206588 0.645594 2 0.234494 0.622825 2 0.269759 0.597296 2 0.300425 0.584359 2 0.333850 0.576425 2
0 0.504024 0.536979 0.546309 0.554321 0.421873 0.650321 0.379588 0.632979 0.401691 0.635599 2 0.415009 0.625157 2 0.437810 0.605975 2 0.471507 0.579983 2 0.494309 0.567725 2 0.510249 0.555581 2
0 0.558472 0.614439 0.737254 0.699143 0.698921 0.724743 0.520138 0.640039 0.707190 0.708918 2 0.689422 0.701263 2 0.651997 0.679573 2 0.607767 0.661073 2 0.569585 0.648314 2 0.554842 0.637257 2
0 0.552739 0.593721 0.630973 0.602641 0.560402 0.798467 0.482168 0.789546 0.523291 0.786909 2 0.532798 0.764485 2 0.543837 0.725329 2 0.555490 0.675479 2 0.571436 0.637875 2 0.588915 0.613554 2
0 0.308355 0.856976 0.258850 0.874435 0.133485 0.761957 0.182990 0.744498 0.161645 0.760127 2 0.171474 0.773736 2 0.195668 0.799253 2 0.225533 0.827960 2 0.251618 0.845185 2 0.272410 0.856455 2
0 0.608432 0.775507 0.644046 0.792725 0.512333 0.878922 0.476719 0.861703 0.500101 0.866510 2 0.512980 0.859265 2 0.537206 0.839946 2 0.572778 0.817177 2 0.598537 0.804412 2 0.611723 0.790613 2
0 0.435222 0.910505 0.193164 0.921421 0.188837 0.891063 0.430895 0.880147 0.203215 0.906971 2 0.227842 0.907111 2 0.275851 0.906552 2 0.335053 0.904733 2 0.376648 0.903119 2 0.397612 0.892448 2
