0 0.081968 0.002409 0.311883 0.002409 0.311883 0.066667 0.081968 0.066667 0.093430 0.058322 2 0.111092 0.047548 2 0.148404 0.030618 2 0.200891 0.013687 2 0.257855 0.014527 2 0.283227 0.024041 2
0 0.103311 0.178128 0.335339 0.199190 0.325797 0.232449 0.093769 0.211386 0.097929 0.195040 2 0.121560 0.193221 2 0.172803 0.194760 2 0.241707 0.196439 2 0.281756 0.206933 2 0.301407 0.221485 2
0 0.364910 0.147050 0.216248 0.236669 0.180893 0.218112 0.329555 0.128493 0.204269 0.227071 2 0.223171 0.212612 2 0.000000 0.000000 0 0.279498 0.180289 2 0.318436 0.155197 2 0.338151 0.144778 2
0 0.533395 0.147236 0.722815 0.242588 0.684831 0.266463 0.495411 0.171111 0.687587 0.249442 2 0.667816 0.236621 2 0.633723 0.222169 2 0.587302 0.201658 2 0.540690 0.176915 2 0.533022 0.158414 2
0 0.130484 0.280338 0.543325 0.329834 0.519504 0.392697 0.106664 0.343201 0.121957 0.311562 2 0.179915 0.309664 2 0.287244 0.315874 2 0.384146 0.326051 2 0.462650 0.354857 2 0.493009 0.381249 2
0 0.464198 0.515625 0.522994 0.515625 0.522994 0.646875 0.464198 0.646875 0.489533 0.638431 2 0.489911 0.625460 2 0.491045 0.605258 2 0.495581 0.573999 2 0.489533 0.544867 2 0.488777 0.529769 2
0 0.226208 0.744093 0.158370 0.747153 0.139687 0.616063 0.207525 0.613004 0.169380 0.616883 2 0.169846 0.633135 2 0.174972 0.655680 2 0.175438 0.687399 2 0.182429 0.721740 2 0.198274 0.738255 2
0 0.421172 0.921182 0.224238 0.951840 0.208700 0.920260 0.405634 0.889602 0.221435 0.937882 2 0.236947 0.932712 2 0.282908 0.927218 2 0.330019 0.923663 2 0.365639 0.912029 2 0.382874 0.899749 2
0 0.400309 0.822917 0.189516 0.902306 0.155158 0.873442 0.365950 0.794052 0.362780 0.806927 2 0.339408 0.820074 2 0.309662 0.833619 2 0.265750 0.852344 2 0.219006 0.872661 2 0.189260 0.885410 2
0 0.541040 0.872759 0.495393 0.881553 0.434754 0.781972 0.480401 0.773177 0.513774 0.867483 2 0.506969 0.856135 2 0.496523 0.837312 2 0.481888 0.816818 2 0.467537 0.795923 2 0.460163 0.781978 2
0 0.697531 0.959896 0.627660 0.974242 0.501420 0.779709 0.571291 0.765363 0.654684 0.961878 2 0.638176 0.941639 2 0.616155 0.910936 2 0.576823 0.856978 2 0.553312 0.820656 2 0.547471 0.785003 2
0 0.443661 0.955944 0.231028 0.976475 0.221936 0.946680 0.434569 0.926149 0.230427 0.961743 2 0.254068 0.959394 2 0.291516 0.956860 2 0.352724 0.953611 2 0.387478 0.949316 2 0.413479 0.941567 2
