0 0.225424 0.377753 0.166056 0.380766 0.146505 0.258900 0.205872 0.255886 0.193701 0.372884 2 0.190941 0.358567 2 0.189715 0.330278 2 0.189101 0.297332 2 0.182968 0.276805 2 0.178062 0.263523 2
0 0.118270 0.351782 0.182454 0.353589 0.170861 0.483895 0.106678 0.482088 0.136734 0.476433 2 0.135802 0.460442 2 0.137200 0.431344 2 0.140463 0.395955 2 0.147453 0.374459 2 0.170289 0.361352 2
0 0.684318 0.562553 0.618915 0.568490 0.580407 0.434266 0.645810 0.428329 0.642931 0.559388 2 0.642931 0.542139 2 0.639558 0.510227 2 0.638025 0.479351 2 0.629439 0.463482 2 0.609199 0.451752 2
0 0.395216 0.620833 0.143435 0.626501 0.140456 0.584632 0.392237 0.578964 0.147585 0.607424 2 0.181987 0.602320 2 0.234534 0.595516 2 0.317324 0.591476 2 0.353993 0.599981 2 0.368789 0.616675 2
0 0.281790 0.651823 0.232547 0.654323 0.214556 0.542182 0.263799 0.539682 0.254776 0.647233 2 0.250617 0.634686 2 0.246837 0.610870 2 0.236252 0.578123 2 0.000000 0.000000 0 0.000000 0.000000 0
0 0.458793 0.595858 0.512346 0.608594 0.427096 0.722014 0.373543 0.709278 0.486320 0.608975 2 0.471199 0.626412 2 0.453053 0.646188 2 0.432261 0.671706 2 0.416762 0.694246 2 0.000000 0.000000 0
0 0.399359 0.724044 0.451646 0.727889 0.423547 0.848782 0.371260 0.844937 0.399392 0.843325 2 0.405114 0.830312 2 0.417054 0.802188 2 0.425263 0.769306 2 0.422775 0.750696 2 0.407850 0.732646 2
0 0.218707 0.932556 0.154839 0.936523 0.126091 0.790110 0.189959 0.786143 0.157222 0.793792 2 0.156756 0.811880 2 0.158154 0.841502 2 0.166077 0.881348 2 0.175397 0.906514 2 0.181922 0.923291 2
0 0.585494 0.897396 0.330916 0.941693 0.312060 0.907405 0.566638 0.863108 0.336383 0.922658 2 0.360609 0.918173 2 0.410594 0.911273 2 0.459658 0.901614 2 0.496150 0.892644 2 0.519530 0.881496 2
0 0.452019 0.668791 0.685596 0.812454 0.602251 0.855330 0.368674 0.711667 0.633532 0.825731 2 0.604638 0.806856 2 0.560831 0.772253 2 0.506305 0.721660 2 0.448051 0.705669 2 0.386534 0.710912 2
0 0.239519 0.323332 0.343336 0.336390 0.246807 0.579205 0.142989 0.566146 0.200977 0.578020 2 0.202126 0.541826 2 0.206722 0.483010 2 0.217063 0.416438 2 0.254406 0.377982 2 0.306113 0.350513 2
0 0.386883 0.980208 0.102654 0.999486 0.096287 0.969782 0.380515 0.950504 0.101038 0.983904 2 0.138321 0.983118 2 0.197973 0.979448 2 0.269276 0.973419 2 0.309821 0.970273 2 0.344308 0.963719 2
