0 0.204719 0.218410 0.146403 0.220380 0.130246 0.069090 0.188562 0.067120 0.160769 0.215286 2 0.164251 0.201014 2 0.172211 0.178066 2 0.179425 0.138748 2 0.168978 0.109924 2 0.152809 0.089635 2
0 0.255491 0.179139 0.301786 0.189844 0.210987 0.314096 0.164692 0.303391 0.191493 0.304796 2 0.198484 0.289067 2 0.218523 0.261804 2 0.239494 0.232182 2 0.260000 0.211735 2 0.270253 0.199152 2
0 0.703015 0.394648 0.640499 0.405142 0.569929 0.272118 0.632444 0.261625 0.665959 0.394189 2 0.659532 0.382069 2 0.648191 0.358252 2 0.631179 0.327206 2 0.620216 0.301901 2 0.615302 0.285953 2
0 0.531383 0.294876 0.144651 0.450177 0.085241 0.403367 0.471973 0.248066 0.118533 0.428276 2 0.160476 0.405993 2 0.227584 0.377420 2 0.328714 0.338360 2 0.409804 0.309787 2 0.447552 0.295631 2
0 0.248767 0.697863 0.178508 0.712290 0.083665 0.566138 0.153924 0.551712 0.122474 0.568574 2 0.133059 0.583672 2 0.154607 0.609402 2 0.184472 0.641298 2 0.196947 0.664902 2 0.192788 0.686592 2
0 0.383141 0.744885 0.439258 0.765118 0.300397 0.886979 0.244280 0.866747 0.397389 0.761598 2 0.383023 0.777122 2 0.362609 0.795409 2 0.332745 0.820076 2 0.296831 0.846019 2 0.269235 0.857501 2
0 0.462336 0.702907 0.514185 0.704952 0.498871 0.827813 0.447021 0.825768 0.471600 0.825083 2 0.470188 0.815094 2 0.471802 0.792848 2 0.474223 0.751306 2 0.485321 0.728946 2 0.497428 0.711808 2
0 0.459027 0.800329 0.504679 0.802646 0.486971 0.913021 0.441319 0.910703 0.460728 0.901154 2 0.465167 0.891960 2 0.473238 0.871870 2 0.477879 0.846219 2 0.477879 0.827264 2 0.473037 0.804677 2
0 0.723713 0.904636 0.655946 0.928006 0.466808 0.754479 0.534574 0.731108 0.681641 0.906751 2 0.657263 0.891220 2 0.617740 0.859137 2 0.556842 0.816803 2 0.515477 0.778346 2 0.509731 0.749907 2
0 0.385281 0.959253 0.140519 0.981471 0.131945 0.951587 0.376707 0.929369 0.150177 0.963065 2 0.179285 0.959238 2 0.220869 0.953922 2 0.276441 0.949881 2 0.325585 0.946266 2 0.361121 0.944778 2
0 0.162479 0.856797 0.347157 0.926351 0.294788 0.970347 0.110110 0.900792 0.154380 0.881415 2 0.167990 0.892047 2 0.198610 0.907783 2 0.250401 0.934151 2 0.287827 0.933513 2 0.312021 0.925432 2
0 0.225766 0.432622 0.181081 0.440397 0.109420 0.310086 0.154104 0.302311 0.199600 0.430553 2 0.000000 0.000000 0 0.000000 0.000000 0 0.167117 0.361555 2 0.150251 0.337579 2 0.138598 0.321882 2
