0 0.106749 0.001042 0.264170 0.001927 0.262037 0.121875 0.104617 0.120989 0.116634 0.118544 2 0.126975 0.102709 2 0.147658 0.075240 2 0.186725 0.029027 2 0.240729 0.014485 2 0.000000 0.000000 0
0 0.238479 0.150366 0.281699 0.172565 0.127614 0.267487 0.084394 0.245289 0.114493 0.256844 2 0.127985 0.242010 2 0.153744 0.217343 2 0.194836 0.187675 2 0.232861 0.177670 2 0.272113 0.176635 2
0 0.284202 0.145894 0.332546 0.164900 0.217875 0.257189 0.169531 0.238183 0.194761 0.245496 2 0.208193 0.230524 2 0.233815 0.207157 2 0.264411 0.180992 2 0.298241 0.166300 2 0.327345 0.158464 2
0 0.567593 0.334375 0.115939 0.377985 0.099121 0.322872 0.550774 0.279262 0.117525 0.350339 2 0.173449 0.338542 2 0.248480 0.325697 2 0.352406 0.313114 2 0.459127 0.314425 2 0.514228 0.305164 2
0 0.705724 0.331365 0.642485 0.339694 0.589538 0.212496 0.652778 0.204167 0.666975 0.325254 2 0.662988 0.313524 2 0.654709 0.285753 2 0.639989 0.249702 2 0.628337 0.229693 2 0.620057 0.212961 2
0 0.242572 0.738263 0.173834 0.743319 0.142235 0.607366 0.210974 0.602311 0.168889 0.611298 2 0.168315 0.624871 2 0.170038 0.645230 2 0.175783 0.682717 2 0.184976 0.716973 2 0.205658 0.729899 2
0 0.484325 0.586293 0.543519 0.591667 0.505753 0.723301 0.446560 0.717928 0.478600 0.710486 2 0.482758 0.697089 2 0.486539 0.672422 2 0.501660 0.643077 2 0.510733 0.616497 2 0.505075 0.598186 2
0 0.370580 0.770517 0.409971 0.792002 0.236696 0.892518 0.197306 0.871033 0.375677 0.788567 2 0.355641 0.801964 2 0.323508 0.818976 2 0.292887 0.838752 2 0.247144 0.864907 2 0.222572 0.874689 2
0 0.516473 0.883056 0.466975 0.886979 0.439486 0.777252 0.488983 0.773329 0.489113 0.882686 2 0.488357 0.870991 2 0.485711 0.845048 2 0.477772 0.813151 2 0.470211 0.800818 2 0.461894 0.791249 2
0 0.705864 0.947917 0.639420 0.963719 0.503107 0.782362 0.569551 0.766561 0.669972 0.950052 2 0.653106 0.934527 2 0.629800 0.908308 2 0.588709 0.865703 2 0.547310 0.814990 2 0.544244 0.781354 2
0 0.398999 0.933000 0.169754 0.943338 0.165578 0.914041 0.394823 0.903703 0.175298 0.926698 2 0.197696 0.926925 2 0.248343 0.926925 2 0.302420 0.924315 2 0.330198 0.923098 2 0.353504 0.917923 2
0 0.410489 0.949518 0.197036 0.977631 0.185976 0.951060 0.399428 0.922947 0.202756 0.962789 2 0.223052 0.959106 2 0.270356 0.953306 2 0.317660 0.942902 2 0.339590 0.939375 2 0.375879 0.941090 2
