0 0.223148 0.297917 0.155532 0.305231 0.110629 0.173897 0.178245 0.166582 0.149431 0.177305 2 0.152256 0.189563 2 0.164161 0.211696 2 0.184137 0.254486 2 0.177075 0.276505 2 0.157300 0.286266 2
0 0.388141 0.141146 0.138143 0.159531 0.129774 0.123522 0.379772 0.105138 0.141466 0.141607 2 0.172465 0.136291 2 0.223877 0.132676 2 0.305911 0.132038 2 0.341825 0.124170 2 0.361104 0.110135 2
0 0.474411 0.083090 0.271675 0.143917 0.246632 0.117508 0.449368 0.056681 0.000000 0.000000 0 0.000000 0.000000 0 0.305533 0.115451 2 0.364885 0.097377 2 0.412895 0.085681 2 0.434065 0.072285 2
0 0.435253 0.126162 0.691667 0.161458 0.675858 0.197796 0.419444 0.162500 0.672657 0.184602 2 0.648889 0.176213 2 0.603218 0.167562 2 0.548226 0.156552 2 0.482049 0.149999 2 0.451291 0.149474 2
0 0.572297 0.183702 0.625000 0.203125 0.495971 0.313904 0.443268 0.294481 0.471451 0.299525 2 0.483154 0.287948 2 0.505350 0.268880 2 0.531380 0.241639 2 0.565279 0.216215 2 0.590703 0.207135 2
0 0.401109 0.469305 0.303049 0.479342 0.225913 0.240900 0.323973 0.230863 0.274598 0.246364 2 0.284049 0.271456 2 0.299171 0.314198 2 0.318451 0.373313 2 0.333572 0.433492 2 0.349828 0.465814 2
0 0.171042 0.922967 0.432908 0.930339 0.430273 0.959949 0.168407 0.952578 0.181917 0.937503 2 0.207676 0.938883 2 0.254901 0.940263 2 0.314392 0.944058 2 0.358243 0.945782 2 0.393508 0.945955 2
0 0.562673 0.833010 0.609105 0.852865 0.478197 0.949728 0.431765 0.929873 0.459088 0.935462 2 0.474421 0.923905 2 0.498033 0.904586 2 0.529618 0.878885 2 0.559670 0.862843 2 0.583589 0.857841 2
0 0.244622 0.817187 0.299383 0.817187 0.299383 0.927083 0.244622 0.927083 0.264432 0.920605 2 0.264930 0.910251 2 0.266671 0.887024 2 0.000000 0.000000 0 0.268164 0.841829 2 0.272641 0.822379 2
0 0.219286 0.810596 0.386939 0.902041 0.340124 0.929198 0.172471 0.837753 0.356259 0.917208 2 0.337860 0.909446 2 0.303208 0.890644 2 0.267942 0.861148 2 0.244637 0.842346 2 0.212745 0.833721 2
0 0.689177 0.684184 0.744356 0.692774 0.686778 0.809801 0.631598 0.801211 0.653360 0.800587 2 0.662813 0.790793 2 0.677449 0.769122 2 0.689562 0.742569 2 0.695151 0.717753 2 0.705598 0.700263 2
0 0.715741 0.912500 0.640641 0.916738 0.606405 0.724798 0.681504 0.720559 0.676018 0.910093 2 0.677245 0.891808 2 0.673259 0.841440 2 0.000000 0.000000 0 0.649953 0.766234 2 0.634927 0.740877 2
