0 0.257261 0.218546 0.203538 0.235055 0.093364 0.121615 0.147087 0.105106 0.128067 0.119314 2 0.143738 0.135125 2 0.170852 0.156813 2 0.195727 0.183678 2 0.209657 0.213902 2 0.221844 0.232723 2
0 0.406327 0.428125 0.318462 0.447295 0.164630 0.224200 0.252495 0.205030 0.219104 0.216066 2 0.233470 0.239670 2 0.270895 0.284325 2 0.320796 0.350670 2 0.337051 0.398090 2 0.322686 0.427435 2
0 0.507566 0.186064 0.559099 0.190149 0.525772 0.323177 0.474239 0.319092 0.502604 0.316987 2 0.507446 0.304048 2 0.512993 0.274424 2 0.515921 0.240940 2 0.527624 0.217219 2 0.538117 0.200420 2
0 0.145053 0.058219 0.408291 0.119084 0.386320 0.149150 0.123082 0.088284 0.142639 0.075678 2 0.174066 0.081478 2 0.227683 0.094911 2 0.294566 0.112859 2 0.342002 0.121529 2 0.376375 0.122449 2
0 0.417030 0.050876 0.460957 0.073437 0.296482 0.174761 0.252555 0.152199 0.276767 0.158449 2 0.291497 0.149142 2 0.323782 0.130187 2 0.364542 0.106806 2 0.394607 0.089781 2 0.423058 0.077522 2
0 0.430760 0.110168 0.700309 0.163802 0.678350 0.198720 0.408801 0.145086 0.667868 0.181880 2 0.642416 0.172566 2 0.601937 0.161871 2 0.544593 0.148072 2 0.479582 0.136860 2 0.441250 0.130133 2
0 0.306910 0.898137 0.251006 0.903212 0.215959 0.781055 0.271863 0.775980 0.279388 0.893350 2 0.273546 0.882073 2 0.000000 0.000000 0 0.253029 0.841959 2 0.244442 0.810220 2 0.253029 0.793833 2
0 0.689482 0.677672 0.741516 0.691810 0.647622 0.801146 0.595588 0.787008 0.623585 0.791386 2 0.635540 0.782360 2 0.664021 0.756535 2 0.687838 0.731017 2 0.699557 0.714856 2 0.704471 0.700396 2
0 0.243923 0.839611 0.460957 0.876042 0.442359 0.911098 0.225325 0.874668 0.444895 0.896920 2 0.425321 0.892464 2 0.377786 0.880667 2 0.326522 0.866511 2 0.285977 0.864676 2 0.256151 0.864939 2
0 0.177471 0.896142 0.399282 0.936108 0.374080 0.980362 0.152270 0.940395 0.170394 0.923452 2 0.196958 0.931579 2 0.251484 0.945210 2 0.300884 0.956745 2 0.337234 0.959890 2 0.366594 0.949405 2
0 0.528619 0.839433 0.570326 0.859193 0.441785 0.945036 0.400078 0.925276 0.427569 0.933126 2 0.444235 0.922352 2 0.474831 0.901364 2 0.510154 0.873799 2 0.542492 0.858128 2 0.561379 0.853747 2
0 0.629120 0.756762 0.720283 0.777244 0.617711 0.921698 0.526548 0.901216 0.578019 0.907693 2 0.595787 0.895785 2 0.640017 0.859848 2 0.673284 0.817532 2 0.664590 0.788612 2 0.000000 0.000000 0
