0 0.186315 0.157606 0.243827 0.167969 0.175651 0.287687 0.118139 0.277324 0.149187 0.274137 2 0.156240 0.258785 2 0.170959 0.227736 2 0.192425 0.199965 2 0.207266 0.179610 2 0.209291 0.158221 2
0 0.220443 0.215772 0.275305 0.227741 0.194672 0.344680 0.139810 0.332711 0.170678 0.332129 2 0.178141 0.316457 2 0.202270 0.282596 2 0.226150 0.251673 2 0.232369 0.236982 2 0.233861 0.218092 2
0 0.313156 0.278621 0.416512 0.315885 0.166325 0.535444 0.062969 0.498180 0.117073 0.511454 2 0.144569 0.482880 2 0.189775 0.442248 2 0.260612 0.386412 2 0.316536 0.339226 2 0.335177 0.305147 2
0 0.221693 0.436198 0.272531 0.436198 0.272531 0.567708 0.221693 0.567708 0.248868 0.562995 2 0.246072 0.549626 2 0.245606 0.519479 2 0.244208 0.492216 2 0.241412 0.471507 2 0.244208 0.454206 2
0 0.276698 0.612760 0.217066 0.637734 0.077630 0.532391 0.137261 0.507417 0.112157 0.521211 2 0.131815 0.536734 2 0.170752 0.560338 2 0.211580 0.584154 2 0.225567 0.607971 2 0.215360 0.629235 2
0 0.670870 0.449071 0.594603 0.450358 0.588632 0.338429 0.664898 0.337142 0.633778 0.441187 2 0.634698 0.426007 2 0.635618 0.399099 2 0.635925 0.367532 2 0.618752 0.349248 2 0.595140 0.341658 2
0 0.388520 0.696697 0.443652 0.708370 0.360031 0.833333 0.304899 0.821660 0.417981 0.705162 2 0.407262 0.720891 2 0.389087 0.747630 2 0.370912 0.771223 2 0.348516 0.797026 2 0.332821 0.813309 2
0 0.422618 0.731654 0.479956 0.732945 0.471839 0.847028 0.414501 0.845737 0.441007 0.839784 2 0.442419 0.830476 2 0.444235 0.803463 2 0.447665 0.776563 2 0.446455 0.750117 2 0.446656 0.737518 2
0 0.301298 0.936280 0.242376 0.955257 0.119777 0.834813 0.178700 0.815836 0.152020 0.831801 2 0.164900 0.847843 2 0.189739 0.872855 2 0.214271 0.905456 2 0.238803 0.920635 2 0.269162 0.936677 2
0 0.461069 0.806106 0.513161 0.812352 0.467706 0.932313 0.415613 0.926068 0.436710 0.922117 2 0.443701 0.909796 2 0.458614 0.885417 2 0.470731 0.857892 2 0.471663 0.834561 2 0.480051 0.819619 2
0 0.473242 0.699497 0.735847 0.842732 0.687096 0.871012 0.424491 0.727777 0.689259 0.846394 2 0.660127 0.833802 2 0.594503 0.803616 2 0.510479 0.762562 2 0.481347 0.740483 2 0.466321 0.711332 2
0 0.366049 0.958854 0.131415 0.999681 0.110489 0.961630 0.345124 0.920803 0.126396 0.984589 2 0.158150 0.978789 2 0.202671 0.969674 2 0.268797 0.950891 2 0.305298 0.948221 2 0.328050 0.956508 2
