0 0.158500 0.058939 0.388092 0.077138 0.380739 0.106486 0.151148 0.088286 0.163610 0.075377 2 0.192719 0.075589 2 0.247156 0.080905 2 0.306886 0.089624 2 0.342043 0.092388 2 0.369262 0.090900 2
0 0.373589 0.138993 0.132883 0.177927 0.113850 0.140696 0.354556 0.101762 0.142367 0.156018 2 0.169964 0.146236 2 0.214572 0.134966 2 0.274301 0.123696 2 0.313617 0.123058 2 0.342348 0.124546 2
0 0.465176 0.127705 0.719975 0.146443 0.712896 0.176899 0.458097 0.158161 0.698519 0.166504 2 0.670923 0.159912 2 0.609681 0.152257 2 0.540500 0.144815 2 0.498538 0.144815 2 0.472076 0.146941 2
0 0.660032 0.165163 0.500985 0.221253 0.479434 0.201917 0.638482 0.145828 0.498863 0.210509 2 0.522301 0.200515 2 0.565019 0.182652 2 0.000000 0.000000 0 0.000000 0.000000 0 0.000000 0.000000 0
0 0.434562 0.540085 0.317496 0.551388 0.240257 0.298285 0.357323 0.286982 0.298645 0.299452 2 0.309364 0.326977 2 0.318684 0.379406 2 0.327073 0.439699 2 0.351773 0.490555 2 0.370414 0.519129 2
0 0.223148 0.577083 0.163028 0.580476 0.137548 0.437631 0.197668 0.434238 0.168131 0.447862 2 0.167518 0.462006 2 0.171811 0.489605 2 0.177637 0.523758 2 0.183157 0.548942 2 0.184997 0.561879 2
0 0.251209 0.810157 0.193416 0.811458 0.183874 0.677343 0.241667 0.676042 0.217209 0.801081 2 0.213836 0.788489 2 0.213223 0.760373 2 0.211996 0.730876 2 0.214756 0.703795 2 0.228961 0.687753 2
0 0.265833 0.725426 0.334259 0.728125 0.317224 0.864790 0.248798 0.862092 0.277924 0.856984 2 0.277924 0.844139 2 0.282118 0.817662 2 0.289575 0.781486 2 0.292837 0.762088 2 0.300760 0.743213 2
0 0.661295 0.815102 0.587500 0.825260 0.504343 0.634116 0.578138 0.623958 0.620826 0.814160 2 0.615580 0.798497 2 0.606313 0.770281 2 0.590001 0.734367 2 0.564836 0.680890 2 0.548990 0.658083 2
0 0.732786 0.777864 0.670972 0.787487 0.613187 0.670040 0.675000 0.660417 0.701375 0.775721 2 0.694192 0.764663 2 0.683229 0.744462 2 0.662059 0.711927 2 0.655254 0.692151 2 0.651852 0.671950 2
0 0.244039 0.900589 0.463426 0.901823 0.462510 0.953365 0.243123 0.952131 0.250678 0.932688 2 0.284410 0.933723 2 0.339607 0.936138 2 0.409525 0.935448 2 0.443563 0.921303 2 0.453333 0.909048 2
0 0.500179 0.854718 0.578158 0.869742 0.524703 0.957527 0.446724 0.942503 0.481354 0.946834 2 0.488407 0.936829 2 0.501287 0.910265 2 0.511407 0.885254 2 0.540539 0.870937 2 0.563231 0.869212 2
