0 0.289127 0.109787 0.235582 0.135156 0.071187 0.025369 0.124732 -0.000000 0.100143 0.013873 2 0.114271 0.020817 2 0.153216 0.046346 2 0.184188 0.078257 2 0.216080 0.097404 2 0.247972 0.106546 2
0 0.103844 0.126704 0.321230 0.190365 0.293719 0.220089 0.076332 0.156429 0.102720 0.143622 2 0.124624 0.146768 2 0.172625 0.159613 2 0.222491 0.174817 2 0.263502 0.186876 2 0.284007 0.192119 2
0 0.397618 0.073809 0.434476 0.094733 0.266093 0.188581 0.229236 0.167657 0.250548 0.176192 2 0.268315 0.165772 2 0.306497 0.144508 2 0.349593 0.122180 2 0.373787 0.108145 2 0.400250 0.097301 2
0 0.410462 0.112776 0.670304 0.176302 0.647963 0.205216 0.388120 0.141690 0.646736 0.189196 2 0.621376 0.180114 2 0.574878 0.164591 2 0.518172 0.148855 2 0.461845 0.138861 2 0.428578 0.136734 2
0 0.492895 0.267500 0.554101 0.274479 0.507370 0.404151 0.446165 0.397172 0.478445 0.393495 2 0.484260 0.378266 2 0.494845 0.353387 2 0.511479 0.322978 2 0.510345 0.295972 2 0.514125 0.280024 2
0 0.445767 0.385417 0.363240 0.422956 0.094401 0.235954 0.176929 0.198414 0.133939 0.223152 2 0.170133 0.242219 2 0.236202 0.273889 2 0.333201 0.325244 2 0.356850 0.370838 2 0.352254 0.406386 2
0 0.111420 0.739062 0.186420 0.739062 0.186420 0.873437 0.111420 0.873437 0.155812 0.742619 2 0.153948 0.759396 2 0.151618 0.786135 2 0.151618 0.827291 2 0.146492 0.849311 2 0.134375 0.866351 2
0 0.688546 0.774263 0.511851 0.829859 0.475811 0.793617 0.652506 0.738022 0.503609 0.808677 2 0.515300 0.802520 2 0.551866 0.788108 2 0.592662 0.772997 2 0.628979 0.768379 2 0.648630 0.766560 2
0 0.329012 0.813281 0.390212 0.813281 0.390212 0.926042 0.329012 0.926042 0.363041 0.925992 2 0.363041 0.912382 2 0.371736 0.876233 2 0.373626 0.849865 2 0.356615 0.834767 2 0.348676 0.824985 2
0 0.682423 0.986648 0.598082 0.994792 0.538190 0.798533 0.622531 0.790389 0.636361 0.983619 2 0.631069 0.966182 2 0.618593 0.929394 2 0.599314 0.881549 2 0.584948 0.840721 2 0.567180 0.815842 2
0 0.317461 0.870449 0.267063 0.889844 0.148285 0.792184 0.198683 0.772789 0.283280 0.872865 2 0.268106 0.864470 2 0.235769 0.845720 2 0.197710 0.824172 2 0.184775 0.804163 2 0.200695 0.787373 2
0 0.495603 0.920633 0.330218 0.987048 0.298942 0.962405 0.464327 0.895990 0.318943 0.975956 2 0.331132 0.969939 2 0.358992 0.956927 2 0.404514 0.935659 2 0.436105 0.923205 2 0.466204 0.920547 2
