0 0.076235 0.000000 0.238735 0.000000 0.238735 0.094531 0.076235 0.094531 0.000000 0.000000 0 0.117399 0.003413 2 0.161206 0.014161 2 0.218528 0.035132 2 0.228315 0.060822 2 0.210606 0.082056 2
0 0.088926 0.147834 0.339661 0.204167 0.317021 0.236050 0.066286 0.179718 0.096612 0.169261 2 0.121451 0.172883 2 0.168369 0.180991 2 0.224793 0.190650 2 0.271711 0.205657 2 0.296244 0.219974 2
0 0.388123 0.130188 0.227617 0.217734 0.196187 0.199501 0.356693 0.111955 0.223651 0.205364 2 0.000000 0.000000 0 0.258122 0.181126 2 0.307530 0.155273 2 0.339128 0.136206 2 0.362109 0.125542 2
0 0.428552 0.117986 0.651597 0.188165 0.618066 0.221884 0.395021 0.151706 0.628373 0.201573 2 0.604148 0.191740 2 0.567043 0.176044 2 0.512765 0.155344 2 0.452661 0.147065 2 0.419542 0.146892 2
0 0.146927 0.245860 0.509105 0.344271 0.441647 0.422823 0.079469 0.324412 0.129137 0.281370 2 0.181684 0.289026 2 0.273925 0.304761 2 0.375239 0.325601 2 0.416445 0.370044 2 0.408884 0.403216 2
0 0.514562 0.563550 0.455208 0.565221 0.443472 0.433304 0.502826 0.431634 0.483386 0.553039 2 0.483386 0.540281 2 0.480740 0.512637 2 0.473179 0.474786 2 0.471667 0.454159 2 0.478094 0.437573 2
0 0.141975 0.640104 0.197531 0.640104 0.197531 0.778385 0.141975 0.778385 0.167447 0.644332 2 0.168193 0.661962 2 0.169966 0.683573 2 0.173228 0.710573 2 0.173694 0.748060 2 0.166238 0.766410 2
0 0.370112 0.850963 0.125760 0.886059 0.106508 0.843648 0.350860 0.808551 0.335921 0.831816 2 0.312483 0.839046 2 0.273167 0.849891 2 0.223644 0.864776 2 0.165805 0.864563 2 0.142744 0.850529 2
0 0.481924 0.750250 0.563309 0.753920 0.547720 0.863296 0.466335 0.859626 0.502912 0.854873 2 0.500922 0.843679 2 0.501171 0.814016 2 0.512614 0.787431 2 0.529529 0.775957 2 0.546444 0.766442 2
0 0.671344 0.965311 0.596141 0.976113 0.506789 0.779276 0.581992 0.768475 0.629132 0.964810 2 0.617413 0.943120 2 0.599645 0.899953 2 0.572805 0.849556 2 0.558440 0.812769 2 0.561086 0.780234 2
0 0.445355 0.879551 0.285771 0.955160 0.245266 0.928110 0.404851 0.852501 0.274176 0.942452 2 0.289676 0.934797 2 0.326723 0.918423 2 0.369063 0.906940 2 0.389477 0.887377 2 0.390611 0.869727 2
0 0.488266 0.933273 0.273006 0.991763 0.246602 0.961017 0.461862 0.902527 0.271256 0.973658 2 0.290535 0.968767 2 0.321912 0.961112 2 0.381264 0.948566 2 0.421336 0.935594 2 0.440616 0.919221 2
