0 0.357870 0.210677 0.284971 0.232549 0.187770 0.130042 0.260669 0.108170 0.222875 0.124366 2 0.236485 0.134786 2 0.260679 0.158390 2 0.286763 0.176890 2 0.307555 0.199855 2 0.322677 0.214315 2
0 0.444475 0.171605 0.365148 0.198353 0.262224 0.101770 0.341552 0.075023 0.298911 0.095124 2 0.311483 0.105819 2 0.333256 0.129450 2 0.368521 0.162224 2 0.400413 0.167054 2 0.427399 0.157912 2
0 0.497222 0.105729 0.748148 0.105729 0.748148 0.151302 0.497222 0.151302 0.737426 0.123723 2 0.706755 0.121794 2 0.646019 0.122021 2 0.576808 0.124291 2 0.520323 0.130770 2 0.517485 0.140181 2
0 0.645184 0.058330 0.715700 0.075569 0.649537 0.161198 0.579021 0.143958 0.673778 0.072064 2 0.659790 0.081420 2 0.636352 0.103748 2 0.616694 0.138622 2 0.631438 0.146489 2 0.648449 0.156271 2
0 0.152315 0.452604 0.574537 0.452604 0.574537 0.539583 0.152315 0.539583 0.163830 0.492034 2 0.226864 0.491636 2 0.293439 0.492831 2 0.415966 0.499603 2 0.499353 0.489654 2 0.537077 0.464147 2
0 0.384051 0.586734 0.203162 0.659374 0.163242 0.627920 0.344131 0.555280 0.184243 0.639241 2 0.203145 0.628184 2 0.241327 0.610960 2 0.291606 0.590546 2 0.326385 0.586505 2 0.357762 0.581827 2
0 0.528091 0.517835 0.568827 0.534896 0.439264 0.632780 0.398528 0.615719 0.427068 0.617523 2 0.441981 0.607562 2 0.461089 0.592095 2 0.490449 0.569026 2 0.520275 0.549628 2 0.538450 0.533637 2
0 0.344266 0.849620 0.290978 0.879871 0.129334 0.789780 0.182623 0.759528 0.159557 0.778688 2 0.174470 0.790484 2 0.201034 0.809883 2 0.235520 0.827971 2 0.281658 0.843437 2 0.309154 0.843699 2
0 0.413612 0.931658 0.192121 0.932904 0.191406 0.892652 0.412897 0.891406 0.200980 0.910563 2 0.225109 0.909164 2 0.273864 0.906086 2 0.337295 0.901888 2 0.369882 0.907065 2 0.394259 0.918679 2
0 0.605820 0.770065 0.646395 0.788147 0.524375 0.874781 0.483800 0.856699 0.506692 0.863096 2 0.524478 0.851711 2 0.549010 0.833427 2 0.579982 0.814108 2 0.606048 0.800826 2 0.614021 0.789786 2
0 0.550121 0.601481 0.623920 0.609896 0.556569 0.796786 0.482771 0.788372 0.525091 0.786854 2 0.532451 0.762877 2 0.545330 0.728379 2 0.557290 0.678873 2 0.573849 0.637302 2 0.586422 0.618156 2
0 0.566451 0.618897 0.733150 0.696287 0.690301 0.725490 0.523602 0.648100 0.703440 0.706897 2 0.681892 0.695627 2 0.637283 0.673724 2 0.599858 0.653310 2 0.577932 0.648632 2 0.549201 0.646931 2
