0 0.160657 0.065062 0.253710 0.078427 0.200863 0.194847 0.107810 0.181481 0.151291 0.184199 2 0.150371 0.167812 2 0.153438 0.135901 2 0.166624 0.103990 2 0.210782 0.086741 2 0.236848 0.081393 2
0 0.252219 0.165906 0.303298 0.177050 0.219530 0.298534 0.168452 0.287390 0.192022 0.288931 2 0.198240 0.274379 2 0.215404 0.251852 2 0.240777 0.220789 2 0.262169 0.196862 2 0.279582 0.182450 2
0 0.133730 0.262760 0.193915 0.262760 0.193915 0.382552 0.133730 0.382552 0.000000 0.000000 0 0.155213 0.367540 2 0.150553 0.343947 2 0.140766 0.312228 2 0.152417 0.290208 2 0.166864 0.273955 2
0 0.522212 0.303276 0.133064 0.434489 0.077201 0.382069 0.466350 0.250856 0.120653 0.407782 2 0.165261 0.385667 2 0.236332 0.359725 2 0.329707 0.325489 2 0.423838 0.302098 2 0.467690 0.287425 2
0 0.697732 0.378128 0.638827 0.384500 0.596580 0.260935 0.655485 0.254562 0.664719 0.378886 2 0.659187 0.365750 2 0.649987 0.340911 2 0.635574 0.306757 2 0.629135 0.283471 2 0.617175 0.272086 2
0 0.246591 0.700714 0.190082 0.712679 0.103324 0.583027 0.159833 0.571062 0.131094 0.583880 2 0.139948 0.600919 2 0.152065 0.621891 2 0.173503 0.651251 2 0.198202 0.687165 2 0.219640 0.697913 2
0 0.455321 0.673346 0.517064 0.675781 0.499347 0.817916 0.437604 0.815481 0.466615 0.804346 2 0.468883 0.792225 2 0.472664 0.764581 2 0.479090 0.730771 2 0.484005 0.708443 2 0.490431 0.691857 2
0 0.379507 0.757596 0.425775 0.777380 0.279072 0.885931 0.232804 0.866146 0.395466 0.768819 2 0.379098 0.782537 2 0.346035 0.804818 2 0.307243 0.829862 2 0.278926 0.849933 2 0.268287 0.864756 2
0 0.455645 0.799128 0.504949 0.800238 0.497621 0.903246 0.448316 0.902136 0.471123 0.894661 2 0.471736 0.884311 2 0.475416 0.857920 2 0.477256 0.833253 2 0.475109 0.812899 2 0.000000 0.000000 0
0 0.711508 0.918229 0.644976 0.939657 0.464506 0.762359 0.531038 0.740931 0.671061 0.920362 2 0.646836 0.901906 2 0.606357 0.866200 2 0.557293 0.817557 2 0.526934 0.782196 2 0.514975 0.760634 2
0 0.370575 0.953445 0.138854 0.974480 0.130491 0.945330 0.362212 0.924296 0.146230 0.959797 2 0.171354 0.958398 2 0.205184 0.954760 2 0.277322 0.949723 2 0.308664 0.944266 2 0.328813 0.937829 2
0 0.156495 0.876658 0.359363 0.919610 0.336598 0.953630 0.133730 0.910677 0.150707 0.895853 2 0.170607 0.903688 2 0.217373 0.918240 2 0.273342 0.932372 2 0.310157 0.933212 2 0.341997 0.932372 2
