0 0.403467 0.123516 0.135384 0.134089 0.132226 0.108750 0.400309 0.098177 0.139483 0.121710 2 0.173128 0.118733 2 0.232480 0.118520 2 0.299014 0.115969 2 0.346269 0.113842 2 0.374622 0.107463 2
0 0.221301 0.272785 0.155745 0.281419 0.105869 0.161598 0.171424 0.152964 0.136166 0.164268 2 0.145239 0.175751 2 0.169433 0.203394 2 0.181530 0.231676 2 0.167165 0.255705 2 0.159982 0.271228 2
0 0.377380 0.462072 0.300944 0.469896 0.223163 0.229458 0.299598 0.221634 0.267032 0.231716 2 0.275421 0.258455 2 0.293130 0.310884 2 0.314102 0.377730 2 0.327151 0.419673 2 0.336937 0.450344 2
0 0.572065 0.187817 0.608663 0.201304 0.484088 0.308260 0.447489 0.294772 0.469694 0.299566 2 0.483493 0.287492 2 0.504959 0.263515 2 0.528265 0.239366 2 0.565677 0.214700 2 0.586836 0.202970 2
0 0.433033 0.119314 0.679938 0.163802 0.663630 0.192439 0.416725 0.147951 0.668026 0.181384 2 0.646100 0.172028 2 0.613967 0.163522 2 0.556127 0.152039 2 0.486947 0.141407 2 0.440070 0.137366 2
0 0.683606 0.672555 0.748545 0.683854 0.681112 0.806474 0.616174 0.795175 0.646126 0.795154 2 0.655577 0.783246 2 0.667674 0.764746 2 0.683552 0.734551 2 0.693381 0.714349 2 0.704344 0.696274 2
0 0.603067 0.735017 0.712941 0.744358 0.666606 0.916806 0.556732 0.907465 0.635836 0.905547 2 0.646089 0.887721 2 0.667992 0.830574 2 0.000000 0.000000 0 0.646555 0.758222 2 0.615797 0.743804 2
0 0.299341 0.910667 0.239544 0.911676 0.233295 0.794541 0.293092 0.793532 0.268941 0.904130 2 0.265914 0.893007 2 0.000000 0.000000 0 0.260668 0.851805 2 0.259860 0.825132 2 0.262887 0.810264 2
0 0.562803 0.827345 0.602814 0.845545 0.465397 0.941131 0.425386 0.922931 0.448245 0.927973 2 0.461765 0.918779 2 0.487593 0.896533 2 0.523913 0.867590 2 0.548733 0.856012 2 0.574872 0.849656 2
0 0.198409 0.841473 0.435782 0.887207 0.417956 0.916481 0.180583 0.870746 0.416190 0.904611 2 0.390483 0.899295 2 0.342851 0.887175 2 0.284633 0.875054 2 0.244183 0.870163 2 0.224147 0.860169 2
0 0.157341 0.921094 0.430026 0.921094 0.430026 0.949219 0.157341 0.949219 0.171825 0.934223 2 0.201178 0.935622 2 0.254162 0.936462 2 0.313116 0.938700 2 0.356398 0.938840 2 0.391970 0.934083 2
0 0.472406 0.073171 0.277698 0.163564 0.240980 0.138539 0.435688 0.048146 0.266605 0.147057 2 0.283768 0.136143 2 0.000000 0.000000 0 0.358642 0.096405 2 0.400184 0.080034 2 0.427546 0.075976 2
