0 0.178593 0.182808 0.235494 0.191667 0.177658 0.309216 0.120756 0.300358 0.150611 0.299337 2 0.158571 0.283386 2 0.174989 0.258759 2 0.198123 0.229935 2 0.193645 0.207128 2 0.173745 0.193276 2
0 0.208899 0.232383 0.261653 0.241889 0.192505 0.363314 0.139751 0.353809 0.165130 0.352055 2 0.170800 0.335469 2 0.184788 0.306336 2 0.209360 0.275928 2 0.218055 0.254451 2 0.218811 0.238077 2
0 0.599008 0.338021 0.659568 0.338021 0.659568 0.464583 0.599008 0.464583 0.631165 0.459596 2 0.632085 0.445107 2 0.633925 0.420785 2 0.633925 0.386804 2 0.622272 0.363862 2 0.613686 0.347821 2
0 0.327994 0.290735 0.417438 0.323698 0.162774 0.542342 0.073330 0.509378 0.120404 0.523148 2 0.149298 0.492740 2 0.199629 0.446603 2 0.275593 0.386572 2 0.321730 0.347512 2 0.359479 0.321298 2
0 0.282716 0.592187 0.232292 0.594176 0.217240 0.473422 0.267664 0.471433 0.253965 0.584853 2 0.250237 0.570960 2 0.247441 0.540551 2 0.244933 0.513712 2 0.243247 0.488909 2 0.241848 0.471607 2
0 0.308204 0.615313 0.256779 0.641725 0.087306 0.537323 0.138731 0.510911 0.126565 0.527548 2 0.145884 0.541175 2 0.183296 0.563082 2 0.233587 0.585333 2 0.251066 0.609655 2 0.249840 0.628112 2
0 0.405636 0.677597 0.458045 0.690061 0.366632 0.811680 0.314223 0.799216 0.428256 0.690433 2 0.414457 0.707854 2 0.397898 0.732003 2 0.378272 0.760120 2 0.358646 0.783061 2 0.339327 0.795653 2
0 0.422787 0.727185 0.463958 0.728112 0.456071 0.838961 0.414900 0.838034 0.436347 0.839063 2 0.437342 0.827169 2 0.438337 0.802683 2 0.442068 0.771340 2 0.443561 0.748113 2 0.443312 0.731462 2
0 0.447415 0.682831 0.753086 0.824740 0.697352 0.862725 0.391681 0.720817 0.698402 0.838254 2 0.665070 0.823702 2 0.615817 0.801734 2 0.546167 0.771231 2 0.483730 0.739469 2 0.445422 0.718481 2
0 0.283934 0.933819 0.236281 0.947774 0.117007 0.818903 0.164661 0.804948 0.154717 0.823026 2 0.163790 0.838762 2 0.185338 0.866193 2 0.213691 0.898302 2 0.235239 0.918291 2 0.260945 0.929136 2
0 0.459061 0.816907 0.518364 0.825781 0.464277 0.940148 0.404974 0.931274 0.429231 0.927086 2 0.437817 0.916391 2 0.456830 0.892415 2 0.476456 0.866886 2 0.471549 0.847739 2 0.461430 0.832042 2
0 0.103638 0.919531 0.356415 0.919531 0.356415 0.999740 0.103638 0.999740 0.000000 0.000000 0 0.000000 0.000000 0 0.190651 0.986449 2 0.247508 0.962332 2 0.295509 0.946603 2 0.324869 0.931923 2
