0 0.192716 -0.000000 0.257561 0.015422 0.152635 0.155018 0.087790 0.139597 0.123606 0.137445 2 0.132813 0.121509 2 0.156185 0.094817 2 0.184515 0.063743 2 0.201527 0.035559 2 0.198767 0.011927 2
0 0.186304 0.163326 0.238292 0.177815 0.132847 0.297530 0.080859 0.283041 0.117225 0.286440 2 0.118737 0.271980 2 0.150870 0.239020 2 0.184893 0.214991 2 0.193210 0.190749 2 0.193588 0.174801 2
0 0.277107 0.140527 0.323932 0.153906 0.220196 0.268779 0.173371 0.255399 0.197701 0.257243 2 0.206869 0.239216 2 0.225045 0.217720 2 0.248812 0.188098 2 0.281435 0.165029 2 0.304047 0.159817 2
0 0.546488 0.325668 0.125547 0.391199 0.100243 0.339769 0.521184 0.274238 0.118849 0.372609 2 0.170980 0.355877 2 0.243657 0.333970 2 0.345467 0.306889 2 0.450036 0.309994 2 0.507687 0.324138 2
0 0.712749 0.350532 0.641980 0.359434 0.589501 0.227427 0.660270 0.218525 0.670824 0.347629 2 0.665153 0.334445 2 0.650788 0.308927 2 0.632264 0.273203 2 0.633398 0.245984 2 0.642093 0.230674 2
0 0.244753 0.722917 0.180689 0.734859 0.106405 0.608769 0.170469 0.596827 0.143393 0.608266 2 0.153513 0.623100 2 0.177432 0.652252 2 0.199511 0.685198 2 0.201964 0.707622 2 0.189085 0.726251 2
0 0.465816 0.625161 0.530401 0.627344 0.516781 0.754878 0.452196 0.752696 0.478827 0.748147 2 0.482607 0.735176 2 0.484875 0.709021 2 0.486388 0.676486 2 0.493948 0.649055 2 0.500375 0.633319 2
0 0.365388 0.762318 0.416928 0.784818 0.260207 0.898406 0.208667 0.875905 0.381834 0.780572 2 0.362554 0.794182 2 0.335714 0.810981 2 0.302069 0.833521 2 0.260863 0.860740 2 0.232132 0.872435 2
0 0.508179 0.896354 0.464654 0.897334 0.456925 0.788712 0.500451 0.787732 0.487226 0.886788 2 0.484738 0.874335 2 0.482500 0.849289 2 0.474540 0.820605 2 0.471306 0.802835 2 0.480012 0.791501 2
0 0.726235 0.932292 0.635641 0.956282 0.484863 0.776130 0.575457 0.752139 0.674738 0.939238 2 0.651355 0.919509 2 0.623744 0.892784 2 0.558073 0.841013 2 0.542402 0.807291 2 0.548372 0.777814 2
0 0.152918 0.893495 0.350839 0.919562 0.336839 0.953193 0.138919 0.927126 0.158322 0.912843 2 0.177334 0.919570 2 0.221186 0.928195 2 0.278026 0.936324 2 0.314102 0.931300 2 0.340167 0.919225 2
0 0.395541 0.951437 0.177957 0.978805 0.167448 0.952369 0.385031 0.925000 0.174876 0.965061 2 0.200737 0.961655 2 0.240668 0.955593 2 0.288179 0.947758 2 0.321761 0.942860 2 0.362573 0.942064 2
