0 0.147852 0.121434 0.388624 0.132292 0.383843 0.165840 0.143070 0.154983 0.153352 0.137501 2 0.181705 0.134736 2 0.231984 0.133035 2 0.293603 0.133886 2 0.337834 0.140478 2 0.363540 0.151323 2
0 0.396958 0.112499 0.357415 0.134067 0.227813 0.058886 0.267356 0.037318 0.253068 0.054998 2 0.265508 0.061811 2 0.292187 0.075990 2 0.322305 0.092746 2 0.350683 0.108994 2 0.358892 0.118788 2
0 0.467433 0.120988 0.720098 0.128100 0.716873 0.164354 0.464208 0.157242 0.708526 0.152637 2 0.683381 0.149532 2 0.640756 0.145910 2 0.564399 0.142115 2 0.510121 0.141425 2 0.481909 0.144185 2
0 0.508287 0.126247 0.715476 0.175521 0.693740 0.204440 0.486551 0.155166 0.000000 0.000000 0 0.000000 0.000000 0 0.595371 0.159882 2 0.644129 0.172819 2 0.670501 0.181099 2 0.689207 0.189723 2
0 0.478902 0.545833 0.356542 0.567124 0.229442 0.336005 0.351803 0.314714 0.269237 0.334301 2 0.286472 0.362416 2 0.317496 0.402812 2 0.346222 0.449671 2 0.389885 0.509133 2 0.410568 0.535309 2
0 0.212439 0.660663 0.152545 0.661674 0.145630 0.532045 0.205523 0.531034 0.174211 0.537311 2 0.174967 0.553260 2 0.179881 0.582392 2 0.183284 0.619818 2 0.183284 0.647249 2 0.193113 0.659795 2
0 0.239550 0.625000 0.297922 0.631998 0.254904 0.745525 0.196533 0.738527 0.217539 0.736983 2 0.223758 0.724530 2 0.232713 0.696545 2 0.236942 0.664363 2 0.259080 0.646033 2 0.281219 0.636938 2
0 0.340618 0.684927 0.395569 0.699479 0.312108 0.799200 0.257157 0.784649 0.288050 0.790110 2 0.294305 0.777398 2 0.309842 0.750498 2 0.322151 0.723144 2 0.348786 0.704870 2 0.375421 0.698514 2
0 0.543717 0.613802 0.620569 0.613802 0.620569 0.803646 0.543717 0.803646 0.582273 0.794669 2 0.579477 0.774221 2 0.580409 0.728346 2 0.576215 0.677490 2 0.584137 0.648392 2 0.594856 0.621392 2
0 0.712644 0.749989 0.658475 0.755219 0.624237 0.643028 0.678407 0.637797 0.687704 0.747300 2 0.681236 0.735547 2 0.671784 0.710640 2 0.660092 0.682516 2 0.657605 0.666145 2 0.645914 0.648095 2
0 0.466058 0.903044 0.252313 0.949678 0.231070 0.918871 0.444815 0.872237 0.248430 0.930429 2 0.278529 0.923293 2 0.327782 0.910840 2 0.375791 0.901045 2 0.417083 0.895029 2 0.448177 0.894049 2
0 0.540613 0.833905 0.596898 0.855104 0.495174 0.940563 0.438889 0.919365 0.457902 0.923468 2 0.473324 0.914933 2 0.496707 0.893665 2 0.523572 0.867639 2 0.553173 0.855466 2 0.579790 0.852947 2
