0 0.456227 0.094374 0.243941 0.132624 0.227711 0.104124 0.439997 0.065873 0.238554 0.121674 2 0.262683 0.112579 2 0.308702 0.101945 2 0.372631 0.091311 2 0.413177 0.088093 2 0.438550 0.088652 2
0 0.387401 0.135569 0.159149 0.179547 0.139820 0.147804 0.368071 0.103827 0.149306 0.159995 2 0.184497 0.151432 2 0.230058 0.146235 2 0.291224 0.141116 2 0.334447 0.132349 2 0.352593 0.119165 2
0 0.440237 0.135006 0.694342 0.158073 0.684661 0.191817 0.430556 0.168750 0.681636 0.181955 2 0.653674 0.174615 2 0.598682 0.165178 2 0.534836 0.155216 2 0.485902 0.151546 2 0.455144 0.156789 2
0 0.215175 0.359896 0.164386 0.363341 0.135059 0.226530 0.185848 0.223085 0.160197 0.227806 2 0.162650 0.241951 2 0.165717 0.271620 2 0.172156 0.304738 2 0.177983 0.327507 2 0.183809 0.344239 2
0 0.395370 0.490625 0.301791 0.496439 0.255289 0.259601 0.348868 0.253788 0.294439 0.261271 2 0.302412 0.287490 2 0.316830 0.331048 2 0.336661 0.387619 2 0.345160 0.443792 2 0.340202 0.476062 2
0 0.569693 0.191569 0.618737 0.210442 0.502879 0.305701 0.453835 0.286827 0.473810 0.291411 2 0.488735 0.279517 2 0.510874 0.260068 2 0.537490 0.232923 2 0.573559 0.214173 2 0.607140 0.203819 2
0 0.678051 0.682521 0.729617 0.684263 0.716728 0.804961 0.665161 0.803218 0.679876 0.798390 2 0.690461 0.784781 2 0.698426 0.759190 2 0.706541 0.726976 2 0.700290 0.710568 2 0.688571 0.691217 2
0 0.348971 0.901562 0.300903 0.918893 0.171656 0.805469 0.219724 0.788138 0.316969 0.905599 2 0.298793 0.892754 2 0.267569 0.867588 2 0.230286 0.839015 2 0.213043 0.818568 2 0.209315 0.798645 2
0 0.266651 0.810816 0.314712 0.813802 0.292045 0.929243 0.243984 0.926257 0.266720 0.921606 2 0.270501 0.905870 2 0.000000 0.000000 0 0.000000 0.000000 0 0.285244 0.842077 2 0.278439 0.820387 2
0 0.586203 0.826815 0.626680 0.844486 0.492946 0.941412 0.452469 0.923742 0.473604 0.929954 2 0.491083 0.919260 2 0.519295 0.898560 2 0.554254 0.875101 2 0.577253 0.859577 2 0.596265 0.847502 2
0 0.194437 0.916997 0.446608 0.929797 0.442490 0.955469 0.190319 0.942668 0.203223 0.927794 2 0.226854 0.931432 2 0.272127 0.936049 2 0.342275 0.940806 2 0.383816 0.941086 2 0.411179 0.937028 2
0 0.721484 0.879939 0.640204 0.887787 0.577443 0.682125 0.658722 0.674277 0.678747 0.875108 2 0.674553 0.853350 2 0.663368 0.820320 2 0.645659 0.763959 2 0.631678 0.726211 2 0.442468 0.636820 2
