0 0.178883 0.140122 0.230864 0.146354 0.182874 0.273005 0.130893 0.266773 0.154916 0.264093 2 0.159110 0.248627 2 0.167499 0.217956 2 0.174418 0.186357 2 0.196718 0.160845 2 0.220792 0.152908 2
0 0.233058 0.200114 0.290586 0.211198 0.212412 0.339576 0.154884 0.328492 0.175410 0.327586 2 0.182872 0.310236 2 0.203519 0.281132 2 0.221180 0.255246 2 0.234115 0.235237 2 0.246055 0.218587 2
0 0.694557 0.430397 0.637624 0.442818 0.553098 0.320234 0.610031 0.307812 0.657739 0.428630 2 0.650179 0.415020 2 0.635057 0.390566 2 0.617290 0.360583 2 0.602168 0.340169 2 0.584022 0.327623 2
0 0.282716 0.546875 0.230035 0.551354 0.194134 0.417739 0.246816 0.413260 0.252596 0.539220 2 0.247383 0.522315 2 0.240330 0.489542 2 0.228677 0.454871 2 0.000000 0.000000 0 0.000000 0.000000 0
0 0.249846 0.632031 0.193609 0.650143 0.073122 0.531773 0.129359 0.513661 0.110309 0.525248 2 0.125335 0.541635 2 0.157534 0.569061 2 0.191879 0.593038 2 0.204758 0.617877 2 0.201692 0.638231 2
0 0.327366 0.278917 0.420679 0.317187 0.159805 0.518447 0.066492 0.480177 0.119931 0.494494 2 0.149040 0.467275 2 0.203099 0.423896 2 0.271146 0.365418 2 0.332387 0.328418 2 0.363386 0.305452 2
0 0.385519 0.709071 0.439482 0.722264 0.347222 0.841667 0.293259 0.828474 0.412767 0.721994 2 0.399252 0.737460 2 0.382008 0.756859 2 0.354046 0.784908 2 0.330279 0.810861 2 0.325618 0.824230 2
0 0.436194 0.742349 0.480474 0.744346 0.465576 0.848872 0.421296 0.846875 0.443916 0.845208 2 0.447150 0.835834 2 0.451378 0.811067 2 0.456602 0.788120 2 0.452871 0.765033 2 0.453120 0.750341 2
0 0.465217 0.805223 0.523016 0.812493 0.478704 0.923958 0.420905 0.916688 0.441133 0.914801 2 0.445611 0.903467 2 0.460038 0.878701 2 0.472476 0.854914 2 0.476456 0.839103 2 0.484820 0.817780 2
0 0.293151 0.933406 0.231947 0.952214 0.130625 0.847887 0.191829 0.829080 0.154372 0.843755 2 0.165018 0.859186 2 0.187165 0.883085 2 0.212924 0.911029 2 0.251869 0.930521 2 0.278548 0.930521 2
0 0.357253 0.974051 0.131833 0.991920 0.120603 0.947095 0.346023 0.929226 0.127837 0.973384 2 0.162140 0.971454 2 0.216419 0.969978 2 0.273120 0.966460 2 0.307826 0.953634 2 0.329215 0.936949 2
0 0.478549 0.708333 0.734484 0.856564 0.670236 0.891663 0.414301 0.743433 0.689187 0.873124 2 0.661322 0.857099 2 0.621190 0.832917 2 0.556354 0.789870 2 0.494415 0.752931 2 0.457600 0.735301 2
