0 0.547332 0.340097 0.478198 0.340486 0.475938 0.213338 0.545071 0.212949 0.504008 0.334355 2 0.507995 0.320038 2 0.514435 0.291405 2 0.521794 0.257768 2 0.518421 0.232412 2 0.505542 0.216370 2
0 0.339848 0.124586 0.292154 0.151661 0.089660 0.038802 0.137354 0.011727 0.124438 0.031274 2 0.148051 0.041796 2 0.193129 0.068015 2 0.247713 0.098201 2 0.286542 0.124979 2 0.285489 0.138408 2
0 0.416376 0.067212 0.447232 0.085444 0.282564 0.173620 0.251709 0.155388 0.272812 0.165439 2 0.288451 0.153709 2 0.320343 0.135080 2 0.368795 0.110068 2 0.399154 0.092302 2 0.419086 0.081434 2
0 0.427755 0.111248 0.683661 0.167079 0.662397 0.197917 0.406491 0.142085 0.657369 0.182387 2 0.635173 0.175010 2 0.581096 0.160368 2 0.522579 0.145159 2 0.472941 0.135624 2 0.434207 0.131425 2
0 0.327584 0.232339 0.272926 0.250353 0.149008 0.131388 0.203667 0.113374 0.181239 0.124084 2 0.192585 0.137539 2 0.224784 0.168415 2 0.263729 0.198084 2 0.277222 0.217576 2 0.274769 0.235687 2
0 0.412346 0.383594 0.324583 0.415236 0.092420 0.211495 0.180183 0.179852 0.149999 0.202317 2 0.177643 0.224563 2 0.226843 0.258236 2 0.292999 0.303317 2 0.336851 0.360944 2 0.331959 0.399537 2
0 0.282600 0.968792 0.204885 0.982795 0.134224 0.858714 0.211939 0.844711 0.169300 0.857309 2 0.173032 0.875639 2 0.182642 0.904203 2 0.194759 0.938806 2 0.218992 0.954010 2 0.253479 0.966069 2
0 0.303241 0.888184 0.246759 0.896636 0.189659 0.775900 0.246142 0.767448 0.270413 0.885982 2 0.263230 0.874074 2 0.246975 0.845792 2 0.230719 0.819637 2 0.223536 0.800499 2 0.226939 0.780723 2
0 0.447291 0.889486 0.400943 0.912352 0.268141 0.827181 0.314489 0.804315 0.412436 0.900916 2 0.400496 0.893919 2 0.375372 0.871252 2 0.345522 0.849424 2 0.321144 0.839769 2 0.297015 0.835292 2
0 0.692355 0.686962 0.738931 0.708585 0.597558 0.804937 0.550982 0.783314 0.582558 0.791364 2 0.600357 0.784226 2 0.635680 0.765756 2 0.673490 0.738331 2 0.686674 0.723360 2 0.695131 0.710347 2
0 0.494203 0.846928 0.539467 0.866689 0.404266 0.964679 0.359001 0.944919 0.384636 0.951581 2 0.401586 0.941593 2 0.435485 0.922752 2 0.475034 0.899257 2 0.486738 0.881891 2 0.488755 0.862936 2
0 0.702539 0.935329 0.620037 0.944254 0.564837 0.782802 0.647339 0.773877 0.657332 0.939358 2 0.652119 0.930216 2 0.632800 0.895890 2 0.605508 0.847247 2 0.611948 0.808091 2 0.624214 0.784632 2
