0 0.431379 0.108333 0.190790 0.112394 0.189335 0.085116 0.429923 0.081055 0.195018 0.101382 2 0.222237 0.097342 2 0.267601 0.095215 2 0.333002 0.093514 2 0.378744 0.093089 2 0.407941 0.090933 2
0 0.354990 0.134375 0.155216 0.190050 0.126293 0.157214 0.326068 0.101539 0.147922 0.169632 2 0.172494 0.160488 2 0.214834 0.151132 2 0.288173 0.140287 2 0.317660 0.128166 2 0.325977 0.109879 2
0 0.452216 0.132815 0.699183 0.155233 0.689490 0.189021 0.442522 0.166602 0.684614 0.178372 2 0.658856 0.170350 2 0.605182 0.161270 2 0.536173 0.152530 2 0.481893 0.150828 2 0.457881 0.153438 2
0 0.582749 0.176454 0.629527 0.196875 0.495538 0.293986 0.448760 0.273565 0.475499 0.274798 2 0.492743 0.263264 2 0.518841 0.242555 2 0.547735 0.221059 2 0.584465 0.196737 2 0.605930 0.187077 2
0 0.232902 0.430450 0.180022 0.436790 0.132519 0.311424 0.185398 0.305084 0.153658 0.311373 2 0.159328 0.325833 2 0.169157 0.350074 2 0.182010 0.382822 2 0.196376 0.409402 2 0.200912 0.427052 2
0 0.406706 0.513077 0.311465 0.518994 0.261600 0.265032 0.356842 0.259115 0.308366 0.270928 2 0.313537 0.300336 2 0.326750 0.354304 2 0.342837 0.425077 2 0.345709 0.462887 2 0.343986 0.491326 2
0 0.306596 0.884339 0.247756 0.897558 0.155181 0.767182 0.214020 0.753963 0.275603 0.884835 2 0.263538 0.872878 2 0.242855 0.845732 2 0.218151 0.813739 2 0.207236 0.791440 2 0.206086 0.772374 2
0 0.266759 0.789969 0.320730 0.792708 0.300636 0.917958 0.246665 0.915218 0.269479 0.911069 2 0.272239 0.898650 2 0.000000 0.000000 0 0.283585 0.851214 2 0.285118 0.823443 2 0.280825 0.801881 2
0 0.210648 0.916667 0.439249 0.916667 0.439249 0.947917 0.210648 0.947917 0.215455 0.927501 2 0.242674 0.929840 2 0.296733 0.931966 2 0.363267 0.936857 2 0.406363 0.934305 2 0.423753 0.924311 2
0 0.534085 0.837320 0.591325 0.846231 0.543016 0.944415 0.485777 0.935505 0.506165 0.934731 2 0.516372 0.923886 2 0.532627 0.905173 2 0.549261 0.880506 2 0.551151 0.863495 2 0.554175 0.850948 2
0 0.671296 0.677604 0.725360 0.677604 0.725360 0.800781 0.671296 0.800781 0.693739 0.793976 2 0.695232 0.782922 2 0.699958 0.759695 2 0.699958 0.730311 2 0.695481 0.704426 2 0.697222 0.687775 2
0 0.693890 0.846953 0.630692 0.854159 0.561242 0.661443 0.624440 0.654237 0.655458 0.843770 2 0.651471 0.824968 2 0.644112 0.795989 2 0.632152 0.738204 2 0.611606 0.704050 2 0.586461 0.678694 2
