0 0.192753 0.012809 0.259266 0.028188 0.158642 0.165885 0.092129 0.150506 0.122893 0.154030 2 0.131588 0.141059 2 0.159184 0.111288 2 0.193207 0.081093 2 0.201524 0.057914 2 0.197366 0.035374 2
0 0.143236 0.203126 0.195091 0.208133 0.156327 0.335156 0.104473 0.330149 0.133567 0.329881 2 0.133945 0.318399 2 0.143018 0.290755 2 0.153981 0.257157 2 0.146799 0.231852 2 0.163054 0.220157 2
0 0.257879 0.151204 0.307907 0.162443 0.221142 0.284635 0.171114 0.273396 0.197696 0.275050 2 0.204136 0.260388 2 0.221308 0.233651 2 0.243081 0.203983 2 0.261480 0.180179 2 0.276813 0.164482 2
0 0.698457 0.364583 0.638901 0.372781 0.583373 0.245146 0.642929 0.236948 0.667720 0.364158 2 0.663733 0.352429 2 0.652080 0.328280 2 0.633068 0.293954 2 0.622948 0.267045 2 0.624481 0.251521 2
0 0.552613 0.307472 0.138385 0.428776 0.084229 0.370262 0.498457 0.248958 0.127249 0.395502 2 0.169658 0.372695 2 0.236301 0.348578 2 0.333702 0.314237 2 0.431103 0.300343 2 0.487493 0.296673 2
0 0.272531 0.720573 0.213852 0.737339 0.096471 0.607357 0.155150 0.590590 0.129515 0.603706 2 0.139714 0.619237 2 0.163097 0.644423 2 0.194937 0.673527 2 0.213593 0.697314 2 0.228021 0.714105 2
0 0.460105 0.638507 0.529938 0.642448 0.504819 0.783274 0.434985 0.779333 0.471012 0.779160 2 0.474494 0.767126 2 0.478972 0.740121 2 0.482703 0.707100 2 0.484195 0.683033 2 0.485439 0.665403 2
0 0.370761 0.762453 0.421868 0.786666 0.263660 0.892321 0.212554 0.868107 0.390079 0.775443 2 0.371555 0.788839 2 0.340556 0.809041 2 0.304643 0.830093 2 0.268729 0.856461 2 0.250205 0.870070 2
0 0.510189 0.900350 0.450470 0.900686 0.448299 0.778556 0.508018 0.778221 0.475873 0.890199 2 0.476371 0.879705 2 0.477614 0.854099 2 0.478609 0.828634 2 0.469903 0.808485 2 0.463187 0.795752 2
0 0.719417 0.921972 0.642429 0.945630 0.473300 0.771487 0.550288 0.747829 0.666589 0.930277 2 0.646689 0.912786 2 0.616342 0.881584 2 0.561368 0.832611 2 0.528532 0.798190 2 0.529279 0.769086 2
0 0.147507 0.886135 0.363171 0.923661 0.345679 0.955469 0.130015 0.917943 0.144347 0.905262 2 0.164893 0.912161 2 0.215184 0.922511 2 0.268235 0.933206 2 0.302581 0.937173 2 0.345512 0.934758 2
0 0.378579 0.945981 0.154233 0.978204 0.140802 0.948616 0.365148 0.916393 0.149985 0.963835 2 0.172989 0.961792 2 0.217582 0.956685 2 0.275292 0.950329 2 0.309393 0.945902 2 0.335019 0.931374 2
