0 0.326852 0.079167 0.376852 0.079167 0.376852 0.175260 0.326852 0.175260 0.343789 0.081666 2 0.343363 0.093218 2 0.342806 0.113798 2 0.347466 0.136605 2 0.344670 0.160984 2 0.340476 0.172597 2
0 0.177236 0.106399 0.367171 0.167570 0.340946 0.193334 0.151011 0.132163 0.180190 0.125872 2 0.205614 0.131206 2 0.249199 0.143465 2 0.304285 0.158106 2 0.324867 0.173429 2 0.335965 0.184439 2
0 0.732887 0.138982 0.487566 0.141742 0.486557 0.113362 0.731878 0.110602 0.724139 0.125851 2 0.694701 0.122918 2 0.643489 0.121193 2 0.582159 0.121021 2 0.519908 0.126368 2 0.501509 0.134303 2
0 0.584722 0.060677 0.649537 0.060677 0.649537 0.169792 0.584722 0.169792 0.605725 0.065930 2 0.608372 0.073798 2 0.611774 0.092723 2 0.000000 0.000000 0 0.614798 0.141844 2 0.599677 0.153114 2
0 0.567156 0.518039 0.486111 0.579167 0.139836 0.433903 0.220882 0.372776 0.177172 0.413993 2 0.218877 0.428655 2 0.278368 0.450906 2 0.353499 0.484887 2 0.454694 0.519214 2 0.518172 0.516626 2
0 0.282103 0.565157 0.330453 0.580729 0.219366 0.689863 0.171016 0.674291 0.196300 0.679184 2 0.207216 0.668197 2 0.224451 0.648484 2 0.248006 0.619399 2 0.273860 0.600978 2 0.289946 0.589991 2
0 0.248233 0.785268 0.190292 0.794640 0.127209 0.671239 0.185149 0.661867 0.162244 0.672316 2 0.166024 0.688051 2 0.176988 0.712293 2 0.194755 0.740149 2 0.201182 0.766943 2 0.198158 0.778638 2
0 0.428219 0.576774 0.480453 0.596875 0.360396 0.695586 0.308162 0.675485 0.336519 0.680183 2 0.352018 0.670402 2 0.376590 0.650626 2 0.412882 0.629787 2 0.432918 0.609373 2 0.445393 0.593424 2
0 0.548336 0.584409 0.632768 0.594531 0.554067 0.802229 0.469635 0.792107 0.522134 0.787569 2 0.531207 0.764604 2 0.541414 0.732494 2 0.559182 0.682735 2 0.573169 0.637654 2 0.579596 0.614689 2
0 0.579147 0.619414 0.722119 0.697396 0.677117 0.723502 0.534144 0.645520 0.687867 0.706417 2 0.675284 0.696979 2 0.647788 0.678367 2 0.607709 0.649531 2 0.574621 0.644288 2 0.547591 0.640094 2
0 0.182548 0.872409 0.441414 0.882619 0.437397 0.914844 0.178531 0.904634 0.189624 0.890112 2 0.212460 0.892472 2 0.260461 0.893520 2 0.329900 0.899287 2 0.358328 0.900860 2 0.386290 0.897190 2
0 0.579255 0.787086 0.620268 0.803906 0.497104 0.898925 0.456091 0.882105 0.480123 0.879879 2 0.493616 0.872116 2 0.517535 0.855902 2 0.556480 0.832960 2 0.575492 0.818644 2 0.589905 0.803809 2
