0 0.259568 0.100327 0.225387 0.114346 0.095343 0.014019 0.129524 0.000000 0.000000 0.000000 0 0.117973 0.008798 2 0.144057 0.027085 2 0.181105 0.062172 2 0.206433 0.083011 2 0.240456 0.100661 2
0 0.110895 0.131814 0.327439 0.193688 0.304101 0.219531 0.087557 0.157658 0.106742 0.147647 2 0.130872 0.153464 2 0.175684 0.167037 2 0.234284 0.181579 2 0.275649 0.196445 2 0.299204 0.210018 2
0 0.389553 0.083124 0.424327 0.102865 0.261186 0.193791 0.226412 0.174050 0.247258 0.181285 2 0.265964 0.169556 2 0.299389 0.152479 2 0.347534 0.130228 2 0.376359 0.113496 2 0.393532 0.097799 2
0 0.446629 0.112270 0.669102 0.169662 0.640462 0.204788 0.417989 0.147396 0.647892 0.191351 2 0.621275 0.180857 2 0.572271 0.165605 2 0.511079 0.147555 2 0.461328 0.137481 2 0.427498 0.136082 2
0 0.475821 0.320802 0.524934 0.325260 0.494742 0.430497 0.445629 0.426039 0.472448 0.426169 2 0.475472 0.413198 2 0.483033 0.383215 2 0.491728 0.358122 2 0.504203 0.337071 2 0.509048 0.324888 2
0 0.465057 0.371208 0.350433 0.432489 0.070930 0.267072 0.185554 0.205791 0.143436 0.238567 2 0.185776 0.256004 2 0.259115 0.287050 2 0.346819 0.320648 2 0.388025 0.374022 2 0.376136 0.408683 2
0 0.149537 0.707225 0.193333 0.708705 0.178493 0.847656 0.134698 0.846176 0.170113 0.711817 2 0.169647 0.727283 2 0.165919 0.754808 2 0.157996 0.785217 2 0.151006 0.818509 2 0.150540 0.840529 2
0 0.656139 0.759766 0.509174 0.833747 0.466877 0.807161 0.613842 0.733180 0.488876 0.820300 2 0.504050 0.813163 2 0.530666 0.797772 2 0.571461 0.777623 2 0.602306 0.765310 2 0.618475 0.757195 2
0 0.168769 0.795469 0.328145 0.858126 0.293136 0.886302 0.133760 0.823644 0.300055 0.868609 2 0.280812 0.861735 2 0.239801 0.847317 2 0.191333 0.828442 2 0.169896 0.811665 2 0.168032 0.796199 2
0 0.362799 0.829064 0.433730 0.841406 0.374323 0.949432 0.303392 0.937090 0.339171 0.933801 2 0.345638 0.924286 2 0.366036 0.898120 2 0.389667 0.869296 2 0.383200 0.845370 2 0.369021 0.833476 2
0 0.672209 0.973051 0.574212 0.983082 0.511659 0.789718 0.609656 0.779688 0.630696 0.976316 2 0.622985 0.956447 2 0.608806 0.921187 2 0.582936 0.872354 2 0.571493 0.834015 2 0.575473 0.794697 2
0 0.488872 0.922867 0.316770 0.993450 0.286292 0.969936 0.458394 0.899353 0.312277 0.977594 2 0.325958 0.972137 2 0.352077 0.958285 2 0.392624 0.938276 2 0.423966 0.926242 2 0.453568 0.917567 2
