0 0.297222 0.102083 0.255056 0.129083 0.066167 0.035744 0.108333 0.008745 0.092748 0.023918 2 0.110894 0.030935 2 0.146051 0.048159 2 0.192927 0.072188 2 0.235506 0.089985 2 0.261372 0.104245 2
0 0.393094 0.075637 0.436008 0.100000 0.278966 0.187527 0.236051 0.163164 0.260158 0.170211 2 0.275071 0.159725 2 0.314684 0.140327 2 0.359889 0.119093 2 0.383191 0.103364 2 0.406958 0.091568 2
0 0.106805 0.121784 0.343192 0.189328 0.319444 0.215625 0.083057 0.148082 0.104503 0.136657 2 0.132931 0.144259 2 0.183262 0.159725 2 0.237322 0.174668 2 0.278333 0.185678 2 0.304431 0.193280 2
0 0.427547 0.113473 0.674586 0.170592 0.650176 0.203995 0.403138 0.146875 0.653118 0.186219 2 0.626554 0.179141 2 0.571562 0.162888 2 0.509113 0.146373 2 0.461578 0.137460 2 0.432218 0.134052 2
0 0.500184 0.250028 0.563889 0.257292 0.521532 0.374828 0.457827 0.367564 0.488953 0.368054 2 0.496135 0.354233 2 0.509745 0.322548 2 0.525244 0.297456 2 0.519574 0.271726 2 0.515157 0.257598 2
0 0.447222 0.384375 0.354716 0.423932 0.083995 0.223617 0.176502 0.184060 0.142880 0.201607 2 0.175502 0.223365 2 0.240747 0.271075 2 0.315778 0.321144 2 0.351663 0.360728 2 0.351663 0.399787 2
0 0.211576 0.905129 0.151160 0.913446 0.093081 0.779947 0.153497 0.771630 0.130597 0.780270 2 0.135257 0.794426 2 0.151569 0.825883 2 0.174870 0.864418 2 0.175802 0.884341 2 0.168346 0.900069 2
0 0.306206 0.883070 0.251078 0.897292 0.157847 0.782944 0.212976 0.768723 0.269905 0.881459 2 0.260584 0.872284 2 0.235418 0.841089 2 0.203262 0.808321 2 0.199534 0.796787 2 0.204660 0.783942 2
0 0.394889 0.915390 0.331014 0.916828 0.324387 0.823673 0.388261 0.822235 0.374819 0.910226 2 0.373421 0.901051 2 0.370624 0.877458 2 0.367828 0.848098 2 0.352915 0.836826 2 0.342662 0.828700 2
0 0.686410 0.719087 0.724930 0.750036 0.551176 0.818462 0.512657 0.787513 0.531601 0.799772 2 0.547240 0.794597 2 0.587718 0.782178 2 0.624517 0.762513 2 0.649969 0.753716 2 0.676035 0.749749 2
0 0.487568 0.880914 0.529101 0.912240 0.343207 0.990222 0.301675 0.958897 0.332756 0.966823 2 0.347184 0.960946 2 0.377780 0.948773 2 0.425789 0.929604 2 0.452405 0.916871 2 0.474793 0.908755 2
0 0.700091 0.991151 0.621231 0.999682 0.554606 0.804814 0.633465 0.796283 0.661776 0.991101 2 0.651963 0.973679 2 0.635797 0.940490 2 0.611009 0.896269 2 0.596136 0.855235 2 0.598260 0.824160 2
