0 0.200318 0.048757 0.410011 0.081402 0.395816 0.110252 0.186123 0.077608 0.199960 0.063006 2 0.222959 0.065766 2 0.261904 0.070423 2 0.318329 0.078185 2 0.366473 0.097332 2 0.384566 0.107854 2
0 0.386162 0.148015 0.143795 0.149379 0.143254 0.118912 0.385621 0.117548 0.149907 0.133886 2 0.183134 0.129927 2 0.238949 0.125415 2 0.294436 0.124034 2 0.335357 0.129190 2 0.365310 0.133518 2
0 0.462729 0.115653 0.719860 0.127249 0.714741 0.163166 0.457610 0.151571 0.708698 0.154950 2 0.672029 0.148570 2 0.616835 0.141553 2 0.547277 0.136449 2 0.506449 0.135599 2 0.476584 0.137725 2
0 0.718279 0.177667 0.497576 0.191379 0.492099 0.163484 0.712802 0.149773 0.507796 0.178255 2 0.531613 0.172088 2 0.564124 0.166984 2 0.621207 0.160392 2 0.676022 0.163157 2 0.694924 0.170174 2
0 0.448600 0.531372 0.346066 0.546099 0.234769 0.300920 0.337303 0.286193 0.289925 0.304861 2 0.301965 0.333147 2 0.318255 0.380555 2 0.345169 0.451469 2 0.372082 0.490909 2 0.399704 0.515609 2
0 0.232194 0.596094 0.160793 0.600937 0.131794 0.465655 0.203194 0.460812 0.167283 0.468515 2 0.168682 0.482409 2 0.176138 0.506002 2 0.184993 0.538770 2 0.189653 0.569441 2 0.200838 0.583859 2
0 0.199323 0.646615 0.263621 0.647338 0.258992 0.777514 0.194694 0.776791 0.215336 0.768186 2 0.216563 0.755249 2 0.221776 0.731790 2 0.230976 0.694531 2 0.227701 0.671752 2 0.236455 0.655613 2
0 0.286804 0.711493 0.350833 0.716937 0.317796 0.839896 0.253766 0.834453 0.281214 0.830788 2 0.284280 0.818886 2 0.289494 0.790080 2 0.295320 0.758168 2 0.306973 0.740574 2 0.323839 0.723842 2
0 0.662555 0.811072 0.563405 0.817231 0.525686 0.625129 0.624836 0.618969 0.619800 0.805547 2 0.614886 0.785558 2 0.595228 0.746644 2 0.571033 0.700712 2 0.565741 0.665626 2 0.581240 0.638620 2
0 0.745328 0.761546 0.671594 0.773473 0.610340 0.653650 0.684074 0.641724 0.699743 0.760635 2 0.694072 0.748514 2 0.681975 0.725974 2 0.669122 0.697905 2 0.661183 0.678341 2 0.652488 0.656864 2
0 0.487318 0.902441 0.269256 0.955753 0.244413 0.923600 0.462474 0.870289 0.266170 0.936326 2 0.292255 0.930372 2 0.345936 0.920591 2 0.406421 0.912085 2 0.443847 0.898263 2 0.454810 0.885504 2
0 0.515080 0.845819 0.584722 0.863785 0.513953 0.950583 0.444311 0.932617 0.473926 0.937032 2 0.484621 0.925228 2 0.501369 0.901393 2 0.517915 0.876876 2 0.555042 0.867228 2 0.579549 0.869944 2
