0 0.165278 0.083854 0.390638 0.083854 0.390638 0.119010 0.165278 0.119010 0.171264 0.099191 2 0.198875 0.096952 2 0.244148 0.094853 2 0.302853 0.094294 2 0.347877 0.102549 2 0.366215 0.110411 2
0 0.360082 0.142708 0.135169 0.193240 0.113950 0.163356 0.338863 0.112825 0.129874 0.176229 2 0.157370 0.167840 2 0.201177 0.154209 2 0.261295 0.143199 2 0.298112 0.135859 2 0.324210 0.129567 2
0 0.447677 0.135595 0.695268 0.160938 0.684663 0.193719 0.437072 0.168376 0.682632 0.182218 2 0.653193 0.174629 2 0.598915 0.165142 2 0.539424 0.157552 2 0.482386 0.154792 2 0.451108 0.155655 2
0 0.586190 0.168011 0.629058 0.190028 0.491162 0.274978 0.448294 0.252961 0.472414 0.259035 2 0.491521 0.247763 2 0.523211 0.225218 2 0.557698 0.201101 2 0.594514 0.188256 2 0.000000 0.000000 0
0 0.234811 0.497115 0.171200 0.503997 0.127490 0.376152 0.191101 0.369271 0.158721 0.381036 2 0.161481 0.395181 2 0.168841 0.422262 2 0.180494 0.452276 2 0.193373 0.476942 2 0.197053 0.490742 2
0 0.400501 0.528453 0.293326 0.533893 0.253834 0.287732 0.361008 0.282292 0.301609 0.290278 2 0.306902 0.317284 2 0.314841 0.360451 2 0.330718 0.420204 2 0.339791 0.481234 2 0.338279 0.509515 2
0 0.249691 0.873194 0.182748 0.875079 0.171040 0.743472 0.237983 0.741588 0.218370 0.869237 2 0.215497 0.855341 2 0.213199 0.829164 2 0.215497 0.794909 2 0.208603 0.763239 2 0.210327 0.747404 2
0 0.255400 0.777731 0.314571 0.780065 0.298392 0.909863 0.239221 0.907530 0.266412 0.901150 2 0.266270 0.890809 2 0.271862 0.863546 2 0.283047 0.822913 2 0.277455 0.805350 2 0.279210 0.789191 2
0 0.211591 0.922044 0.441499 0.928515 0.438769 0.959206 0.208861 0.952735 0.218515 0.937918 2 0.249514 0.938768 2 0.304329 0.939832 2 0.375778 0.939832 2 0.408667 0.941958 2 0.429081 0.947487 2
0 0.514719 0.851160 0.572235 0.860114 0.522802 0.960583 0.465287 0.951630 0.495133 0.949354 2 0.503342 0.938720 2 0.515033 0.917732 2 0.524237 0.888348 2 0.534067 0.872537 2 0.546265 0.859247 2
0 0.718416 0.793490 0.651017 0.799608 0.620993 0.694956 0.688391 0.688838 0.682099 0.794190 2 0.683989 0.784196 2 0.683233 0.758466 2 0.676051 0.724868 2 0.654503 0.707643 2 0.632577 0.698712 2
0 0.656156 0.829865 0.552531 0.838674 0.505778 0.664667 0.609403 0.655857 0.628967 0.833500 2 0.625236 0.814610 2 0.615286 0.779490 2 0.602848 0.723381 2 0.574739 0.690919 2 0.532452 0.670071 2
