0 0.395157 0.175781 0.348988 0.180239 0.317088 0.075707 0.363257 0.071249 0.345344 0.078642 2 0.349075 0.088297 2 0.356040 0.108305 2 0.365244 0.137129 2 0.365493 0.153920 2 0.361762 0.167633 2
0 0.159879 0.108874 0.385507 0.152346 0.369851 0.178057 0.144222 0.134585 0.155994 0.124505 2 0.183287 0.127954 2 0.231738 0.137787 2 0.287549 0.150379 2 0.323121 0.154691 2 0.352866 0.154518 2
0 0.735443 0.146164 0.472537 0.153564 0.469654 0.121156 0.732559 0.113755 0.722833 0.129194 2 0.693394 0.126779 2 0.622251 0.126262 2 0.549880 0.128332 2 0.520748 0.132644 2 0.499589 0.137474 2
0 0.661285 0.154316 0.608424 0.175098 0.528922 0.111114 0.581783 0.090332 0.557573 0.105078 2 0.572000 0.109695 2 0.597373 0.118650 2 0.000000 0.000000 0 0.634434 0.146534 2 0.612049 0.164265 2
0 0.559865 0.531151 0.470950 0.580629 0.154064 0.400446 0.242980 0.350968 0.207359 0.385445 2 0.242011 0.405454 2 0.299049 0.442023 2 0.379085 0.497048 2 0.446243 0.521887 2 0.511560 0.524302 2
0 0.280916 0.770052 0.226479 0.781230 0.149817 0.663095 0.204254 0.651918 0.182956 0.664119 2 0.185409 0.681368 2 0.196449 0.707932 2 0.218221 0.737256 2 0.238154 0.755023 2 0.251245 0.768929 2
0 0.280996 0.586795 0.327212 0.600000 0.235319 0.701758 0.189103 0.688553 0.213461 0.691098 2 0.223446 0.681062 2 0.243203 0.658677 2 0.264175 0.629055 2 0.278527 0.611196 2 0.289757 0.600406 2
0 0.421335 0.610148 0.466101 0.628125 0.340587 0.727020 0.295821 0.709043 0.316560 0.713228 2 0.331290 0.702445 2 0.357521 0.683604 2 0.393640 0.657952 2 0.417450 0.641041 2 0.427338 0.630712 2
0 0.551971 0.598074 0.642027 0.607292 0.578859 0.802554 0.488803 0.793336 0.535196 0.788494 2 0.543903 0.766526 2 0.556091 0.726789 2 0.570519 0.680754 2 0.581962 0.646053 2 0.589821 0.621613 2
0 0.594316 0.608536 0.717168 0.701196 0.671097 0.720523 0.548244 0.627863 0.685087 0.711298 2 0.677218 0.699040 2 0.660470 0.678383 2 0.630808 0.648872 2 0.601550 0.636160 2 0.577134 0.625377 2
0 0.397351 0.904809 0.163679 0.907439 0.162683 0.879447 0.396355 0.876818 0.173222 0.895497 2 0.197448 0.895497 2 0.248353 0.892564 2 0.319190 0.889287 2 0.348935 0.891357 2 0.375308 0.895669 2
0 0.586472 0.807827 0.619933 0.827207 0.482891 0.902074 0.449430 0.882694 0.469401 0.884637 2 0.486260 0.877547 2 0.513431 0.865854 2 0.546658 0.852136 2 0.571210 0.836116 2 0.582504 0.821200 2
