0 0.160848 0.107269 0.386823 0.142448 0.372420 0.171723 0.146445 0.136544 0.155871 0.120427 2 0.182736 0.123645 2 0.226949 0.128639 2 0.288422 0.136395 2 0.328638 0.146090 2 0.360236 0.155462 2
0 0.409165 0.124534 0.366263 0.140002 0.278344 0.062845 0.321245 0.047378 0.304396 0.060653 2 0.312369 0.068415 2 0.337208 0.085665 2 0.362047 0.103431 2 0.373700 0.124475 2 0.384950 0.130200 2
0 0.728841 0.143320 0.456768 0.149445 0.454725 0.120729 0.726798 0.114604 0.718062 0.132890 2 0.690465 0.128212 2 0.644345 0.127361 2 0.570628 0.127149 2 0.512411 0.130338 2 0.480656 0.136080 2
0 0.549786 0.102604 0.713908 0.172785 0.683585 0.195222 0.519463 0.125041 0.535117 0.118398 2 0.000000 0.000000 0 0.000000 0.000000 0 0.000000 0.000000 0 0.661381 0.162841 2 0.677258 0.181767 2
0 0.514257 0.535164 0.423774 0.569242 0.179865 0.364332 0.270349 0.330254 0.237092 0.355868 2 0.264310 0.380109 2 0.315247 0.429880 2 0.377238 0.486359 2 0.420365 0.513869 2 0.457777 0.531119 2
0 0.234841 0.729506 0.177564 0.734375 0.144352 0.610765 0.201629 0.605895 0.182435 0.612111 2 0.178988 0.628593 2 0.176690 0.653476 2 0.177264 0.688055 2 0.199670 0.708737 2 0.223225 0.724896 2
0 0.275198 0.599074 0.322845 0.611692 0.232572 0.719552 0.184925 0.706935 0.206266 0.708667 2 0.216963 0.699012 2 0.238604 0.677604 2 0.272932 0.647381 2 0.284872 0.629051 2 0.289349 0.613940 2
0 0.397658 0.636741 0.451742 0.657554 0.318024 0.767498 0.263940 0.746684 0.297070 0.749915 2 0.309642 0.739565 2 0.335401 0.716278 2 0.370360 0.685402 2 0.388452 0.671948 2 0.411145 0.657631 2
0 0.574197 0.590694 0.653736 0.599298 0.588584 0.789854 0.509046 0.781250 0.551339 0.779630 2 0.559278 0.757728 2 0.570997 0.717113 2 0.581204 0.663739 2 0.596703 0.631417 2 0.611447 0.607175 2
0 0.716205 0.728529 0.653238 0.737196 0.605060 0.626456 0.668027 0.617789 0.684361 0.726067 2 0.680580 0.713734 2 0.674532 0.685452 2 0.665081 0.653130 2 0.640887 0.639095 2 0.627277 0.628676 2
0 0.432925 0.904459 0.190527 0.927865 0.181207 0.897322 0.423605 0.873917 0.197794 0.912282 2 0.224166 0.909694 2 0.274151 0.903830 2 0.338241 0.896930 2 0.375653 0.892790 2 0.406819 0.888262 2
0 0.602981 0.813566 0.637844 0.836810 0.470237 0.916349 0.435375 0.893104 0.454552 0.902385 2 0.474203 0.895389 2 0.509277 0.879438 2 0.556540 0.856770 2 0.573206 0.847815 2 0.594848 0.839700 2
