0 0.413625 0.101565 0.177231 0.112226 0.173240 0.084225 0.409634 0.073564 0.183431 0.098941 2 0.211393 0.095271 2 0.251938 0.094747 2 0.327436 0.096320 2 0.370311 0.097106 2 0.397341 0.099203 2
0 0.370470 0.130383 0.145589 0.191487 0.122751 0.164893 0.347632 0.103789 0.140273 0.175265 2 0.164506 0.165827 2 0.207848 0.154817 2 0.283811 0.137516 2 0.307579 0.132273 2 0.330880 0.122574 2
0 0.445758 0.132061 0.693749 0.161793 0.683120 0.189844 0.435130 0.160112 0.681971 0.178862 2 0.654374 0.171207 2 0.602583 0.162276 2 0.521683 0.153557 2 0.484636 0.152919 2 0.450991 0.155471 2
0 0.593094 0.171039 0.629416 0.189323 0.484798 0.280222 0.448476 0.261938 0.473918 0.267842 2 0.490173 0.255721 2 0.520038 0.232542 2 0.558598 0.204048 2 0.584304 0.192140 2 0.609255 0.184059 2
0 0.247009 0.475260 0.195152 0.483965 0.122822 0.347625 0.174679 0.338920 0.149694 0.353252 2 0.156685 0.366359 2 0.170666 0.390476 2 0.186511 0.423506 2 0.199560 0.446051 2 0.219133 0.464663 2
0 0.395093 0.514454 0.305896 0.519488 0.262441 0.275867 0.351638 0.270833 0.305511 0.282920 2 0.313434 0.308348 2 0.324152 0.357107 2 0.336735 0.430507 2 0.341396 0.470653 2 0.345124 0.495257 2
0 0.722020 0.795628 0.657530 0.797807 0.645482 0.684992 0.709972 0.682813 0.684830 0.791887 2 0.687626 0.777469 2 0.689956 0.747584 2 0.689024 0.719273 2 0.670849 0.705904 2 0.649411 0.692010 2
0 0.681251 0.835974 0.603953 0.846615 0.526359 0.668258 0.603657 0.657617 0.640742 0.837812 2 0.636205 0.817824 2 0.627510 0.781249 2 0.616169 0.732128 2 0.592731 0.697679 2 0.560598 0.673863 2
0 0.269588 0.878890 0.208403 0.885153 0.165990 0.754046 0.227175 0.747784 0.249136 0.877584 2 0.239936 0.864820 2 0.227057 0.837739 2 0.205285 0.802550 2 0.198845 0.779608 2 0.208044 0.761324 2
0 0.256851 0.779619 0.307194 0.780469 0.300036 0.914632 0.249693 0.913782 0.270521 0.908562 2 0.270273 0.895829 2 0.274004 0.875401 2 0.279477 0.847556 2 0.280472 0.817473 2 0.285695 0.797184 2
0 0.526971 0.832928 0.581792 0.840149 0.534224 0.954425 0.479403 0.947204 0.503951 0.943074 2 0.510084 0.932207 2 0.519588 0.915744 2 0.533248 0.894728 2 0.542807 0.869988 2 0.549302 0.855038 2
0 0.214925 0.919512 0.447472 0.923437 0.445888 0.953122 0.213341 0.949196 0.218414 0.933336 2 0.243538 0.935015 2 0.288313 0.934736 2 0.357964 0.931237 2 0.400251 0.935155 2 0.426121 0.939913 2
