0 0.149717 0.072144 0.385025 0.089448 0.379212 0.114460 0.143904 0.097155 0.156372 0.084972 2 0.181211 0.084800 2 0.239169 0.086870 2 0.301726 0.092389 2 0.338525 0.097909 2 0.361524 0.101531 2
0 0.363089 0.132292 0.135154 0.184994 0.113828 0.155812 0.341763 0.103109 0.127042 0.169017 2 0.153108 0.159013 2 0.193893 0.149180 2 0.261050 0.135208 2 0.297235 0.127791 2 0.321767 0.120719 2
0 0.440010 0.132578 0.692360 0.155486 0.684286 0.183628 0.431936 0.160720 0.681937 0.172912 2 0.654870 0.167018 2 0.608595 0.161125 2 0.537873 0.151302 2 0.488979 0.149338 2 0.453182 0.149829 2
0 0.598189 0.167201 0.626740 0.185482 0.481944 0.257031 0.453394 0.238750 0.473176 0.241999 2 0.493284 0.231335 2 0.526032 0.212591 2 0.574291 0.188030 2 0.000000 0.000000 0 0.000000 0.000000 0
0 0.220555 0.511232 0.158587 0.516500 0.124995 0.391475 0.186963 0.386207 0.158726 0.395419 2 0.160590 0.411672 2 0.163386 0.432906 2 0.171309 0.468557 2 0.182028 0.492150 2 0.194611 0.509190 2
0 0.404064 0.523958 0.290167 0.530386 0.246879 0.287700 0.360775 0.281272 0.297370 0.291365 2 0.303744 0.320049 2 0.314368 0.363871 2 0.327824 0.426817 2 0.335615 0.481396 2 0.342698 0.511276 2
0 0.248180 0.853365 0.192916 0.858382 0.154819 0.725590 0.210082 0.720573 0.218424 0.847240 2 0.213828 0.833667 2 0.207509 0.805552 2 0.204636 0.770327 2 0.198316 0.744797 2 0.192571 0.728639 2
0 0.248266 0.769247 0.296656 0.769792 0.292254 0.893605 0.243863 0.893060 0.265755 0.886262 2 0.267153 0.875252 2 0.269949 0.849562 2 0.276008 0.817843 2 0.276008 0.796609 2 0.276940 0.779307 2
0 0.215376 0.917620 0.457870 0.923079 0.455784 0.952397 0.213290 0.946938 0.221396 0.933016 2 0.249748 0.934080 2 0.297381 0.934930 2 0.360891 0.937482 2 0.403609 0.937694 2 0.438010 0.933867 2
0 0.507292 0.851254 0.561761 0.858105 0.523637 0.954004 0.469167 0.947152 0.493393 0.945360 2 0.498300 0.936046 2 0.506886 0.912414 2 0.511793 0.883090 2 0.530192 0.867049 2 0.548898 0.857734 2
0 0.671987 0.819864 0.595144 0.832763 0.498850 0.651251 0.575693 0.638352 0.625770 0.822690 2 0.618209 0.806104 2 0.608380 0.770805 2 0.592881 0.723385 2 0.564150 0.687448 2 0.539200 0.664695 2
0 0.723201 0.788322 0.663520 0.796537 0.611627 0.677255 0.671307 0.669040 0.685837 0.787627 2 0.684905 0.776617 2 0.677915 0.747519 2 0.657409 0.712654 2 0.643428 0.697974 2 0.633642 0.684867 2
