0 0.289554 0.295558 0.213177 0.083353 0.199769 0.267285 2.000000 0.217861 0.273667 2.000000 0.256806 0.290744 2.000000 0.305564 0.306959 2.000000 0.346043 0.310408 2.000000 0.379161 0.316273 2.000000
0 0.242257 0.335257 0.206844 0.066679 0.155827 0.314979 2.000000 0.177215 0.319179 2.000000 0.231091 0.331551 2.000000 0.280326 0.340744 2.000000 0.315435 0.349597 2.000000 0.324717 0.363558 2.000000
0 0.398596 0.395866 0.224722 0.099674 0.488072 0.362496 2.000000 0.462313 0.373363 2.000000 0.419382 0.389232 2.000000 0.373690 0.404412 2.000000 0.336585 0.418211 2.000000 0.303233 0.429875 2.000000
0 0.464503 0.465676 0.405738 0.133345 0.280862 0.517927 2.000000 0.324847 0.500862 2.000000 0.396150 0.475434 2.000000 0.498211 0.450006 2.000000 0.571378 0.434540 2.000000 0.630565 0.425627 2.000000
0 0.153551 0.573643 0.102774 0.132471 0.126404 0.514567 2.000000 0.131319 0.530515 2.000000 0.141525 0.554332 2.000000 0.152867 0.582188 2.000000 0.166476 0.603665 2.000000 0.179707 0.624930 2.000000
0 0.232484 0.604948 0.211739 0.035422 0.132075 0.608343 2.000000 0.159671 0.607706 2.000000 0.209194 0.605154 2.000000 0.262119 0.605366 2.000000 0.302569 0.601114 2.000000 0.328275 0.592820 2.000000
0 0.554972 0.682316 0.209596 0.063493 0.645065 0.703992 2.000000 0.622180 0.697416 2.000000 0.589843 0.689720 2.000000 0.543824 0.683423 2.000000 0.504770 0.675448 2.000000 0.472930 0.659217 2.000000
0 0.394027 0.690441 0.349081 0.137652 0.247702 0.743740 2.000000 0.285420 0.732183 2.000000 0.340925 0.711484 2.000000 0.424335 0.682160 2.000000 0.491185 0.662496 2.000000 0.522464 0.648869 2.000000
0 0.285079 0.775919 0.247773 0.048683 0.172376 0.761125 2.000000 0.197002 0.766302 2.000000 0.252474 0.772458 2.000000 0.312920 0.779175 2.000000 0.352223 0.784492 2.000000 0.377844 0.790089 2.000000
0 0.316913 0.813980 0.204822 0.077842 0.229091 0.845498 2.000000 0.246006 0.837942 2.000000 0.277597 0.823250 2.000000 0.319388 0.811077 2.000000 0.356451 0.801842 2.000000 0.374815 0.796341 2.000000
0 0.609800 0.804167 0.053241 0.134896 0.599161 0.743383 2.000000 0.602643 0.759894 2.000000 0.603887 0.787319 2.000000 0.605131 0.815303 2.000000 0.609111 0.837064 2.000000 0.611598 0.855321 2.000000
0 0.572911 0.802815 0.173916 0.120931 0.630244 0.757443 2.000000 0.000000 0.000000 0.000000 0.000000 0.000000 0.000000 0.567117 0.805149 2.000000 0.541241 0.822688 2.000000 0.517008 0.844446 2.000000
