0 0.429586 0.140811 0.216333 0.038305 0.329525 0.132099 2.000000 0.350497 0.133409 2.000000 0.382653 0.134982 2.000000 0.428791 0.141274 2.000000 0.477258 0.146254 2.000000 0.493569 0.146517 2.000000
0 0.596688 0.089071 0.232857 0.066564 0.694134 0.100201 2.000000 0.666159 0.093822 2.000000 0.624575 0.085529 2.000000 0.565224 0.073408 2.000000 0.516457 0.075747 2.000000 0.491129 0.087443 2.000000
0 0.379512 0.252015 0.074357 0.133717 0.393728 0.310880 2.000000 0.387902 0.292251 2.000000 0.379315 0.266032 2.000000 0.366436 0.234294 2.000000 0.366436 0.214284 2.000000 0.367663 0.197553 2.000000
0 0.575801 0.350603 0.121126 0.127813 0.534335 0.294018 2.000000 0.542793 0.306331 2.000000 0.557220 0.328999 2.000000 0.578364 0.356843 2.000000 0.594533 0.379650 2.000000 0.607717 0.402038 2.000000
0 0.200005 0.403930 0.113804 0.147118 0.237166 0.470574 2.000000 0.223557 0.453137 2.000000 0.206923 0.426556 2.000000 0.182729 0.393171 2.000000 0.177814 0.359786 2.000000 0.195204 0.338096 2.000000
0 0.239335 0.440024 0.043672 0.120421 0.232380 0.496163 2.000000 0.235753 0.478741 2.000000 0.000000 0.000000 0.000000 0.248633 0.426820 2.000000 0.240047 0.402154 2.000000 0.219194 0.385595 2.000000
0 0.302336 0.483724 0.037500 0.127344 0.302424 0.544358 2.000000 0.000000 0.000000 0.000000 0.000000 0.000000 0.000000 0.298696 0.479347 2.000000 0.298230 0.451035 2.000000 0.306619 0.432161 2.000000
0 0.449086 0.531058 0.467568 0.088803 0.231185 0.512787 2.000000 0.291509 0.516342 2.000000 0.377686 0.521835 2.000000 0.493163 0.533792 2.000000 0.590831 0.547042 2.000000 0.656900 0.532823 2.000000
0 0.193043 0.751510 0.050132 0.134790 0.197002 0.814955 2.000000 0.197380 0.799857 2.000000 0.198137 0.774552 2.000000 0.201917 0.742018 2.000000 0.200405 0.717138 2.000000 0.187173 0.695661 2.000000
0 0.569985 0.677344 0.057173 0.127644 0.579638 0.736036 2.000000 0.575345 0.722065 2.000000 0.567679 0.696708 2.000000 0.554493 0.663934 2.000000 0.557866 0.643235 2.000000 0.566452 0.623916 2.000000
0 0.322099 0.842104 0.321229 0.158688 0.196648 0.906876 2.000000 0.223634 0.893594 2.000000 0.266565 0.868583 2.000000 0.329123 0.834429 2.000000 0.377574 0.811315 2.000000 0.423266 0.790788 2.000000
0 0.477313 0.865344 0.224971 0.093839 0.381592 0.896285 2.000000 0.401218 0.890075 2.000000 0.437710 0.879726 2.000000 0.493828 0.865581 2.000000 0.525413 0.850747 2.000000 0.542892 0.836430 2.000000
