0 0.445815 0.137916 0.213504 0.032296 0.348367 0.134192 2.000000 0.367647 0.133767 2.000000 0.408475 0.134830 2.000000 0.460266 0.139721 2.000000 0.500716 0.140359 2.000000 0.527934 0.137595 2.000000
0 0.613405 0.081282 0.231102 0.105788 0.698821 0.119734 2.000000 0.675054 0.106102 2.000000 0.643363 0.091160 2.000000 0.596760 0.073334 2.000000 0.552487 0.057606 2.000000 0.525923 0.045809 2.000000
0 0.386466 0.254701 0.075429 0.127923 0.405413 0.312928 2.000000 0.399443 0.296137 2.000000 0.390488 0.273890 2.000000 0.376060 0.246465 2.000000 0.368100 0.220859 2.000000 0.372080 0.201830 2.000000
0 0.527266 0.272633 0.137639 0.123385 0.483698 0.221066 2.000000 0.493511 0.230208 2.000000 0.517124 0.250907 2.000000 0.545029 0.277643 2.000000 0.557602 0.302482 2.000000 0.553615 0.322147 2.000000
0 0.190859 0.353040 0.133979 0.165723 0.236514 0.427176 2.000000 0.219881 0.408463 2.000000 0.197954 0.379118 2.000000 0.169224 0.341692 2.000000 0.162041 0.313410 2.000000 0.166577 0.290445 2.000000
0 0.236226 0.459334 0.112312 0.142596 0.206394 0.518824 2.000000 0.213385 0.501522 2.000000 0.226434 0.475832 2.000000 0.248337 0.442278 2.000000 0.257658 0.420520 2.000000 0.270707 0.404005 2.000000
0 0.308955 0.475214 0.061310 0.140532 0.315718 0.540639 2.000000 0.312922 0.523600 2.000000 0.309193 0.497647 2.000000 0.304533 0.468287 2.000000 0.301737 0.443908 2.000000 0.296610 0.421101 2.000000
0 0.510628 0.504529 0.431926 0.170859 0.320482 0.449223 2.000000 0.374076 0.469146 2.000000 0.442117 0.494312 2.000000 0.545576 0.535469 2.000000 0.634589 0.548576 2.000000 0.698435 0.531536 2.000000
0 0.576247 0.723481 0.102294 0.129833 0.598475 0.782433 2.000000 0.595678 0.770898 2.000000 0.590552 0.748354 2.000000 0.577503 0.716110 2.000000 0.564454 0.689110 2.000000 0.538822 0.674954 2.000000
0 0.192686 0.782421 0.058940 0.145573 0.184232 0.845542 2.000000 0.185367 0.830231 2.000000 0.189525 0.806628 2.000000 0.191415 0.770903 2.000000 0.190281 0.740070 2.000000 0.195573 0.723483 2.000000
0 0.285766 0.845218 0.309818 0.168640 0.158254 0.915541 2.000000 0.186160 0.901914 2.000000 0.233385 0.873970 2.000000 0.299009 0.835676 2.000000 0.342860 0.810837 2.000000 0.397445 0.794278 2.000000
0 0.441423 0.874618 0.242661 0.093657 0.339712 0.903836 2.000000 0.365583 0.896980 2.000000 0.402646 0.885367 2.000000 0.452397 0.869695 2.000000 0.487222 0.858641 2.000000 0.505381 0.849267 2.000000
