0 0.283049 0.080960 0.212143 0.103705 0.195517 0.043733 2.000000 0.215931 0.050963 2.000000 0.253735 0.067337 2.000000 0.305148 0.087113 2.000000 0.338037 0.102423 2.000000 0.352780 0.118797 2.000000
0 0.379087 0.223058 0.123948 0.127592 0.339864 0.280180 2.000000 0.351205 0.262955 2.000000 0.366705 0.238501 2.000000 0.386741 0.208731 2.000000 0.398838 0.192357 2.000000 0.418118 0.179386 2.000000
0 0.637299 0.141971 0.157024 0.125780 0.691439 0.091457 2.000000 0.675920 0.105281 2.000000 0.654632 0.127671 2.000000 0.629440 0.155736 2.000000 0.606947 0.175941 2.000000 0.572600 0.187402 2.000000
0 0.233291 0.282620 0.107207 0.138435 0.203246 0.341669 2.000000 0.211526 0.324937 2.000000 0.222259 0.303720 2.000000 0.238818 0.275604 2.000000 0.251391 0.248868 2.000000 0.256818 0.230302 2.000000
0 0.206130 0.405339 0.142083 0.143152 0.160616 0.466544 2.000000 0.170429 0.451364 2.000000 0.189748 0.428595 2.000000 0.217961 0.396167 2.000000 0.234827 0.372018 2.000000 0.247093 0.350284 2.000000
0 0.229122 0.443061 0.059961 0.132872 0.220934 0.500031 2.000000 0.220531 0.483800 2.000000 0.223154 0.459397 2.000000 0.230418 0.430114 2.000000 0.233646 0.403781 2.000000 0.241516 0.385961 2.000000
0 0.308522 0.454847 0.061053 0.126450 0.299038 0.515221 2.000000 0.301185 0.498662 2.000000 0.303331 0.475030 2.000000 0.307011 0.447259 2.000000 0.313144 0.422420 2.000000 0.314984 0.402928 2.000000
0 0.395302 0.481975 0.129384 0.124888 0.441597 0.533067 2.000000 0.430107 0.517878 2.000000 0.411148 0.493964 2.000000 0.388167 0.466495 2.000000 0.368634 0.446135 2.000000 0.346228 0.432239 2.000000
0 0.373078 0.589647 0.346151 0.222031 0.241708 0.678704 2.000000 0.281350 0.652528 2.000000 0.338801 0.618919 2.000000 0.429000 0.569152 2.000000 0.467493 0.531988 2.000000 0.466918 0.494501 2.000000
0 0.461470 0.673912 0.283350 0.152512 0.575639 0.716208 2.000000 0.552957 0.698984 2.000000 0.504946 0.664323 2.000000 0.449753 0.634340 2.000000 0.391914 0.633702 2.000000 0.354110 0.660283 2.000000
0 0.607223 0.697134 0.067441 0.117470 0.601432 0.752236 2.000000 0.607565 0.738091 2.000000 0.615538 0.713425 2.000000 0.626578 0.684791 2.000000 0.616765 0.660124 2.000000 0.592846 0.647187 2.000000
0 0.681996 0.631465 0.085248 0.139269 0.697751 0.567468 2.000000 0.694991 0.583510 2.000000 0.689778 0.606279 2.000000 0.682418 0.636983 2.000000 0.671072 0.670446 2.000000 0.657886 0.688386 2.000000
