0 0.167207 0.419401 0.031944 0.122136 0.165121 0.367463 2.000000 0.164126 0.378796 2.000000 0.168604 0.405662 2.000000 0.174574 0.433926 2.000000 0.170594 0.455054 2.000000 0.156166 0.471985 2.000000
0 0.401157 0.354594 0.226631 0.084526 0.307606 0.326341 2.000000 0.332305 0.331846 2.000000 0.371452 0.342331 2.000000 0.430172 0.357011 2.000000 0.462329 0.369332 2.000000 0.480970 0.381129 2.000000
0 0.166531 0.481715 0.202732 0.096360 0.236000 0.510156 2.000000 0.205902 0.505679 2.000000 0.165604 0.498263 2.000000 0.119585 0.485949 2.000000 0.103665 0.461743 2.000000 0.125804 0.444253 2.000000
0 0.146340 0.671857 0.065344 0.118324 0.138106 0.621646 2.000000 0.138603 0.635638 2.000000 0.142086 0.659425 2.000000 0.145817 0.688949 2.000000 0.152534 0.706999 2.000000 0.163688 0.722794 2.000000
0 0.233626 0.597425 0.152080 0.112087 0.172687 0.643873 2.000000 0.185360 0.633226 2.000000 0.210505 0.617874 2.000000 0.243317 0.596140 2.000000 0.262023 0.576994 2.000000 0.275516 0.558882 2.000000
0 0.345216 0.572786 0.083334 0.232553 0.347980 0.684315 2.000000 0.344746 0.652832 2.000000 0.346488 0.610016 2.000000 0.351445 0.539931 2.000000 0.349147 0.494041 2.000000 0.311849 0.464310 2.000000
0 0.312809 0.738932 0.338108 0.121164 0.165868 0.783828 2.000000 0.203617 0.771246 2.000000 0.264667 0.750536 2.000000 0.351816 0.720390 2.000000 0.408206 0.712001 2.000000 0.000000 0.000000 0.000000
0 0.472660 0.711307 0.244759 0.066153 0.560133 0.694437 2.000000 0.536365 0.698894 2.000000 0.489295 0.705710 2.000000 0.441760 0.715671 2.000000 0.396089 0.727467 2.000000 0.365331 0.727467 2.000000
0 0.229013 0.859375 0.232467 0.079204 0.118730 0.883723 2.000000 0.141729 0.878031 2.000000 0.180674 0.870441 2.000000 0.243231 0.856124 2.000000 0.277883 0.852502 2.000000 0.307016 0.849225 2.000000
0 0.261367 0.876820 0.227042 0.098656 0.165124 0.913575 2.000000 0.183457 0.905104 2.000000 0.225029 0.890569 2.000000 0.273174 0.874527 2.000000 0.314057 0.859356 2.000000 0.342072 0.846809 2.000000
0 0.549824 0.894150 0.215710 0.041658 0.643482 0.896872 2.000000 0.000000 0.000000 0.000000 0.000000 0.000000 0.000000 0.542628 0.888848 2.000000 0.494944 0.890463 2.000000 0.459324 0.900482 2.000000
0 0.575635 0.883374 0.218275 0.110372 0.663851 0.926012 2.000000 0.639147 0.915347 2.000000 0.601229 0.895957 2.000000 0.565035 0.875921 2.000000 0.517924 0.853299 2.000000 0.487700 0.845845 2.000000
