0 0.376980 0.255939 0.066677 0.126463 0.394525 0.313535 2.000000 0.389399 0.295185 2.000000 0.383340 0.270019 2.000000 0.370757 0.233843 2.000000 0.367495 0.217328 2.000000 0.361437 0.200813 2.000000
0 0.430290 0.141788 0.198258 0.034645 0.337669 0.136326 2.000000 0.359573 0.136063 2.000000 0.399185 0.137636 2.000000 0.453245 0.142355 2.000000 0.490994 0.144452 2.000000 0.516626 0.155724 2.000000
0 0.583989 0.082606 0.252897 0.077923 0.697913 0.109063 2.000000 0.668087 0.099101 2.000000 0.625212 0.087567 2.000000 0.573016 0.076033 2.000000 0.526879 0.071576 2.000000 0.494256 0.064236 2.000000
0 0.542917 0.308563 0.117447 0.129050 0.508788 0.256485 2.000000 0.518738 0.267959 2.000000 0.534907 0.289227 2.000000 0.553066 0.315952 2.000000 0.570727 0.341138 2.000000 0.578190 0.362547 2.000000
0 0.191237 0.377632 0.124562 0.156072 0.232370 0.446008 2.000000 0.218389 0.428444 2.000000 0.199748 0.403016 2.000000 0.175048 0.368675 2.000000 0.165727 0.338267 2.000000 0.177378 0.314674 2.000000
0 0.238006 0.457145 0.103196 0.118938 0.213344 0.505196 2.000000 0.221623 0.486394 2.000000 0.236036 0.462590 2.000000 0.258115 0.434301 2.000000 0.247076 0.416362 2.000000 0.000000 0.000000 0.000000
0 0.301552 0.480922 0.040130 0.134241 0.303577 0.543923 2.000000 0.303577 0.527272 2.000000 0.000000 0.000000 0.000000 0.303080 0.475081 2.000000 0.300343 0.448916 2.000000 0.296612 0.426948 2.000000
0 0.485148 0.531400 0.481135 0.127270 0.270980 0.493343 2.000000 0.329575 0.498872 2.000000 0.413121 0.509079 2.000000 0.529556 0.526091 2.000000 0.618017 0.549482 2.000000 0.681905 0.574574 2.000000
0 0.565508 0.697350 0.086577 0.131157 0.585535 0.757557 2.000000 0.582550 0.744264 2.000000 0.574341 0.724395 2.000000 0.563148 0.693193 2.000000 0.551323 0.664089 2.000000 0.536475 0.648355 2.000000
0 0.194588 0.772163 0.052698 0.140421 0.187492 0.834730 2.000000 0.188249 0.817506 2.000000 0.191651 0.790075 2.000000 0.196187 0.756052 2.000000 0.198077 0.734787 2.000000 0.193163 0.714586 2.000000
0 0.294963 0.848772 0.307861 0.160505 0.167764 0.912682 2.000000 0.195669 0.901125 2.000000 0.240441 0.876631 2.000000 0.304531 0.842650 2.000000 0.354516 0.817466 2.000000 0.393746 0.796700 2.000000
0 0.449826 0.872942 0.226780 0.091498 0.357883 0.901621 2.000000 0.377816 0.896792 2.000000 0.413694 0.882820 2.000000 0.467359 0.865225 2.000000 0.507837 0.853841 2.000000 0.530223 0.851598 2.000000
