0 0.080144 0.291770 0.081172 0.160023 0.072199 0.219500 2.000000 0.070687 0.235023 2.000000 0.073711 0.264155 2.000000 0.080516 0.298604 2.000000 0.086942 0.333265 2.000000 0.080894 0.354104 2.000000
0 0.140432 0.204319 0.083818 0.127455 0.116807 0.149114 2.000000 0.119075 0.159747 2.000000 0.129282 0.179948 2.000000 0.138733 0.208230 2.000000 0.149318 0.230983 2.000000 0.153855 0.252885 2.000000
0 0.317859 0.158119 0.208857 0.040122 0.404807 0.155187 2.000000 0.384772 0.156250 2.000000 0.338273 0.162629 2.000000 0.287238 0.166457 2.000000 0.246410 0.157313 2.000000 0.226374 0.145830 2.000000
0 0.540293 0.183047 0.173411 0.084118 0.482235 0.158653 2.000000 0.497261 0.161585 2.000000 0.534366 0.169865 2.000000 0.573311 0.185217 2.000000 0.590483 0.200396 2.000000 0.591403 0.212643 2.000000
0 0.523117 0.225718 0.242488 0.048425 0.414950 0.213412 2.000000 0.440173 0.215569 2.000000 0.484565 0.219768 2.000000 0.538037 0.225670 2.000000 0.583437 0.230891 2.000000 0.609871 0.235545 2.000000
0 0.255092 0.262500 0.210437 0.098430 0.176456 0.295579 2.000000 0.196098 0.284991 2.000000 0.234024 0.269362 2.000000 0.282530 0.251452 2.000000 0.317107 0.241238 2.000000 0.340738 0.235641 2.000000
0 0.585681 0.336080 0.100244 0.150756 0.605149 0.267212 2.000000 0.598722 0.283798 2.000000 0.589650 0.306764 2.000000 0.583601 0.338023 2.000000 0.572260 0.369069 2.000000 0.550334 0.387569 2.000000
0 0.266200 0.483673 0.348024 0.234091 0.140629 0.570089 2.000000 0.166713 0.550101 2.000000 0.227199 0.512250 2.000000 0.299782 0.457813 2.000000 0.343634 0.418686 2.000000 0.386730 0.392105 2.000000
0 0.301389 0.695442 0.079630 0.195573 0.308378 0.611888 2.000000 0.303252 0.636530 2.000000 0.299524 0.677686 2.000000 0.298591 0.732212 2.000000 0.313505 0.766553 2.000000 0.000000 0.000000 0.000000
0 0.405766 0.599357 0.182034 0.139875 0.463938 0.657759 2.000000 0.449950 0.645639 2.000000 0.424622 0.621822 2.000000 0.385306 0.589075 2.000000 0.361868 0.565046 2.000000 0.359978 0.549098 2.000000
0 0.539253 0.567417 0.197319 0.048992 0.631786 0.572063 2.000000 0.608347 0.572701 2.000000 0.564117 0.574615 2.000000 0.513082 0.573339 2.000000 0.469608 0.559517 2.000000 0.450328 0.546759 2.000000
0 0.122388 0.234635 0.048906 0.100077 0.000000 0.000000 0.000000 0.000000 0.000000 0.000000 0.000000 0.000000 0.000000 0.116960 0.232961 2.000000 0.119756 0.261272 2.000000 0.148184 0.279622 2.000000
