0 0.347004 0.131943 0.212059 0.044915 0.442769 0.142892 2.000000 0.417010 0.138752 2.000000 0.379598 0.131680 2.000000 0.329307 0.123228 2.000000 0.279629 0.123228 2.000000 0.249576 0.131852 2.000000
0 0.543342 0.167679 0.159729 0.105086 0.491833 0.127368 2.000000 0.506553 0.135302 2.000000 0.539671 0.151689 2.000000 0.571563 0.170318 2.000000 0.584136 0.193777 2.000000 0.572483 0.210509 2.000000
0 0.391335 0.321789 0.067672 0.134025 0.408480 0.261424 2.000000 0.404187 0.274188 2.000000 0.397440 0.299890 2.000000 0.390080 0.327488 2.000000 0.385787 0.348015 2.000000 0.385174 0.370439 2.000000
0 0.227051 0.491762 0.232929 0.075116 0.123627 0.464733 2.000000 0.152482 0.473128 2.000000 0.191785 0.482783 2.000000 0.240789 0.494676 2.000000 0.286808 0.506710 2.000000 0.323125 0.508389 2.000000
0 0.280351 0.405960 0.400803 0.179786 0.109172 0.336828 2.000000 0.151184 0.352524 2.000000 0.212821 0.374776 2.000000 0.287032 0.408585 2.000000 0.383321 0.448603 2.000000 0.422879 0.466370 2.000000
0 0.460504 0.527308 0.141846 0.134427 0.411036 0.469220 2.000000 0.423609 0.482847 2.000000 0.448141 0.506133 2.000000 0.471753 0.537527 2.000000 0.495132 0.562539 2.000000 0.513265 0.579609 2.000000
0 0.555475 0.473674 0.086280 0.129125 0.536406 0.416578 2.000000 0.538894 0.430571 2.000000 0.542874 0.456316 2.000000 0.552078 0.488079 2.000000 0.564266 0.513545 2.000000 0.582425 0.525858 2.000000
0 0.386826 0.498544 0.209837 0.057585 0.485490 0.520598 2.000000 0.000000 0.000000 0.000000 0.000000 0.000000 0.000000 0.392871 0.501034 2.000000 0.340798 0.486496 2.000000 0.307574 0.479853 2.000000
0 0.322847 0.606670 0.144763 0.136228 0.375416 0.666654 2.000000 0.362905 0.654622 2.000000 0.342674 0.634484 2.000000 0.313314 0.604862 2.000000 0.290013 0.572356 2.000000 0.280226 0.552958 2.000000
0 0.144582 0.752119 0.093885 0.137553 0.122741 0.693774 2.000000 0.124274 0.713093 2.000000 0.132247 0.736207 2.000000 0.142674 0.770016 2.000000 0.154326 0.791922 2.000000 0.174566 0.815899 2.000000
0 0.489261 0.708041 0.389796 0.141083 0.317483 0.747488 2.000000 0.357532 0.736994 2.000000 0.416984 0.719364 2.000000 0.489868 0.698096 2.000000 0.557777 0.684943 2.000000 0.608771 0.675988 2.000000
0 0.516804 0.808499 0.212749 0.112869 0.590672 0.767345 2.000000 0.566862 0.780171 2.000000 0.534779 0.795040 2.000000 0.498862 0.812292 2.000000 0.465568 0.836014 2.000000 0.442161 0.851790 2.000000
