0 0.359135 0.322968 0.204489 0.030012 0.264434 0.318778 2.000000 0.286024 0.318778 2.000000 0.331021 0.320027 2.000000 0.377431 0.321275 2.000000 0.415568 0.323886 2.000000 0.446916 0.328409 2.000000
0 0.175160 0.353463 0.196986 0.107197 0.107379 0.312152 2.000000 0.120697 0.320891 2.000000 0.151771 0.338144 2.000000 0.193338 0.355169 2.000000 0.219973 0.371740 2.000000 0.237730 0.391263 2.000000
0 0.313669 0.454565 0.235875 0.081463 0.418194 0.426437 2.000000 0.386061 0.433241 2.000000 0.342587 0.444512 2.000000 0.293442 0.456420 2.000000 0.248456 0.469604 2.000000 0.218213 0.479598 2.000000
0 0.147714 0.617028 0.087596 0.139491 0.126240 0.556445 2.000000 0.130020 0.571755 2.000000 0.142495 0.599186 2.000000 0.156482 0.631508 2.000000 0.161397 0.654049 2.000000 0.161397 0.675313 2.000000
0 0.194522 0.610377 0.176277 0.064392 0.125484 0.626830 2.000000 0.000000 0.000000 0.000000 0.193152 0.624278 2.000000 0.247967 0.617261 2.000000 0.268381 0.600037 2.000000 0.270271 0.576221 2.000000
0 0.394059 0.522005 0.264225 0.215090 0.283311 0.614260 2.000000 0.312123 0.588721 2.000000 0.358398 0.545011 2.000000 0.417770 0.499336 2.000000 0.452694 0.462993 2.000000 0.477141 0.429597 2.000000
0 0.552574 0.680160 0.178653 0.040200 0.631062 0.691031 2.000000 0.614284 0.687886 2.000000 0.578866 0.683429 2.000000 0.532729 0.676351 2.000000 0.509427 0.673206 2.000000 0.480067 0.669798 2.000000
0 0.393827 0.701693 0.339411 0.124219 0.245186 0.746906 2.000000 0.282989 0.736487 2.000000 0.342341 0.716285 2.000000 0.413412 0.692044 2.000000 0.468605 0.679923 2.000000 0.000000 0.000000 0.000000
0 0.342438 0.828125 0.218181 0.075000 0.242970 0.848692 2.000000 0.264114 0.841276 2.000000 0.307148 0.827283 2.000000 0.356401 0.815810 2.000000 0.395455 0.814411 2.000000 0.427792 0.821966 2.000000
0 0.243323 0.854008 0.234092 0.080527 0.143525 0.880211 2.000000 0.163300 0.874309 2.000000 0.203051 0.862505 2.000000 0.000000 0.000000 0.000000 0.000000 0.000000 0.000000 0.000000 0.000000 0.000000
0 0.556689 0.857407 0.244075 0.083710 0.658545 0.886952 2.000000 0.627573 0.878672 2.000000 0.586482 0.865218 2.000000 0.538643 0.849866 2.000000 0.494179 0.837619 2.000000 0.461060 0.833652 2.000000
0 0.516042 0.869947 0.225097 0.068982 0.615416 0.889393 2.000000 0.590747 0.883617 2.000000 0.554706 0.873831 2.000000 0.511468 0.861584 2.000000 0.462403 0.849854 2.000000 0.430205 0.850027 2.000000
