0 0.426130 0.112523 0.228058 0.079213 0.324739 0.134880 2.000000 0.351725 0.125566 2.000000 0.390056 0.114871 2.000000 0.446787 0.101762 2.000000 0.488186 0.094345 2.000000 0.516091 0.089342 2.000000
0 0.502629 0.197786 0.049988 0.136719 0.511467 0.134571 2.000000 0.509627 0.147853 2.000000 0.508401 0.170105 2.000000 0.508094 0.201153 2.000000 0.509934 0.235652 2.000000 0.506254 0.256868 2.000000
0 0.298239 0.298201 0.432788 0.148718 0.116089 0.257755 2.000000 0.166745 0.259882 2.000000 0.263145 0.271790 2.000000 0.393189 0.289227 2.000000 0.445358 0.318997 2.000000 0.454053 0.356210 2.000000
0 0.662776 0.387248 0.076112 0.140121 0.674699 0.451140 2.000000 0.671939 0.434408 2.000000 0.663353 0.406464 2.000000 0.653846 0.377313 2.000000 0.652313 0.351094 2.000000 0.645873 0.329878 2.000000
0 0.584076 0.409551 0.199017 0.098724 0.000000 0.000000 0.000000 0.646823 0.438153 2.000000 0.613556 0.423056 2.000000 0.570081 0.402854 2.000000 0.539460 0.385417 2.000000 0.517912 0.373509 2.000000
0 0.268684 0.421033 0.206196 0.135464 0.338576 0.475825 2.000000 0.317406 0.457750 2.000000 0.292078 0.437549 2.000000 0.253896 0.412457 2.000000 0.205599 0.388676 2.000000 0.195935 0.370339 2.000000
0 0.218602 0.606510 0.059556 0.137279 0.219220 0.671981 2.000000 0.218971 0.657709 2.000000 0.220464 0.634342 2.000000 0.218474 0.602439 2.000000 0.216484 0.567879 2.000000 0.214935 0.554969 2.000000
0 0.458885 0.679684 0.316232 0.199246 0.346491 0.752786 2.000000 0.370307 0.738539 2.000000 0.411891 0.707493 2.000000 0.461792 0.666452 2.000000 0.501108 0.641147 2.000000 0.547228 0.623138 2.000000
0 0.133446 0.888575 0.067959 0.151867 0.137129 0.957410 2.000000 0.132970 0.943800 2.000000 0.130702 0.915519 2.000000 0.131836 0.876392 2.000000 0.130324 0.849811 2.000000 0.126165 0.830886 2.000000
0 0.261832 0.889731 0.242840 0.067482 0.154896 0.906162 2.000000 0.182493 0.903398 2.000000 0.225589 0.898082 2.000000 0.278514 0.889151 2.000000 0.314049 0.876392 2.000000 0.333053 0.867575 2.000000
0 0.417970 0.832065 0.110072 0.126354 0.000000 0.000000 0.000000 0.000000 0.000000 0.000000 0.409990 0.864700 2.000000 0.422055 0.832060 2.000000 0.425502 0.801683 2.000000 0.410564 0.778415 2.000000
0 0.444334 0.904675 0.243532 0.065650 0.332430 0.891845 2.000000 0.357709 0.896370 2.000000 0.400797 0.901540 2.000000 0.454227 0.912205 2.000000 0.498599 0.913971 2.000000 0.524893 0.913821 2.000000
