0 0.474573 0.130847 0.234649 0.062736 0.377791 0.147426 2.000000 0.394637 0.141794 2.000000 0.428218 0.134798 2.000000 0.482695 0.127382 2.000000 0.532196 0.120946 2.000000 0.564534 0.119127 2.000000
0 0.497156 0.208433 0.133968 0.121209 0.460318 0.158081 2.000000 0.466170 0.167956 2.000000 0.479285 0.193040 2.000000 0.493410 0.224253 2.000000 0.515808 0.241392 2.000000 0.540627 0.246613 2.000000
0 0.689401 0.185677 0.060704 0.139584 0.691041 0.249866 2.000000 0.689151 0.233917 2.000000 0.686505 0.206699 2.000000 0.680078 0.165658 2.000000 0.683859 0.143118 2.000000 0.694444 0.123767 2.000000
0 0.190702 0.341618 0.160833 0.155439 0.242319 0.411220 2.000000 0.229439 0.391900 2.000000 0.212266 0.365164 2.000000 0.190187 0.331183 2.000000 0.166268 0.301514 2.000000 0.134683 0.280297 2.000000
0 0.453781 0.315885 0.192624 0.115857 0.519209 0.359930 2.000000 0.502548 0.347973 2.000000 0.472674 0.332137 2.000000 0.427287 0.310162 2.000000 0.407753 0.294327 2.000000 0.395689 0.272029 2.000000
0 0.211831 0.509606 0.103110 0.137443 0.233127 0.571939 2.000000 0.226687 0.556760 2.000000 0.220554 0.535198 2.000000 0.212274 0.507082 2.000000 0.196328 0.478448 2.000000 0.193569 0.460854 2.000000
0 0.328220 0.500829 0.109918 0.133112 0.356767 0.558215 2.000000 0.349584 0.540565 2.000000 0.343914 0.518025 2.000000 0.332572 0.492933 2.000000 0.312537 0.468266 2.000000 0.305732 0.448490 2.000000
0 0.503519 0.437798 0.353796 0.252153 0.366652 0.336959 2.000000 0.402837 0.363005 2.000000 0.451595 0.403368 2.000000 0.512491 0.458300 2.000000 0.573400 0.513676 2.000000 0.639267 0.534393 2.000000
0 0.157919 0.841666 0.066259 0.159375 0.158639 0.915142 2.000000 0.159105 0.897578 2.000000 0.159105 0.866645 2.000000 0.162367 0.828110 2.000000 0.168425 0.800847 2.000000 0.159105 0.782235 2.000000
0 0.330697 0.804656 0.307859 0.156401 0.206174 0.862975 2.000000 0.235534 0.850392 2.000000 0.284468 0.828110 2.000000 0.346916 0.800323 2.000000 0.400976 0.771487 2.000000 0.413841 0.742775 2.000000
0 0.339195 0.901803 0.217512 0.083164 0.248103 0.918963 2.000000 0.275089 0.913960 2.000000 0.312500 0.904473 2.000000 0.360338 0.893951 2.000000 0.399897 0.887741 2.000000 0.417683 0.880497 2.000000
0 0.601475 0.850664 0.156814 0.113347 0.558770 0.897451 2.000000 0.571036 0.887446 2.000000 0.597408 0.864505 2.000000 0.628687 0.838976 2.000000 0.629913 0.816207 2.000000 0.605994 0.798440 2.000000
