0 0.210031 0.136198 0.047222 0.130208 0.202909 0.078696 2.000000 0.199180 0.093638 2.000000 0.201045 0.114871 2.000000 0.200112 0.135057 2.000000 0.199180 0.166514 2.000000 0.220152 0.185126 2.000000
0 0.519065 0.204037 0.120330 0.119739 0.562822 0.151233 2.000000 0.551475 0.160893 2.000000 0.533689 0.185042 2.000000 0.507931 0.208674 2.000000 0.496891 0.222473 2.000000 0.495051 0.238687 2.000000
0 0.350543 0.335125 0.210746 0.046417 0.257431 0.324055 2.000000 0.278403 0.326414 2.000000 0.322676 0.334541 2.000000 0.368347 0.343454 2.000000 0.410756 0.343454 2.000000 0.435922 0.336900 2.000000
0 0.174941 0.544160 0.116910 0.131171 0.146544 0.484000 2.000000 0.150324 0.499098 2.000000 0.159397 0.526104 2.000000 0.165824 0.552897 2.000000 0.176031 0.575225 2.000000 0.197201 0.585644 2.000000
0 0.355093 0.578711 0.218424 0.064984 0.261089 0.562678 2.000000 0.286795 0.571610 2.000000 0.329891 0.583305 2.000000 0.381304 0.593299 2.000000 0.417974 0.589897 2.000000 0.442546 0.578414 2.000000
0 0.336178 0.409446 0.416224 0.187984 0.161609 0.341924 2.000000 0.208108 0.359786 2.000000 0.284093 0.384878 2.000000 0.355920 0.415924 2.000000 0.445136 0.456114 2.000000 0.486342 0.479080 2.000000
0 0.209808 0.831133 0.082769 0.115339 0.194721 0.879876 2.000000 0.199321 0.866594 2.000000 0.207294 0.840203 2.000000 0.215267 0.812776 2.000000 0.222014 0.798287 2.000000 0.229067 0.783970 2.000000
0 0.581448 0.805608 0.065185 0.148680 0.000000 0.000000 0.000000 0.582624 0.750172 2.000000 0.580477 0.774148 2.000000 0.578330 0.805197 2.000000 0.576797 0.824689 2.000000 0.574957 0.846940 2.000000
0 0.587808 0.736849 0.192643 0.055440 0.668259 0.755185 2.000000 0.646369 0.749309 2.000000 0.611544 0.741473 2.000000 0.573237 0.733078 2.000000 0.530451 0.725802 2.000000 0.508313 0.715727 2.000000
0 0.549102 0.818388 0.181219 0.135220 0.609481 0.767699 2.000000 0.000000 0.000000 0.000000 0.000000 0.000000 0.000000 0.521398 0.819371 2.000000 0.502496 0.839998 2.000000 0.499850 0.861050 2.000000
0 0.438831 0.675760 0.190008 0.126983 0.502874 0.727934 2.000000 0.486241 0.716238 2.000000 0.458644 0.698589 2.000000 0.422731 0.675198 2.000000 0.389086 0.649893 2.000000 0.369050 0.631606 2.000000
0 0.546774 0.666740 0.337419 0.127946 0.400049 0.712836 2.000000 0.435206 0.699865 2.000000 0.491533 0.683066 2.000000 0.568653 0.659888 2.000000 0.614017 0.644152 2.000000 0.660137 0.626290 2.000000
