0 0.197788 0.101166 0.166663 0.132863 0.154766 0.156486 2.000000 0.160436 0.138837 2.000000 0.171777 0.111193 2.000000 0.194837 0.076744 2.000000 0.234531 0.059733 2.000000 0.270067 0.057181 2.000000
0 0.183412 0.158766 0.169763 0.143406 0.131900 0.217428 2.000000 0.142863 0.201905 2.000000 0.171215 0.174261 2.000000 0.207507 0.143853 2.000000 0.229433 0.112382 2.000000 0.235103 0.094732 2.000000
0 0.272042 0.103810 0.141981 0.083662 0.000000 0.000000 0.000000 0.000000 0.000000 0.000000 0.000000 0.000000 0.000000 0.000000 0.000000 0.000000 0.274797 0.096859 2.000000 0.312979 0.083037 2.000000
0 0.323257 0.108278 0.179127 0.068719 0.000000 0.000000 0.000000 0.000000 0.000000 0.000000 0.000000 0.000000 0.000000 0.302008 0.103824 2.000000 0.366758 0.094640 2.000000 0.391988 0.101749 2.000000
0 0.252557 0.198281 0.094602 0.139354 0.229195 0.259933 2.000000 0.231931 0.245102 2.000000 0.240886 0.216278 2.000000 0.250090 0.179198 2.000000 0.262776 0.157650 2.000000 0.280438 0.142259 2.000000
0 0.380804 0.234974 0.208342 0.106985 0.303442 0.271514 2.000000 0.320606 0.260320 2.000000 0.355929 0.243529 2.000000 0.396226 0.224780 2.000000 0.427071 0.211067 2.000000 0.447220 0.202812 2.000000
0 0.542548 0.273392 0.109793 0.122486 0.568046 0.222159 2.000000 0.561330 0.231954 2.000000 0.551131 0.252662 2.000000 0.538445 0.277848 2.000000 0.524017 0.306112 2.000000 0.516804 0.324302 2.000000
0 0.302195 0.383112 0.166699 0.137942 0.348167 0.438898 2.000000 0.333754 0.424581 2.000000 0.312288 0.403192 2.000000 0.286223 0.377490 2.000000 0.267517 0.352996 2.000000 0.255864 0.328847 2.000000
0 0.545725 0.552115 0.197789 0.193851 0.605619 0.467586 2.000000 0.590694 0.487175 2.000000 0.567560 0.519917 2.000000 0.532735 0.563992 2.000000 0.508109 0.598833 2.000000 0.492935 0.632274 2.000000
0 0.662521 0.574869 0.083775 0.129647 0.674602 0.630561 2.000000 0.670163 0.615692 2.000000 0.666329 0.591289 2.000000 0.658056 0.559622 2.000000 0.653415 0.534084 2.000000 0.653415 0.515810 2.000000
0 0.341228 0.700286 0.142125 0.263193 0.317515 0.821496 2.000000 0.321194 0.793379 2.000000 0.327634 0.738009 2.000000 0.335914 0.674187 2.000000 0.346033 0.615884 2.000000 0.351247 0.578625 2.000000
0 0.622243 0.827474 0.231673 0.050090 0.718686 0.832947 2.000000 0.695031 0.831557 2.000000 0.651851 0.828284 2.000000 0.599052 0.823354 2.000000 0.543718 0.823995 2.000000 0.515962 0.823855 2.000000
