0 0.111050 0.069749 0.134357 0.134810 0.072497 0.014189 2.000000 0.083838 0.023758 2.000000 0.115593 0.054379 2.000000 0.140165 0.085425 2.000000 0.141299 0.110730 2.000000 0.122020 0.125402 2.000000
0 0.187553 0.154596 0.063876 0.120886 0.195737 0.103500 2.000000 0.193468 0.117109 2.000000 0.191578 0.149219 2.000000 0.000000 0.000000 0.000000 0.185152 0.193236 2.000000 0.179103 0.209822 2.000000
0 0.196886 0.181258 0.197360 0.113221 0.118239 0.137736 2.000000 0.138275 0.146454 2.000000 0.174945 0.163040 2.000000 0.219931 0.183667 2.000000 0.257356 0.208972 2.000000 0.264917 0.229386 2.000000
0 0.334097 0.151478 0.111155 0.113992 0.362072 0.104350 2.000000 0.356402 0.114770 2.000000 0.350731 0.142839 2.000000 0.342793 0.166443 2.000000 0.316708 0.184730 2.000000 0.294026 0.190259 2.000000
0 0.513904 0.145072 0.230068 0.096441 0.428229 0.116471 2.000000 0.452423 0.125615 2.000000 0.489848 0.142627 2.000000 0.536725 0.162190 2.000000 0.574907 0.170908 2.000000 0.603637 0.170058 2.000000
0 0.505316 0.201484 0.247755 0.051925 0.398742 0.210673 2.000000 0.423692 0.206633 2.000000 0.481910 0.203230 2.000000 0.540505 0.201954 2.000000 0.573772 0.194299 2.000000 0.591162 0.185368 2.000000
0 0.236561 0.278638 0.165843 0.125166 0.178347 0.329754 2.000000 0.190444 0.316358 2.000000 0.215772 0.284461 2.000000 0.249418 0.257242 2.000000 0.268319 0.245334 2.000000 0.288733 0.229386 2.000000
0 0.563049 0.289621 0.070520 0.117933 0.550334 0.238104 2.000000 0.553736 0.253840 2.000000 0.560541 0.283610 2.000000 0.568480 0.312105 2.000000 0.568102 0.339749 2.000000 0.563565 0.356548 2.000000
0 0.581608 0.408203 0.056095 0.192448 0.579065 0.319335 2.000000 0.582845 0.341024 2.000000 0.588894 0.381640 2.000000 0.590028 0.418640 2.000000 0.590028 0.451387 2.000000 0.574906 0.482859 2.000000
0 0.192025 0.617058 0.122136 0.257731 0.198721 0.741255 2.000000 0.193051 0.710846 2.000000 0.191538 0.654921 2.000000 0.192294 0.589213 2.000000 0.185868 0.545834 2.000000 0.161296 0.512661 2.000000
0 0.506740 0.680125 0.135213 0.151777 0.538775 0.745727 2.000000 0.532335 0.731066 2.000000 0.521296 0.707434 2.000000 0.508416 0.676040 2.000000 0.490017 0.646889 2.000000 0.466405 0.629467 2.000000
0 0.569379 0.525261 0.211589 0.072229 0.657144 0.551155 2.000000 0.635371 0.544773 2.000000 0.597039 0.533561 2.000000 0.558401 0.520279 2.000000 0.516389 0.511482 2.000000 0.488790 0.507170 2.000000
