0 0.459175 0.132417 0.240290 0.065354 0.358300 0.151281 2.000000 0.382526 0.144209 2.000000 0.426684 0.136102 2.000000 0.485255 0.127132 2.000000 0.525427 0.120577 2.000000 0.547813 0.118335 2.000000
0 0.492246 0.207936 0.105190 0.115534 0.466045 0.158978 2.000000 0.473098 0.168982 2.000000 0.483831 0.190199 2.000000 0.497324 0.220385 2.000000 0.512350 0.244879 2.000000 0.524003 0.257126 2.000000
0 0.678825 0.251042 0.083350 0.148083 0.676103 0.318361 2.000000 0.681010 0.297662 2.000000 0.688369 0.268683 2.000000 0.692049 0.225043 2.000000 0.678557 0.207276 2.000000 0.652184 0.194856 2.000000
0 0.183953 0.346857 0.161539 0.143194 0.234453 0.406378 2.000000 0.216744 0.388290 2.000000 0.196705 0.364697 2.000000 0.171073 0.330880 2.000000 0.147771 0.298637 2.000000 0.128198 0.276092 2.000000
0 0.494157 0.349433 0.190204 0.132626 0.560677 0.394581 2.000000 0.547162 0.384882 2.000000 0.520598 0.364697 2.000000 0.485646 0.340318 2.000000 0.454421 0.322492 2.000000 0.433450 0.307812 2.000000
0 0.211676 0.540353 0.083973 0.135914 0.228812 0.603023 2.000000 0.223219 0.589392 2.000000 0.218093 0.564750 2.000000 0.210636 0.534866 2.000000 0.205510 0.502884 2.000000 0.203646 0.479291 2.000000
0 0.386324 0.597268 0.141448 0.149744 0.416555 0.661090 2.000000 0.408582 0.642634 2.000000 0.395090 0.617622 2.000000 0.372090 0.587608 2.000000 0.357371 0.566219 2.000000 0.362584 0.543105 2.000000
0 0.432105 0.398458 0.366214 0.260678 0.295593 0.292697 2.000000 0.334086 0.314672 2.000000 0.395559 0.357653 2.000000 0.461628 0.411945 2.000000 0.519079 0.457511 2.000000 0.553703 0.492438 2.000000
0 0.146880 0.866016 0.062589 0.166406 0.143014 0.942354 2.000000 0.143014 0.926625 2.000000 0.143480 0.895693 2.000000 0.147674 0.858730 2.000000 0.150004 0.825438 2.000000 0.152334 0.802107 2.000000
0 0.314269 0.904680 0.248410 0.068388 0.210589 0.922955 2.000000 0.230162 0.920072 2.000000 0.264649 0.913518 2.000000 0.312184 0.904081 2.000000 0.364846 0.896741 2.000000 0.396536 0.891498 2.000000
0 0.360401 0.771986 0.317955 0.177810 0.239949 0.840118 2.000000 0.269309 0.824652 2.000000 0.317310 0.799486 2.000000 0.386283 0.765145 2.000000 0.426362 0.733950 2.000000 0.443139 0.706163 2.000000
0 0.585873 0.876802 0.212866 0.116607 0.508839 0.916233 2.000000 0.526932 0.909161 2.000000 0.555757 0.894499 2.000000 0.602062 0.877077 2.000000 0.633933 0.855154 2.000000 0.643154 0.834472 2.000000
