0 0.374678 0.157599 0.217610 0.073166 0.474365 0.182268 2.000000 0.451064 0.176501 2.000000 0.403062 0.164443 2.000000 0.337818 0.151073 2.000000 0.304729 0.141112 2.000000 0.280962 0.132723 2.000000
0 0.406617 0.286481 0.180775 0.106726 0.339865 0.247914 2.000000 0.361025 0.255504 2.000000 0.399050 0.271028 2.000000 0.437381 0.288623 2.000000 0.454861 0.307942 2.000000 0.450568 0.326054 2.000000
0 0.586182 0.203098 0.180712 0.102257 0.520178 0.163910 2.000000 0.537044 0.172880 2.000000 0.564030 0.188059 2.000000 0.606041 0.209793 2.000000 0.627200 0.225663 2.000000 0.640693 0.244637 2.000000
0 0.291707 0.380579 0.423177 0.091173 0.088233 0.364940 2.000000 0.141662 0.363001 2.000000 0.224967 0.363001 2.000000 0.354807 0.368172 2.000000 0.434090 0.385946 2.000000 0.478903 0.411799 2.000000
0 0.153049 0.444601 0.137432 0.138694 0.104319 0.380452 2.000000 0.114660 0.395318 2.000000 0.136492 0.417939 2.000000 0.156600 0.444116 2.000000 0.172112 0.464475 2.000000 0.183602 0.485804 2.000000
0 0.294841 0.422975 0.237955 0.114466 0.197965 0.376897 2.000000 0.222094 0.389501 2.000000 0.265758 0.409214 2.000000 0.321486 0.429250 2.000000 0.351935 0.443146 2.000000 0.377213 0.460274 2.000000
0 0.576517 0.416929 0.179244 0.130396 0.638043 0.363001 2.000000 0.624829 0.375282 2.000000 0.600125 0.396610 2.000000 0.562782 0.426665 2.000000 0.540950 0.444762 2.000000 0.513373 0.460274 2.000000
0 0.102685 0.583787 0.094300 0.163356 0.119831 0.515212 2.000000 0.113511 0.534925 2.000000 0.105468 0.557870 2.000000 0.096850 0.587924 2.000000 0.092829 0.616039 2.000000 0.088233 0.644801 2.000000
0 0.342254 0.615125 0.205722 0.136359 0.410535 0.670331 2.000000 0.395598 0.656435 2.000000 0.374341 0.635429 2.000000 0.345615 0.607960 2.000000 0.312293 0.584369 2.000000 0.268056 0.570473 2.000000
0 0.511823 0.553664 0.221687 0.064097 0.616212 0.574997 2.000000 0.591507 0.569827 2.000000 0.559335 0.561748 2.000000 0.513373 0.553345 2.000000 0.469136 0.545589 2.000000 0.437537 0.540419 2.000000
0 0.620479 0.618220 0.064638 0.132902 0.632298 0.556577 2.000000 0.635171 0.574028 2.000000 0.629425 0.600850 2.000000 0.618510 0.629289 2.000000 0.609317 0.653849 2.000000 0.598976 0.676794 2.000000
0 0.363503 0.733696 0.365593 0.052895 0.195092 0.748213 2.000000 0.246799 0.744982 2.000000 0.305974 0.740134 2.000000 0.381810 0.732055 2.000000 0.455922 0.725269 2.000000 0.516246 0.728824 2.000000
