0 0.467544 0.386652 0.177455 0.092908 0.396997 0.350997 2.000000 0.414001 0.359981 2.000000 0.451811 0.375652 2.000000 0.491611 0.392303 2.000000 0.519720 0.411752 2.000000 0.544381 0.423849 2.000000
0 0.152352 0.602451 0.075977 0.132799 0.133393 0.541605 2.000000 0.136378 0.554898 2.000000 0.142845 0.579244 2.000000 0.150557 0.607228 2.000000 0.161999 0.636612 2.000000 0.162248 0.652144 2.000000
0 0.170449 0.544809 0.061234 0.130999 0.174437 0.606949 2.000000 0.169959 0.593096 2.000000 0.164735 0.569589 2.000000 0.151303 0.540066 2.000000 0.157024 0.516139 2.000000 0.167969 0.498089 2.000000
0 0.227227 0.567527 0.075680 0.126039 0.234448 0.625132 2.000000 0.232301 0.609263 2.000000 0.233528 0.575109 2.000000 0.232301 0.540265 2.000000 0.213902 0.522671 2.000000 0.195506 0.511501 2.000000
0 0.325611 0.577849 0.124082 0.244298 0.336956 0.694320 2.000000 0.329005 0.663539 2.000000 0.319732 0.619359 2.000000 0.312649 0.563186 2.000000 0.306275 0.507810 2.000000 0.303442 0.471158 2.000000
0 0.180233 0.725565 0.115413 0.129256 0.145908 0.669362 2.000000 0.155737 0.683609 2.000000 0.179931 0.709977 2.000000 0.201803 0.735707 2.000000 0.207528 0.760374 2.000000 0.204126 0.776961 2.000000
0 0.274263 0.763277 0.333461 0.114377 0.123982 0.803116 2.000000 0.162542 0.793759 2.000000 0.000000 0.000000 0.000000 0.289184 0.767817 2.000000 0.376553 0.745333 2.000000 0.402408 0.720900 2.000000
0 0.236625 0.817565 0.240682 0.081537 0.127875 0.844576 2.000000 0.150262 0.838979 2.000000 0.190809 0.829884 2.000000 0.250260 0.815192 2.000000 0.293294 0.802319 2.000000 0.316428 0.785249 2.000000
0 0.208272 0.901643 0.233426 0.120365 0.113578 0.948208 2.000000 0.136884 0.937859 2.000000 0.178588 0.920609 2.000000 0.242066 0.891976 2.000000 0.276411 0.870931 2.000000 0.283218 0.852727 2.000000
0 0.360206 0.844531 0.075548 0.147917 0.345115 0.773506 2.000000 0.347383 0.791368 2.000000 0.356834 0.820926 2.000000 0.366285 0.855374 2.000000 0.372333 0.879829 2.000000 0.370443 0.902369 2.000000
0 0.442419 0.847930 0.057433 0.134437 0.438490 0.909812 2.000000 0.440002 0.897266 2.000000 0.442270 0.868133 2.000000 0.445672 0.841340 2.000000 0.446428 0.821777 2.000000 0.444538 0.803489 2.000000
0 0.582832 0.871111 0.189657 0.115847 0.655482 0.914064 2.000000 0.635068 0.901944 2.000000 0.605203 0.885145 2.000000 0.572692 0.865794 2.000000 0.539690 0.842681 2.000000 0.521302 0.825951 2.000000
