0 0.216816 0.382431 0.141710 0.118176 0.267457 0.433811 2.000000 0.254140 0.420645 2.000000 0.238804 0.404528 2.000000 0.214884 0.372760 2.000000 0.188268 0.352641 2.000000 0.166769 0.344258 2.000000
0 0.577875 0.469510 0.062392 0.136937 0.564547 0.413003 2.000000 0.568267 0.425742 2.000000 0.571027 0.443509 2.000000 0.575014 0.472488 2.000000 0.584827 0.502502 2.000000 0.587586 0.522683 2.000000
0 0.194537 0.599259 0.093859 0.127592 0.174314 0.655026 2.000000 0.175928 0.642200 2.000000 0.181376 0.620067 2.000000 0.183394 0.589195 2.000000 0.193079 0.566040 2.000000 0.218504 0.550377 2.000000
0 0.167821 0.725739 0.090864 0.141115 0.190228 0.661677 2.000000 0.184172 0.675396 2.000000 0.172878 0.703569 2.000000 0.160765 0.732479 2.000000 0.151435 0.760653 2.000000 0.150126 0.782289 2.000000
0 0.157582 0.862170 0.111626 0.133113 0.133118 0.807847 2.000000 0.137538 0.823684 2.000000 0.148177 0.849739 2.000000 0.159962 0.880675 2.000000 0.178294 0.909125 2.000000 0.204874 0.923480 2.000000
0 0.242471 0.775330 0.090496 0.129492 0.215766 0.834732 2.000000 0.222150 0.823684 2.000000 0.236063 0.799838 2.000000 0.256686 0.771572 2.000000 0.264543 0.744688 2.000000 0.264216 0.725813 2.000000
0 0.315554 0.728662 0.148553 0.111225 0.352931 0.774426 2.000000 0.348839 0.763930 2.000000 0.339181 0.738887 2.000000 0.324450 0.708688 2.000000 0.294660 0.694878 2.000000 0.270317 0.689777 2.000000
0 0.657253 0.688151 0.049074 0.124740 0.653816 0.744453 2.000000 0.655781 0.730458 2.000000 0.656108 0.700075 2.000000 0.657417 0.667390 2.000000 0.662000 0.649713 2.000000 0.664619 0.637099 2.000000
0 0.526130 0.668778 0.295371 0.139117 0.400933 0.710815 2.000000 0.429452 0.704951 2.000000 0.474530 0.692876 2.000000 0.551807 0.675109 2.000000 0.602098 0.646648 2.000000 0.605778 0.616462 2.000000
0 0.370961 0.792199 0.225362 0.096567 0.277223 0.826700 2.000000 0.298334 0.818111 2.000000 0.343211 0.804369 2.000000 0.392470 0.788835 2.000000 0.415971 0.775167 2.000000 0.427523 0.760977 2.000000
0 0.360543 0.895784 0.229532 0.128164 0.277108 0.843112 2.000000 0.295090 0.856405 2.000000 0.324057 0.874854 2.000000 0.365659 0.897986 2.000000 0.397250 0.915479 2.000000 0.419347 0.928461 2.000000
0 0.318087 0.550592 0.136475 0.263760 0.336578 0.673834 2.000000 0.325538 0.647443 2.000000 0.321552 0.598628 2.000000 0.315419 0.552399 2.000000 0.309899 0.481332 2.000000 0.296713 0.448214 2.000000
