0 0.087771 0.205400 0.090566 0.157429 0.074271 0.133093 2.000000 0.073515 0.151593 2.000000 0.074649 0.176473 2.000000 0.078051 0.209433 2.000000 0.084856 0.247496 2.000000 0.112453 0.265784 2.000000
0 0.148380 0.175117 0.134590 0.123798 0.101112 0.126927 2.000000 0.118123 0.136283 2.000000 0.136647 0.153082 2.000000 0.177097 0.187956 2.000000 0.178609 0.211559 2.000000 0.157439 0.226870 2.000000
0 0.161068 0.182871 0.127775 0.110096 0.193730 0.137346 2.000000 0.182767 0.151168 2.000000 0.000000 0.000000 0.000000 0.000000 0.000000 0.000000 0.142696 0.205393 2.000000 0.125306 0.218577 2.000000
0 0.264985 0.257120 0.220162 0.133029 0.181255 0.311077 2.000000 0.194486 0.300658 2.000000 0.222461 0.280882 2.000000 0.253460 0.256427 2.000000 0.295044 0.232824 2.000000 0.316214 0.226445 2.000000
0 0.326701 0.163963 0.172702 0.087810 0.385395 0.134369 2.000000 0.372919 0.141599 2.000000 0.346835 0.160312 2.000000 0.312434 0.178387 2.000000 0.286349 0.185617 2.000000 0.264045 0.183065 2.000000
0 0.521737 0.169602 0.202691 0.059335 0.439456 0.153919 2.000000 0.458162 0.153574 2.000000 0.490974 0.157369 2.000000 0.548625 0.165821 2.000000 0.578063 0.181173 2.000000 0.584503 0.199802 2.000000
0 0.528147 0.215873 0.236162 0.028620 0.417377 0.219294 2.000000 0.441602 0.216707 2.000000 0.482694 0.215154 2.000000 0.540958 0.214464 2.000000 0.581437 0.214464 2.000000 0.610569 0.217914 2.000000
0 0.579378 0.319464 0.092816 0.148053 0.588800 0.254355 2.000000 0.589178 0.270942 2.000000 0.591447 0.296672 2.000000 0.585776 0.328568 2.000000 0.575947 0.356638 2.000000 0.556289 0.372161 2.000000
0 0.216714 0.534908 0.337870 0.231028 0.124252 0.639671 2.000000 0.140130 0.610751 2.000000 0.174909 0.557590 2.000000 0.221029 0.494859 2.000000 0.275088 0.467216 2.000000 0.342379 0.455307 2.000000
0 0.416315 0.554117 0.231125 0.189234 0.495861 0.480612 2.000000 0.478850 0.495497 2.000000 0.446717 0.535262 2.000000 0.408535 0.575665 2.000000 0.369975 0.597992 2.000000 0.325367 0.626487 2.000000
0 0.431206 0.618575 0.154118 0.133180 0.484532 0.672808 2.000000 0.472881 0.661798 2.000000 0.451443 0.636108 2.000000 0.423481 0.606486 2.000000 0.395519 0.582893 2.000000 0.384800 0.564805 2.000000
0 0.592966 0.549437 0.186615 0.127778 0.651400 0.502907 2.000000 0.635032 0.513955 2.000000 0.609334 0.532554 2.000000 0.577580 0.556492 2.000000 0.552700 0.578312 2.000000 0.536332 0.590834 2.000000
