0 0.237999 0.074040 0.241271 0.068393 0.137338 0.096008 2.000000 0.163457 0.085514 2.000000 0.214699 0.075299 2.000000 0.277136 0.063126 2.000000 0.310468 0.056410 2.000000 0.340070 0.054731 2.000000
0 0.246548 0.122546 0.246138 0.076996 0.141281 0.146175 2.000000 0.166156 0.138479 2.000000 0.216901 0.127145 2.000000 0.277845 0.117490 2.000000 0.318641 0.108955 2.000000 0.341277 0.096502 2.000000
0 0.318611 0.111590 0.201996 0.041925 0.226852 0.104618 2.000000 0.251229 0.106157 2.000000 0.000000 0.000000 0.000000 0.343018 0.115392 2.000000 0.378341 0.118890 2.000000 0.402718 0.123227 2.000000
0 0.270645 0.128332 0.230815 0.034390 0.000000 0.000000 0.000000 0.000000 0.000000 0.000000 0.000000 0.000000 0.000000 0.000000 0.000000 0.000000 0.347523 0.127588 2.000000 0.365858 0.145250 2.000000
0 0.279183 0.180090 0.231100 0.048401 0.180543 0.194391 2.000000 0.200116 0.187013 2.000000 0.243902 0.179182 2.000000 0.299190 0.171123 2.000000 0.349635 0.173166 2.000000 0.382929 0.176231 2.000000
0 0.431002 0.207853 0.208366 0.085991 0.347875 0.242639 2.000000 0.361460 0.231130 2.000000 0.397470 0.214373 2.000000 0.443137 0.194210 2.000000 0.479637 0.186200 2.000000 0.506644 0.185095 2.000000
0 0.558325 0.278710 0.088891 0.125914 0.580596 0.218525 2.000000 0.574139 0.234075 2.000000 0.560973 0.265269 2.000000 0.547656 0.294780 2.000000 0.541804 0.311010 2.000000 0.538967 0.334005 2.000000
0 0.269991 0.355604 0.080387 0.123898 0.294084 0.410481 2.000000 0.286870 0.397329 2.000000 0.280154 0.371023 2.000000 0.267467 0.343738 2.000000 0.259507 0.314355 2.000000 0.253537 0.293087 2.000000
0 0.571376 0.489349 0.120210 0.185646 0.603156 0.405188 2.000000 0.589050 0.427267 2.000000 0.574638 0.467631 2.000000 0.555932 0.513169 2.000000 0.543665 0.546633 2.000000 0.536919 0.568539 2.000000
0 0.656531 0.556078 0.120530 0.121625 0.692282 0.608616 2.000000 0.680322 0.595506 2.000000 0.664989 0.571357 2.000000 0.646590 0.544966 2.000000 0.634324 0.524267 2.000000 0.635244 0.502705 2.000000
0 0.322862 0.694842 0.092239 0.257699 0.314824 0.815799 2.000000 0.317657 0.786318 2.000000 0.326156 0.736519 2.000000 0.330405 0.675566 2.000000 0.338196 0.618994 2.000000 0.342445 0.581546 2.000000
0 0.637336 0.814159 0.223129 0.077200 0.727897 0.838932 2.000000 0.709805 0.835310 2.000000 0.671473 0.827030 2.000000 0.623328 0.814783 2.000000 0.587175 0.803903 2.000000 0.564225 0.791533 2.000000
