0 0.181014 0.338033 0.067834 0.134401 0.187794 0.396047 2.000000 0.184014 0.380524 2.000000 0.174941 0.350116 2.000000 0.166624 0.318644 2.000000 0.170783 0.294615 2.000000 0.180234 0.283132 2.000000
0 0.520463 0.566122 0.103384 0.132016 0.547066 0.512170 2.000000 0.539143 0.527113 2.000000 0.528891 0.546773 2.000000 0.518638 0.569842 2.000000 0.503259 0.599988 2.000000 0.497200 0.618863 2.000000
0 0.639531 0.571110 0.058543 0.135272 0.633748 0.630921 2.000000 0.634214 0.614144 2.000000 0.634214 0.586619 2.000000 0.634680 0.558570 2.000000 0.643535 0.536288 2.000000 0.646331 0.521083 2.000000
0 0.155253 0.526375 0.053595 0.145769 0.157931 0.591315 2.000000 0.154528 0.577493 2.000000 0.153394 0.548360 2.000000 0.151882 0.516676 2.000000 0.153016 0.489458 2.000000 0.161711 0.472659 2.000000
0 0.234359 0.502585 0.098132 0.265066 0.248040 0.626104 2.000000 0.000000 0.000000 0.000000 0.232708 0.540720 2.000000 0.226268 0.480175 2.000000 0.225654 0.430497 2.000000 0.221055 0.387202 2.000000
0 0.242333 0.615309 0.220893 0.126465 0.172029 0.662226 2.000000 0.183720 0.651172 2.000000 0.205362 0.630324 2.000000 0.240436 0.605977 2.000000 0.287698 0.577853 2.000000 0.330732 0.573655 2.000000
0 0.237042 0.665690 0.088250 0.125912 0.226932 0.718337 2.000000 0.227852 0.705918 2.000000 0.233065 0.681251 2.000000 0.241345 0.648650 2.000000 0.000000 0.000000 0.000000 0.000000 0.000000 0.000000
0 0.137389 0.830208 0.064727 0.153646 0.146581 0.760813 2.000000 0.143845 0.776064 2.000000 0.144591 0.800411 2.000000 0.146581 0.836091 2.000000 0.145586 0.868273 2.000000 0.135885 0.889122 2.000000
0 0.379738 0.800449 0.128970 0.138474 0.337643 0.858591 2.000000 0.352319 0.844319 2.000000 0.372965 0.822071 2.000000 0.400079 0.792128 2.000000 0.406795 0.771139 2.000000 0.402567 0.753229 2.000000
0 0.401973 0.910807 0.270560 0.043963 0.283857 0.903443 2.000000 0.313296 0.909135 2.000000 0.355308 0.911723 2.000000 0.411119 0.915345 2.000000 0.458650 0.912585 2.000000 0.480268 0.906338 2.000000
0 0.191138 0.971484 0.306059 0.115533 0.090333 0.944246 2.000000 0.119465 0.955631 2.000000 0.163317 0.968050 2.000000 0.211768 0.984610 2.000000 0.258686 0.997202 2.000000 0.000000 0.000000 0.000000
0 0.501026 0.732428 0.256963 0.217957 0.578001 0.825312 2.000000 0.559841 0.805336 2.000000 0.522831 0.755999 2.000000 0.494948 0.707069 2.000000 0.457030 0.670228 2.000000 0.413367 0.650515 2.000000
