0 0.197323 0.188495 0.153194 0.133841 0.146559 0.129187 2.000000 0.161497 0.141467 2.000000 0.180456 0.163765 2.000000 0.206883 0.194143 2.000000 0.224119 0.218703 2.000000 0.233311 0.237770 2.000000
0 0.327109 0.334233 0.236431 0.044296 0.214927 0.341506 2.000000 0.241354 0.337628 2.000000 0.289613 0.334719 2.000000 0.348214 0.333103 2.000000 0.382685 0.328579 2.000000 0.411985 0.325347 2.000000
0 0.494990 0.348741 0.124763 0.134889 0.526313 0.288507 2.000000 0.519994 0.301756 2.000000 0.511376 0.320500 2.000000 0.495290 0.349908 2.000000 0.467138 0.369298 2.000000 0.457372 0.387072 2.000000
0 0.319221 0.435424 0.448381 0.144758 0.123279 0.389036 2.000000 0.170815 0.397949 2.000000 0.257963 0.413153 2.000000 0.346975 0.433600 2.000000 0.438784 0.460601 2.000000 0.483057 0.477903 2.000000
0 0.193147 0.535222 0.178510 0.148305 0.149196 0.481321 2.000000 0.156756 0.496419 2.000000 0.179061 0.526828 2.000000 0.194938 0.556810 2.000000 0.216108 0.577437 2.000000 0.234632 0.588707 2.000000
0 0.245145 0.606756 0.221501 0.065863 0.146992 0.622246 2.000000 0.172613 0.618188 2.000000 0.215398 0.611472 2.000000 0.273606 0.604476 2.000000 0.309924 0.594681 2.000000 0.324600 0.577751 2.000000
0 0.408864 0.692907 0.336216 0.124232 0.255177 0.740565 2.000000 0.295348 0.728146 2.000000 0.356373 0.708137 2.000000 0.422610 0.685368 2.000000 0.479034 0.670016 2.000000 0.519513 0.655354 2.000000
0 0.194203 0.789697 0.201904 0.115779 0.119595 0.831279 2.000000 0.133922 0.823447 2.000000 0.164189 0.806989 2.000000 0.201115 0.791326 2.000000 0.223512 0.778273 2.000000 0.238646 0.763859 2.000000
0 0.440393 0.752611 0.077572 0.128632 0.420505 0.809926 2.000000 0.426724 0.796213 2.000000 0.430206 0.771727 2.000000 0.436674 0.745282 2.000000 0.451599 0.724713 2.000000 0.449111 0.707223 2.000000
0 0.542643 0.703685 0.229220 0.080003 0.642674 0.733813 2.000000 0.618440 0.726998 2.000000 0.581157 0.714415 2.000000 0.528029 0.699735 2.000000 0.484688 0.689511 2.000000 0.458124 0.679812 2.000000
0 0.591280 0.787891 0.050463 0.122135 0.580987 0.728734 2.000000 0.584053 0.748399 2.000000 0.585893 0.772720 2.000000 0.586200 0.802044 2.000000 0.588346 0.824468 2.000000 0.589149 0.840097 2.000000
0 0.556254 0.801096 0.176706 0.123553 0.610958 0.754057 2.000000 0.000000 0.000000 0.000000 0.000000 0.000000 0.000000 0.554840 0.792350 2.000000 0.518655 0.820811 2.000000 0.514668 0.843236 2.000000
