0 0.314211 0.121941 0.230416 0.044201 0.412141 0.113047 2.000000 0.385769 0.114255 2.000000 0.340077 0.117359 2.000000 0.283960 0.118222 2.000000 0.245701 0.126317 2.000000 0.227842 0.136334 2.000000
0 0.559067 0.147535 0.108473 0.109683 0.524326 0.106187 2.000000 0.532286 0.114862 2.000000 0.546714 0.132492 2.000000 0.565121 0.151521 2.000000 0.583280 0.176288 2.000000 0.582534 0.196437 2.000000
0 0.397080 0.350082 0.075790 0.124062 0.413569 0.292290 2.000000 0.407129 0.305054 2.000000 0.403143 0.326443 2.000000 0.397010 0.353352 2.000000 0.386890 0.385091 2.000000 0.373704 0.400788 2.000000
0 0.613729 0.565337 0.099764 0.131752 0.585709 0.504539 2.000000 0.591536 0.522306 2.000000 0.600735 0.543867 2.000000 0.613615 0.571121 2.000000 0.623428 0.596305 2.000000 0.629868 0.613382 2.000000
0 0.307365 0.476789 0.192869 0.036911 0.397095 0.485773 2.000000 0.370057 0.481573 2.000000 0.327884 0.477941 2.000000 0.292169 0.474536 2.000000 0.246768 0.477033 2.000000 0.211860 0.479871 2.000000
0 0.291441 0.506385 0.206972 0.085768 0.207715 0.473819 2.000000 0.225483 0.483175 2.000000 0.256482 0.491681 2.000000 0.294663 0.504865 2.000000 0.334357 0.518262 2.000000 0.364978 0.536337 2.000000
0 0.351305 0.626934 0.133451 0.140146 0.396736 0.689396 2.000000 0.382105 0.673764 2.000000 0.364262 0.651928 2.000000 0.335834 0.619160 2.000000 0.317659 0.588227 2.000000 0.324183 0.564634 2.000000
0 0.588189 0.656460 0.102830 0.132786 0.558329 0.600766 2.000000 0.568528 0.618396 2.000000 0.580966 0.640644 2.000000 0.589174 0.668768 2.000000 0.595144 0.694234 2.000000 0.605004 0.711486 2.000000
0 0.214007 0.811258 0.155503 0.145553 0.163557 0.751363 2.000000 0.177922 0.772415 2.000000 0.199092 0.796869 2.000000 0.226311 0.823237 2.000000 0.245969 0.846840 2.000000 0.267139 0.866191 2.000000
0 0.554920 0.784871 0.203857 0.111050 0.627399 0.743630 2.000000 0.609631 0.756176 2.000000 0.574096 0.775101 2.000000 0.540072 0.798917 2.000000 0.512854 0.812739 2.000000 0.485635 0.824435 2.000000
0 0.485293 0.701520 0.353995 0.109517 0.330157 0.736992 2.000000 0.377382 0.728367 2.000000 0.439940 0.713533 2.000000 0.534696 0.689556 2.000000 0.000000 0.000000 0.000000 0.610133 0.660750 2.000000
0 0.288704 0.404022 0.407356 0.174583 0.116303 0.337346 2.000000 0.160911 0.352444 2.000000 0.236896 0.379450 2.000000 0.316284 0.411347 2.000000 0.391891 0.446859 2.000000 0.444816 0.464933 2.000000
