0 0.247163 0.140963 0.219253 0.108366 0.337101 0.101546 2.000000 0.315270 0.109625 2.000000 0.277352 0.124167 2.000000 0.235987 0.141295 2.000000 0.202665 0.159069 2.000000 0.188302 0.169087 2.000000
0 0.568476 0.137171 0.094148 0.121347 0.543927 0.088619 2.000000 0.550821 0.099284 2.000000 0.555417 0.125783 2.000000 0.563460 0.148728 2.000000 0.575525 0.164886 2.000000 0.585866 0.182014 2.000000
0 0.398625 0.381527 0.050590 0.122108 0.407917 0.327441 2.000000 0.402693 0.340874 2.000000 0.395640 0.365324 2.000000 0.390725 0.390842 2.000000 0.389591 0.411681 2.000000 0.393371 0.431457 2.000000
0 0.292233 0.410078 0.399881 0.175926 0.122733 0.343176 2.000000 0.168853 0.359337 2.000000 0.244083 0.386981 2.000000 0.331031 0.418452 2.000000 0.399077 0.452475 2.000000 0.442929 0.472889 2.000000
0 0.171428 0.524606 0.199118 0.117901 0.237032 0.483823 2.000000 0.214644 0.494177 2.000000 0.180814 0.508449 2.000000 0.138846 0.524423 2.000000 0.118935 0.545490 2.000000 0.121544 0.570791 2.000000
0 0.342819 0.551089 0.135351 0.127638 0.293003 0.497743 2.000000 0.308949 0.512405 2.000000 0.336855 0.535174 2.000000 0.362307 0.561048 2.000000 0.374573 0.584679 2.000000 0.373653 0.599341 2.000000
0 0.366267 0.642992 0.147533 0.154438 0.419892 0.710713 2.000000 0.410700 0.697140 2.000000 0.388868 0.676134 2.000000 0.363590 0.641232 2.000000 0.338311 0.611178 2.000000 0.330268 0.589849 2.000000
0 0.301555 0.854167 0.177315 0.071354 0.226855 0.837070 2.000000 0.247538 0.851936 2.000000 0.282583 0.863569 2.000000 0.330842 0.870033 2.000000 0.358419 0.847088 2.000000 0.349227 0.833515 2.000000
0 0.498001 0.708041 0.345924 0.120803 0.351525 0.752401 2.000000 0.384272 0.742706 2.000000 0.434830 0.728810 2.000000 0.525603 0.704249 2.000000 0.580756 0.686475 2.000000 0.618674 0.660945 2.000000
0 0.606308 0.732395 0.103061 0.139377 0.632463 0.670640 2.000000 0.631314 0.690676 2.000000 0.624419 0.717822 2.000000 0.607184 0.742060 2.000000 0.581905 0.762742 2.000000 0.583629 0.780839 2.000000
0 0.556558 0.780079 0.052921 0.131897 0.545284 0.723969 2.000000 0.551417 0.744668 2.000000 0.559390 0.771404 2.000000 0.000000 0.000000 0.000000 0.000000 0.000000 0.000000 0.000000 0.000000 0.000000
0 0.567694 0.806696 0.157281 0.080517 0.622633 0.821193 2.000000 0.597354 0.820869 2.000000 0.562883 0.810205 2.000000 0.541626 0.790492 2.000000 0.538179 0.768194 2.000000 0.534554 0.753105 2.000000
