0 0.084315 0.252963 0.092724 0.155296 0.067095 0.183933 2.000000 0.068836 0.199744 2.000000 0.079035 0.227309 2.000000 0.093960 0.261870 2.000000 0.106148 0.291673 2.000000 0.094706 0.311962 2.000000
0 0.145875 0.192468 0.118443 0.120609 0.112300 0.142128 2.000000 0.119564 0.154160 2.000000 0.139540 0.177995 2.000000 0.157902 0.204895 2.000000 0.162745 0.223963 2.000000 0.148217 0.239400 2.000000
0 0.143272 0.196351 0.093842 0.115970 0.164763 0.152798 2.000000 0.157499 0.161878 2.000000 0.000000 0.000000 0.000000 0.131469 0.202398 2.000000 0.120573 0.223055 2.000000 0.126021 0.242010 2.000000
0 0.319020 0.164877 0.199336 0.070732 0.397850 0.143438 2.000000 0.382210 0.146371 2.000000 0.350932 0.157410 2.000000 0.312600 0.172417 2.000000 0.274881 0.179662 2.000000 0.246976 0.174314 2.000000
0 0.549358 0.179063 0.213188 0.084474 0.463243 0.156848 2.000000 0.475736 0.159895 2.000000 0.506227 0.167119 2.000000 0.544756 0.178471 2.000000 0.581265 0.193539 2.000000 0.598180 0.201375 2.000000
0 0.526719 0.223414 0.250844 0.040790 0.413360 0.215690 2.000000 0.437574 0.215804 2.000000 0.484993 0.219322 2.000000 0.538666 0.224089 2.000000 0.576601 0.226813 2.000000 0.599403 0.228402 2.000000
0 0.256510 0.263434 0.221512 0.104472 0.173936 0.300048 2.000000 0.190105 0.291793 2.000000 0.227169 0.271644 2.000000 0.274929 0.249676 2.000000 0.312988 0.239322 2.000000 0.340848 0.238762 2.000000
0 0.576003 0.329149 0.104926 0.139349 0.597462 0.265227 2.000000 0.594088 0.279717 2.000000 0.589489 0.305763 2.000000 0.587342 0.336812 2.000000 0.569863 0.368896 2.000000 0.543797 0.386490 2.000000
0 0.251549 0.510357 0.391214 0.218410 0.096704 0.597685 2.000000 0.127703 0.576633 2.000000 0.190835 0.536656 2.000000 0.273625 0.487110 2.000000 0.343562 0.459253 2.000000 0.376829 0.432460 2.000000
0 0.356085 0.627990 0.257019 0.198238 0.432589 0.545288 2.000000 0.410685 0.562066 2.000000 0.378063 0.592999 2.000000 0.333324 0.637563 2.000000 0.304896 0.681079 2.000000 0.299769 0.716993 2.000000
0 0.419768 0.613438 0.181627 0.136297 0.476320 0.668600 2.000000 0.464119 0.653737 2.000000 0.442288 0.630792 2.000000 0.411839 0.602030 2.000000 0.379091 0.578439 2.000000 0.349216 0.566806 2.000000
0 0.542185 0.573189 0.246849 0.071378 0.646815 0.560019 2.000000 0.623834 0.562928 2.000000 0.591087 0.564543 2.000000 0.529040 0.567129 2.000000 0.481929 0.582317 2.000000 0.456076 0.593951 2.000000
