0 0.337215 0.108259 0.191666 0.100520 0.257400 0.071695 2.000000 0.277026 0.078940 2.000000 0.309531 0.094637 2.000000 0.349089 0.112404 2.000000 0.388954 0.130688 2.000000 0.399994 0.146902 2.000000
0 0.384023 0.225138 0.132880 0.129100 0.343674 0.280879 2.000000 0.354714 0.265010 2.000000 0.373113 0.240516 2.000000 0.398872 0.209639 2.000000 0.412365 0.191700 2.000000 0.424017 0.178763 2.000000
0 0.649675 0.112537 0.142857 0.121337 0.696108 0.060635 2.000000 0.683229 0.074779 2.000000 0.661763 0.099101 2.000000 0.640297 0.125665 2.000000 0.620365 0.143949 2.000000 0.598308 0.159991 2.000000
0 0.230169 0.292067 0.120532 0.137539 0.196428 0.350020 2.000000 0.206241 0.330701 2.000000 0.225560 0.301377 2.000000 0.249479 0.273261 2.000000 0.260212 0.250664 2.000000 0.273704 0.238073 2.000000
0 0.201985 0.446702 0.118785 0.143204 0.183774 0.514563 2.000000 0.183028 0.496513 2.000000 0.184271 0.468109 2.000000 0.190988 0.428371 2.000000 0.213375 0.411580 2.000000 0.233524 0.400106 2.000000
0 0.222342 0.479479 0.063282 0.131147 0.208780 0.539760 2.000000 0.211890 0.526502 2.000000 0.218437 0.500630 2.000000 0.225639 0.466564 2.000000 0.228913 0.441613 2.000000 0.228749 0.423844 2.000000
0 0.313094 0.482588 0.051187 0.131252 0.314801 0.543087 2.000000 0.314801 0.524337 2.000000 0.315547 0.496213 2.000000 0.313806 0.464590 2.000000 0.307836 0.445839 2.000000 0.302801 0.430272 2.000000
0 0.432338 0.489754 0.108194 0.118468 0.459761 0.540320 2.000000 0.455002 0.527810 2.000000 0.449028 0.502220 2.000000 0.442859 0.473475 2.000000 0.425109 0.456660 2.000000 0.389861 0.445970 2.000000
0 0.691238 0.594530 0.055116 0.139065 0.688526 0.532668 2.000000 0.689139 0.548883 2.000000 0.689139 0.573304 2.000000 0.688526 0.609945 2.000000 0.683926 0.633232 2.000000 0.675646 0.654665 2.000000
0 0.377837 0.572080 0.408215 0.188146 0.212693 0.625570 2.000000 0.265240 0.611536 2.000000 0.336689 0.594099 2.000000 0.456526 0.566668 2.000000 0.498488 0.532007 2.000000 0.496976 0.495006 2.000000
0 0.455345 0.691146 0.207927 0.178816 0.510204 0.770008 2.000000 0.506424 0.747680 2.000000 0.500753 0.709191 2.000000 0.490924 0.654116 2.000000 0.450853 0.631150 2.000000 0.393769 0.624558 2.000000
0 0.595422 0.731429 0.137557 0.124837 0.559787 0.782031 2.000000 0.571439 0.769439 2.000000 0.595358 0.743565 2.000000 0.621117 0.719589 2.000000 0.623571 0.696130 2.000000 0.607011 0.681295 2.000000
