0 0.405121 0.137861 0.215398 0.053978 0.309386 0.126288 2.000000 0.332824 0.127351 2.000000 0.366848 0.132029 2.000000 0.415614 0.141385 2.000000 0.458710 0.144362 2.000000 0.484417 0.147127 2.000000
0 0.587307 0.087432 0.225875 0.048302 0.690552 0.082125 2.000000 0.658215 0.079606 2.000000 0.609708 0.079466 2.000000 0.553988 0.078487 2.000000 0.506725 0.086602 2.000000 0.486031 0.100136 2.000000
0 0.370241 0.247112 0.081054 0.128851 0.380045 0.304958 2.000000 0.376317 0.287919 2.000000 0.371191 0.263015 2.000000 0.358608 0.233131 2.000000 0.355346 0.206916 2.000000 0.362802 0.188042 2.000000
0 0.600972 0.393676 0.126494 0.122613 0.559546 0.340546 2.000000 0.568997 0.353092 2.000000 0.582228 0.378184 2.000000 0.598484 0.408167 2.000000 0.622678 0.427092 2.000000 0.637421 0.443040 2.000000
0 0.196520 0.427873 0.099807 0.153214 0.229242 0.498765 2.000000 0.218279 0.479415 2.000000 0.203913 0.451983 2.000000 0.184255 0.412006 2.000000 0.180853 0.387552 2.000000 0.183499 0.362672 2.000000
0 0.232614 0.418002 0.059032 0.127267 0.242095 0.479627 2.000000 0.000000 0.000000 0.000000 0.230376 0.440926 2.000000 0.225083 0.407541 2.000000 0.219035 0.383086 2.000000 0.221303 0.364586 2.000000
0 0.298079 0.474718 0.051706 0.106131 0.000000 0.000000 0.000000 0.000000 0.000000 0.000000 0.286811 0.504001 2.000000 0.290258 0.469422 2.000000 0.297099 0.448037 2.000000 0.304561 0.433765 2.000000
0 0.406782 0.542697 0.456638 0.051992 0.185901 0.539700 2.000000 0.238097 0.535768 2.000000 0.324779 0.533933 2.000000 0.449676 0.531049 2.000000 0.549873 0.541535 2.000000 0.614186 0.556739 2.000000
0 0.559388 0.658845 0.076282 0.115086 0.572656 0.709938 2.000000 0.568497 0.695903 2.000000 0.561693 0.672725 2.000000 0.554510 0.645294 2.000000 0.549218 0.617012 2.000000 0.540433 0.599216 2.000000
0 0.195220 0.729978 0.073244 0.125778 0.200014 0.783018 2.000000 0.196990 0.768345 2.000000 0.190941 0.744104 2.000000 0.189051 0.713057 2.000000 0.180734 0.684563 2.000000 0.175441 0.664362 2.000000
0 0.335062 0.836285 0.281629 0.161586 0.221005 0.896674 2.000000 0.245577 0.884341 2.000000 0.287161 0.859461 2.000000 0.343488 0.826714 2.000000 0.405108 0.793329 2.000000 0.444424 0.768662 2.000000
0 0.489479 0.861803 0.208872 0.092648 0.401431 0.891995 2.000000 0.421977 0.884233 2.000000 0.458469 0.869743 2.000000 0.505080 0.851286 2.000000 0.541265 0.836970 2.000000 0.566104 0.827310 2.000000
