0 0.369394 0.330174 0.201193 0.038611 0.275229 0.320953 2.000000 0.296695 0.321471 2.000000 0.339627 0.324403 2.000000 0.396664 0.327680 2.000000 0.431316 0.332683 2.000000 0.453395 0.340272 2.000000
0 0.169001 0.359409 0.169430 0.108787 0.111476 0.319401 2.000000 0.124662 0.329923 2.000000 0.149194 0.346310 2.000000 0.185993 0.364939 2.000000 0.212672 0.384775 2.000000 0.228005 0.405475 2.000000
0 0.290945 0.471043 0.246322 0.089769 0.395993 0.442093 2.000000 0.368019 0.448472 2.000000 0.320764 0.460168 2.000000 0.272754 0.470800 2.000000 0.230036 0.483133 2.000000 0.204329 0.495041 2.000000
0 0.143216 0.627460 0.096612 0.132719 0.120969 0.568767 2.000000 0.126939 0.585138 2.000000 0.138381 0.608085 2.000000 0.151068 0.633971 2.000000 0.160520 0.658877 2.000000 0.155545 0.679306 2.000000
0 0.215929 0.621313 0.193279 0.075424 0.000000 0.000000 0.000000 0.000000 0.000000 0.000000 0.181664 0.630193 2.000000 0.226439 0.617180 2.000000 0.282657 0.594932 2.000000 0.291646 0.577180 2.000000
0 0.375563 0.535620 0.240540 0.224072 0.288543 0.629221 2.000000 0.314731 0.602726 2.000000 0.355156 0.564932 2.000000 0.411861 0.514110 2.000000 0.436055 0.469241 2.000000 0.416398 0.438408 2.000000
0 0.385956 0.711195 0.327859 0.123963 0.244178 0.756884 2.000000 0.277067 0.745614 2.000000 0.337175 0.725626 2.000000 0.414294 0.700746 2.000000 0.475158 0.685010 2.000000 0.514474 0.670338 2.000000
0 0.570882 0.688672 0.170777 0.027864 0.647921 0.694154 2.000000 0.627507 0.694154 2.000000 0.589325 0.691602 2.000000 0.553790 0.688625 2.000000 0.516742 0.686286 2.000000 0.489524 0.687562 2.000000
0 0.217743 0.868051 0.171399 0.058855 0.144489 0.884369 2.000000 0.162896 0.879611 2.000000 0.201453 0.868558 2.000000 0.000000 0.000000 0.000000 0.000000 0.000000 0.000000 0.000000 0.000000 0.000000
0 0.328318 0.842318 0.211492 0.064323 0.232489 0.865297 2.000000 0.253283 0.859400 2.000000 0.290822 0.848596 2.000000 0.349742 0.836906 2.000000 0.390703 0.831117 2.000000 0.425612 0.832706 2.000000
0 0.564015 0.865536 0.227444 0.083969 0.661728 0.900667 2.000000 0.636107 0.893950 2.000000 0.602277 0.879958 2.000000 0.553522 0.862328 2.000000 0.509493 0.847356 2.000000 0.469693 0.840640 2.000000
0 0.526040 0.873671 0.223040 0.068430 0.621880 0.901299 2.000000 0.596735 0.893192 2.000000 0.550736 0.879220 2.000000 0.500445 0.863006 2.000000 0.467940 0.858348 2.000000 0.431448 0.855761 2.000000
