0 0.203330 0.128646 0.085840 0.115656 0.215315 0.079697 2.000000 0.211121 0.092018 2.000000 0.205528 0.114038 2.000000 0.198072 0.137369 2.000000 0.195276 0.157030 2.000000 0.208791 0.180623 2.000000
0 0.539904 0.175651 0.122882 0.100034 0.573304 0.136128 2.000000 0.561653 0.144254 2.000000 0.547672 0.163915 2.000000 0.524837 0.187246 2.000000 0.514584 0.205072 2.000000 0.512720 0.222111 2.000000
0 0.359062 0.347142 0.211908 0.086194 0.273458 0.326826 2.000000 0.294250 0.330228 2.000000 0.329407 0.340435 2.000000 0.376283 0.351705 2.000000 0.414087 0.359998 2.000000 0.447354 0.354044 2.000000
0 0.155634 0.540710 0.113320 0.121554 0.143339 0.486331 2.000000 0.144271 0.502060 2.000000 0.147533 0.533517 2.000000 0.159184 0.559731 2.000000 0.166641 0.576771 2.000000 0.190408 0.588567 2.000000
0 0.346075 0.583748 0.224086 0.106917 0.270566 0.548983 2.000000 0.291537 0.558683 2.000000 0.333947 0.576771 2.000000 0.373559 0.594858 2.000000 0.408046 0.607179 2.000000 0.442066 0.606655 2.000000
0 0.341351 0.412359 0.430033 0.204670 0.160110 0.340378 2.000000 0.209519 0.357506 2.000000 0.288227 0.390792 2.000000 0.373830 0.423754 2.000000 0.437601 0.457040 2.000000 0.491031 0.481924 2.000000
0 0.211894 0.839323 0.087431 0.102056 0.195168 0.884620 2.000000 0.201227 0.873085 2.000000 0.211014 0.849754 2.000000 0.220334 0.825375 2.000000 0.226393 0.808598 2.000000 0.225927 0.791821 2.000000
0 0.578793 0.796354 0.079167 0.137500 0.000000 0.000000 0.000000 0.578379 0.753103 2.000000 0.576488 0.773942 2.000000 0.571952 0.806477 2.000000 0.568928 0.830081 2.000000 0.569306 0.850707 2.000000
0 0.429540 0.673613 0.190975 0.129159 0.498395 0.723792 2.000000 0.484148 0.712053 2.000000 0.461088 0.698657 2.000000 0.423663 0.673777 2.000000 0.383213 0.646133 2.000000 0.368091 0.627846 2.000000
0 0.590525 0.740136 0.205079 0.078863 0.670898 0.762450 2.000000 0.650106 0.757559 2.000000 0.612302 0.746077 2.000000 0.566560 0.733743 2.000000 0.536695 0.725875 2.000000 0.514769 0.713542 2.000000
0 0.547826 0.815662 0.192195 0.129629 0.603986 0.769468 2.000000 0.000000 0.000000 0.000000 0.000000 0.000000 0.000000 0.524976 0.820077 2.000000 0.505318 0.839428 2.000000 0.492087 0.863882 2.000000
0 0.543925 0.670187 0.341231 0.146085 0.403627 0.719709 2.000000 0.442186 0.706950 2.000000 0.490197 0.688875 2.000000 0.550683 0.668461 2.000000 0.608522 0.647197 2.000000 0.656533 0.626357 2.000000
