0 0.241318 0.132223 0.167204 0.113092 0.295878 0.090211 2.000000 0.278092 0.100043 2.000000 0.254480 0.115912 2.000000 0.226267 0.134714 2.000000 0.198055 0.159036 2.000000 0.193762 0.175940 2.000000
0 0.560925 0.112785 0.071361 0.114216 0.552857 0.063406 2.000000 0.555310 0.072893 2.000000 0.558683 0.091868 2.000000 0.568496 0.114119 2.000000 0.568267 0.138502 2.000000 0.552550 0.155518 2.000000
0 0.402842 0.373966 0.095415 0.122183 0.380130 0.320893 2.000000 0.385875 0.333496 2.000000 0.395067 0.353533 2.000000 0.401962 0.379386 2.000000 0.413452 0.402654 2.000000 0.437581 0.420428 2.000000
0 0.299531 0.405438 0.407297 0.172979 0.126655 0.337109 2.000000 0.171642 0.351569 2.000000 0.244224 0.376661 2.000000 0.325124 0.407920 2.000000 0.408292 0.449386 2.000000 0.455924 0.468949 2.000000
0 0.142712 0.545813 0.075864 0.142438 0.134847 0.489423 2.000000 0.134847 0.504733 2.000000 0.140518 0.532802 2.000000 0.151859 0.559808 2.000000 0.151859 0.579584 2.000000 0.139762 0.599786 2.000000
0 0.352954 0.556697 0.100863 0.129661 0.323865 0.502819 2.000000 0.328780 0.518555 2.000000 0.340877 0.541096 2.000000 0.354108 0.567889 2.000000 0.364693 0.592768 2.000000 0.369607 0.614245 2.000000
0 0.285330 0.849344 0.213290 0.085320 0.196398 0.880678 2.000000 0.215411 0.873951 2.000000 0.248223 0.862394 2.000000 0.291461 0.847732 2.000000 0.326420 0.836692 2.000000 0.354325 0.824100 2.000000
0 0.382431 0.640614 0.137700 0.137035 0.430451 0.700683 2.000000 0.416088 0.684848 2.000000 0.395980 0.661903 2.000000 0.371851 0.633788 2.000000 0.348296 0.600825 2.000000 0.332784 0.583697 2.000000
0 0.512233 0.692244 0.356330 0.132141 0.356476 0.743314 2.000000 0.395157 0.730207 2.000000 0.458071 0.711594 2.000000 0.534035 0.688788 2.000000 0.583434 0.673846 2.000000 0.624445 0.650515 2.000000
0 0.578878 0.756281 0.181764 0.128188 0.640052 0.703895 2.000000 0.621907 0.720056 2.000000 0.601115 0.739832 2.000000 0.575030 0.762160 2.000000 0.541763 0.784700 2.000000 0.518703 0.800861 2.000000
0 0.525450 0.833768 0.179217 0.130901 0.593554 0.780873 2.000000 0.576920 0.793206 2.000000 0.547812 0.813620 2.000000 0.510764 0.835097 2.000000 0.492240 0.857638 2.000000 0.474095 0.880391 2.000000
0 0.607870 0.770220 0.124011 0.120585 0.642699 0.824678 2.000000 0.634004 0.810005 2.000000 0.619638 0.788528 2.000000 0.602249 0.761947 2.000000 0.583347 0.740258 2.000000 0.564445 0.730476 2.000000
