0 0.180633 0.329817 0.057120 0.126055 0.184248 0.387773 2.000000 0.182408 0.373628 2.000000 0.178115 0.348444 2.000000 0.175355 0.323950 2.000000 0.172902 0.292211 2.000000 0.174742 0.277205 2.000000
0 0.148102 0.499473 0.096512 0.144512 0.158555 0.563288 2.000000 0.153641 0.550104 2.000000 0.151373 0.520972 2.000000 0.147592 0.485885 2.000000 0.136251 0.465684 2.000000 0.133227 0.446971 2.000000
0 0.225799 0.483961 0.098706 0.256984 0.000000 0.000000 0.000000 0.221094 0.581199 2.000000 0.218448 0.538032 2.000000 0.219960 0.478917 2.000000 0.227143 0.408319 2.000000 0.225631 0.368979 2.000000
0 0.494287 0.589818 0.147313 0.127650 0.534976 0.540468 2.000000 0.525460 0.554107 2.000000 0.512580 0.570666 2.000000 0.497554 0.593953 2.000000 0.469342 0.622414 2.000000 0.444810 0.634316 2.000000
0 0.634568 0.547396 0.055556 0.129688 0.637082 0.609011 2.000000 0.637889 0.594142 2.000000 0.637889 0.570875 2.000000 0.635468 0.535008 2.000000 0.638292 0.510151 2.000000 0.647574 0.494034 2.000000
0 0.259740 0.601273 0.272805 0.084669 0.142962 0.629415 2.000000 0.167340 0.621999 2.000000 0.216592 0.610665 2.000000 0.279775 0.600451 2.000000 0.340470 0.584639 2.000000 0.364599 0.569248 2.000000
0 0.237115 0.640625 0.055403 0.111202 0.233580 0.689224 2.000000 0.232446 0.675402 2.000000 0.233958 0.642655 2.000000 0.000000 0.000000 0.000000 0.000000 0.000000 0.000000 0.000000 0.000000 0.000000
0 0.146604 0.838021 0.062963 0.146875 0.149294 0.770966 2.000000 0.146469 0.786402 2.000000 0.143749 0.811649 2.000000 0.140021 0.850184 2.000000 0.149342 0.880593 2.000000 0.163323 0.899467 2.000000
0 0.392954 0.805219 0.119455 0.132792 0.360760 0.853793 2.000000 0.368226 0.843578 2.000000 0.385554 0.818227 2.000000 0.401285 0.788853 2.000000 0.410629 0.762535 2.000000 0.408789 0.743561 2.000000
0 0.499366 0.750351 0.275934 0.207341 0.588567 0.829202 2.000000 0.568153 0.806662 2.000000 0.537532 0.764558 2.000000 0.505399 0.715012 2.000000 0.450206 0.684391 2.000000 0.388208 0.679925 2.000000
0 0.405170 0.907813 0.228934 0.036113 0.296013 0.908802 2.000000 0.320074 0.910551 2.000000 0.359958 0.911253 2.000000 0.424224 0.911465 2.000000 0.463917 0.907425 2.000000 0.486600 0.897431 2.000000
0 0.199447 0.969922 0.261239 0.060156 0.079236 0.951611 2.000000 0.104186 0.962243 2.000000 0.152197 0.975852 2.000000 0.217975 0.988611 2.000000 0.262961 0.994352 2.000000 0.299631 0.995203 2.000000
