0 0.167522 0.379293 0.159092 0.107851 0.120072 0.337727 2.000000 0.129972 0.347653 2.000000 0.155730 0.367662 2.000000 0.186396 0.390776 2.000000 0.201422 0.404748 2.000000 0.202342 0.424585 2.000000
0 0.383202 0.340835 0.219232 0.068545 0.287562 0.319825 2.000000 0.311776 0.324365 2.000000 0.360607 0.333559 2.000000 0.420334 0.343320 2.000000 0.447345 0.353152 2.000000 0.465308 0.369481 2.000000
0 0.221605 0.482812 0.224030 0.028547 0.331657 0.482352 2.000000 0.301310 0.482912 2.000000 0.243351 0.485850 2.000000 0.192606 0.487529 2.000000 0.144597 0.480813 2.000000 0.115990 0.473537 2.000000
0 0.145503 0.646980 0.094014 0.130824 0.120235 0.591583 2.000000 0.125459 0.606975 2.000000 0.137150 0.629082 2.000000 0.151577 0.657067 2.000000 0.157050 0.685471 2.000000 0.157576 0.701825 2.000000
0 0.228330 0.607506 0.169477 0.107401 0.162377 0.649533 2.000000 0.176098 0.638183 2.000000 0.207979 0.619342 2.000000 0.240062 0.595847 2.000000 0.263065 0.581432 2.000000 0.280419 0.564293 2.000000
0 0.355591 0.554327 0.154498 0.238742 0.319530 0.663452 2.000000 0.326335 0.634745 2.000000 0.350529 0.579670 2.000000 0.379638 0.524595 2.000000 0.392491 0.483767 2.000000 0.376614 0.451445 2.000000
0 0.340486 0.726278 0.304834 0.115367 0.208026 0.767929 2.000000 0.241724 0.757033 2.000000 0.308917 0.736376 2.000000 0.379338 0.712767 2.000000 0.000000 0.000000 0.000000 0.000000 0.000000 0.000000
0 0.531123 0.695671 0.196703 0.028687 0.620512 0.696805 2.000000 0.595491 0.695784 2.000000 0.553319 0.695557 2.000000 0.501461 0.693514 2.000000 0.470589 0.695443 2.000000 0.445164 0.699756 2.000000
0 0.235515 0.856435 0.246147 0.079662 0.128371 0.884847 2.000000 0.148768 0.879810 2.000000 0.193543 0.868896 2.000000 0.246278 0.854064 2.000000 0.287820 0.847488 2.000000 0.316675 0.840771 2.000000
0 0.305536 0.858523 0.236067 0.086679 0.198586 0.890489 2.000000 0.219209 0.882755 2.000000 0.263403 0.867748 2.000000 0.319709 0.852280 2.000000 0.359483 0.844546 2.000000 0.393201 0.837641 2.000000
0 0.569630 0.873714 0.230097 0.111407 0.656744 0.916434 2.000000 0.632615 0.905380 2.000000 0.595303 0.886771 2.000000 0.552766 0.867042 2.000000 0.502767 0.845913 2.000000 0.471425 0.840736 2.000000
0 0.537350 0.883757 0.197115 0.048819 0.000000 0.000000 0.000000 0.000000 0.000000 0.000000 0.000000 0.000000 0.000000 0.544205 0.878955 2.000000 0.499127 0.872401 2.000000 0.451595 0.880853 2.000000
