0 0.366569 0.131982 0.186110 0.056835 0.284789 0.115920 2.000000 0.303756 0.116942 2.000000 0.343305 0.122276 2.000000 0.381644 0.131470 2.000000 0.418973 0.140096 2.000000 0.434309 0.151333 2.000000
0 0.381756 0.233799 0.154471 0.130840 0.329218 0.287662 2.000000 0.340909 0.272830 2.000000 0.364789 0.246945 2.000000 0.391405 0.219520 2.000000 0.408320 0.202869 2.000000 0.424738 0.189717 2.000000
0 0.214712 0.357778 0.079358 0.123891 0.232487 0.413381 2.000000 0.226268 0.397990 2.000000 0.217810 0.374203 2.000000 0.208855 0.342860 2.000000 0.200398 0.318094 2.000000 0.195444 0.296879 2.000000
0 0.197999 0.483198 0.043878 0.142960 0.195134 0.551754 2.000000 0.196268 0.533254 2.000000 0.199670 0.505185 2.000000 0.207987 0.469248 2.000000 0.204673 0.441193 2.000000 0.183767 0.427788 2.000000
0 0.309782 0.489872 0.091459 0.133588 0.294125 0.546472 2.000000 0.297498 0.531293 2.000000 0.303018 0.502659 2.000000 0.308844 0.467988 2.000000 0.312218 0.448496 2.000000 0.321417 0.430730 2.000000
0 0.353930 0.572453 0.448826 0.079574 0.147177 0.598694 2.000000 0.209175 0.586786 2.000000 0.285538 0.572751 2.000000 0.404998 0.554464 2.000000 0.493458 0.552975 2.000000 0.562261 0.563820 2.000000
0 0.185206 0.550130 0.038426 0.071094 0.000000 0.000000 0.000000 0.000000 0.000000 0.000000 0.000000 0.000000 0.000000 0.000000 0.000000 0.000000 0.000000 0.000000 0.000000 0.000000 0.000000 0.000000
0 0.533896 0.562449 0.092221 0.123305 0.556898 0.617402 2.000000 0.551991 0.603257 2.000000 0.543712 0.578073 2.000000 0.530219 0.540987 2.000000 0.516420 0.524083 2.000000 0.506913 0.509593 2.000000
0 0.658265 0.533649 0.044160 0.131089 0.655428 0.472663 2.000000 0.657575 0.487497 2.000000 0.658801 0.511301 2.000000 0.662174 0.545455 2.000000 0.660028 0.571329 2.000000 0.654508 0.589785 2.000000
0 0.634312 0.081339 0.161535 0.114926 0.691974 0.036967 2.000000 0.671735 0.048179 2.000000 0.641070 0.067671 2.000000 0.603964 0.089750 2.000000 0.588632 0.112864 2.000000 0.595991 0.132873 2.000000
0 0.426114 0.772608 0.203230 0.193093 0.360914 0.851189 2.000000 0.378682 0.834178 2.000000 0.413083 0.801856 2.000000 0.460716 0.755286 2.000000 0.484532 0.721051 2.000000 0.472435 0.689154 2.000000
0 0.540704 0.801953 0.101616 0.119110 0.512402 0.852729 2.000000 0.523157 0.842347 2.000000 0.538451 0.817550 2.000000 0.554704 0.790813 2.000000 0.563290 0.768217 2.000000 0.551638 0.751485 2.000000
