0 0.206857 0.142302 0.130512 0.137943 0.240739 0.084764 2.000000 0.231532 0.096317 2.000000 0.213117 0.120220 2.000000 0.191870 0.144921 2.000000 0.182663 0.167629 2.000000 0.198952 0.187150 2.000000
0 0.543360 0.148091 0.117586 0.108505 0.573616 0.106277 2.000000 0.563700 0.114643 2.000000 0.548827 0.138945 2.000000 0.538911 0.160856 2.000000 0.522622 0.175198 2.000000 0.488626 0.183564 2.000000
0 0.379081 0.356816 0.207825 0.082997 0.295982 0.329375 2.000000 0.316522 0.338538 2.000000 0.342244 0.348175 2.000000 0.388280 0.364191 2.000000 0.422702 0.372931 2.000000 0.452266 0.373572 2.000000
0 0.315686 0.407221 0.413865 0.184030 0.144444 0.341955 2.000000 0.188296 0.358342 2.000000 0.263733 0.384733 2.000000 0.344383 0.416472 2.000000 0.424419 0.456145 2.000000 0.463058 0.479259 2.000000
0 0.138107 0.542935 0.094950 0.136210 0.125495 0.485282 2.000000 0.126415 0.501669 2.000000 0.136535 0.531511 2.000000 0.145734 0.557039 2.000000 0.152174 0.574979 2.000000 0.147268 0.595333 2.000000
0 0.348017 0.577254 0.204501 0.126530 0.274124 0.530490 2.000000 0.290758 0.543674 2.000000 0.324025 0.565576 2.000000 0.358426 0.589393 2.000000 0.386779 0.607467 2.000000 0.412107 0.618100 2.000000
0 0.523014 0.676329 0.335607 0.135542 0.378659 0.728164 2.000000 0.419486 0.715405 2.000000 0.477704 0.697968 2.000000 0.552555 0.674790 2.000000 0.600188 0.656290 2.000000 0.625138 0.637577 2.000000
0 0.394922 0.651979 0.192356 0.131126 0.464473 0.705623 2.000000 0.448595 0.694353 2.000000 0.419864 0.675640 2.000000 0.374878 0.647784 2.000000 0.348416 0.624393 2.000000 0.341233 0.602916 2.000000
0 0.225523 0.833392 0.141415 0.115712 0.180453 0.882483 2.000000 0.189039 0.872133 2.000000 0.212958 0.853676 2.000000 0.242397 0.831080 2.000000 0.246077 0.813313 2.000000 0.243930 0.795029 2.000000
0 0.571685 0.744474 0.211479 0.094629 0.641293 0.774490 2.000000 0.622587 0.765348 2.000000 0.594068 0.748789 2.000000 0.552363 0.730504 2.000000 0.522005 0.727227 2.000000 0.495939 0.727055 2.000000
0 0.557346 0.791046 0.111101 0.113866 0.000000 0.000000 0.000000 0.000000 0.000000 0.000000 0.571889 0.762628 2.000000 0.553184 0.785053 2.000000 0.541224 0.819551 2.000000 0.557783 0.844218 2.000000
0 0.535579 0.819453 0.195421 0.136614 0.592092 0.770196 2.000000 0.574324 0.784444 2.000000 0.000000 0.000000 0.000000 0.513838 0.821656 2.000000 0.487376 0.846749 2.000000 0.480193 0.869076 2.000000
