0 0.225135 0.246977 0.178639 0.112716 0.160863 0.203267 2.000000 0.176783 0.214461 2.000000 0.202156 0.233071 2.000000 0.226782 0.251121 2.000000 0.258622 0.271270 2.000000 0.289467 0.285822 2.000000
0 0.286637 0.332488 0.221504 0.030599 0.183340 0.335964 2.000000 0.205479 0.334285 2.000000 0.255229 0.331487 2.000000 0.306721 0.329108 2.000000 0.344531 0.331067 2.000000 0.373386 0.338623 2.000000
0 0.419520 0.376928 0.219911 0.100065 0.511637 0.344865 2.000000 0.488025 0.353490 2.000000 0.453680 0.364530 2.000000 0.403695 0.378674 2.000000 0.361070 0.392819 2.000000 0.336231 0.403686 2.000000
0 0.380532 0.451479 0.455293 0.089636 0.169787 0.434408 2.000000 0.230482 0.436087 2.000000 0.309087 0.440285 2.000000 0.416797 0.449380 2.000000 0.502616 0.460574 2.000000 0.566296 0.467010 2.000000
0 0.156790 0.569010 0.064815 0.145313 0.154668 0.506146 2.000000 0.151908 0.520980 2.000000 0.156201 0.544267 2.000000 0.161721 0.569106 2.000000 0.162641 0.600327 2.000000 0.148841 0.621371 2.000000
0 0.222956 0.599368 0.243522 0.062279 0.122973 0.618555 2.000000 0.000000 0.000000 0.000000 0.188752 0.607073 2.000000 0.246591 0.595590 2.000000 0.288931 0.593889 2.000000 0.320308 0.595377 2.000000
0 0.389072 0.695564 0.349326 0.132557 0.244844 0.743319 2.000000 0.282157 0.730726 2.000000 0.343350 0.712116 2.000000 0.413249 0.688049 2.000000 0.470710 0.669580 2.000000 0.517475 0.653908 2.000000
0 0.205688 0.769078 0.231324 0.038155 0.102145 0.764972 2.000000 0.125552 0.767582 2.000000 0.172567 0.768944 2.000000 0.226240 0.772349 2.000000 0.267202 0.773825 2.000000 0.298882 0.775868 2.000000
0 0.354068 0.795872 0.183222 0.111295 0.291242 0.833293 2.000000 0.303846 0.824915 2.000000 0.331508 0.805672 2.000000 0.364407 0.782286 2.000000 0.393870 0.770501 2.000000 0.418095 0.767187 2.000000
0 0.595965 0.793198 0.094798 0.133879 0.573913 0.734033 2.000000 0.578554 0.751399 2.000000 0.584204 0.772851 2.000000 0.589905 0.798393 2.000000 0.595453 0.821204 2.000000 0.600077 0.839002 2.000000
0 0.569859 0.795577 0.151143 0.126098 0.620221 0.749787 2.000000 0.606145 0.762216 2.000000 0.000000 0.000000 0.000000 0.560875 0.793985 2.000000 0.534414 0.816885 2.000000 0.516643 0.840226 2.000000
0 0.547560 0.687568 0.204066 0.084490 0.627307 0.712971 2.000000 0.607158 0.706954 2.000000 0.568602 0.695200 2.000000 0.525071 0.682327 2.000000 0.492236 0.672113 2.000000 0.475818 0.661199 2.000000
