0 0.251677 0.269404 0.184299 0.110631 0.176971 0.223052 2.000000 0.190952 0.232227 2.000000 0.218448 0.251888 2.000000 0.257129 0.276267 2.000000 0.288819 0.292782 2.000000 0.320509 0.304579 2.000000
0 0.282146 0.336449 0.233175 0.031191 0.176039 0.328958 2.000000 0.198409 0.330269 2.000000 0.246876 0.333677 2.000000 0.301402 0.337871 2.000000 0.339617 0.343114 2.000000 0.363850 0.347308 2.000000
0 0.418106 0.385857 0.227369 0.101332 0.504593 0.352813 2.000000 0.482223 0.359891 2.000000 0.440746 0.373261 2.000000 0.394143 0.386368 2.000000 0.356394 0.401048 2.000000 0.327034 0.418611 2.000000
0 0.419696 0.459534 0.447871 0.078227 0.210525 0.445874 2.000000 0.264119 0.447972 2.000000 0.357326 0.454001 2.000000 0.457523 0.462652 2.000000 0.539545 0.468943 2.000000 0.608518 0.473662 2.000000
0 0.149882 0.566982 0.094811 0.127250 0.127889 0.509554 2.000000 0.133559 0.523589 2.000000 0.147169 0.545279 2.000000 0.154729 0.571009 2.000000 0.158888 0.597589 2.000000 0.162668 0.620980 2.000000
0 0.235062 0.602452 0.227975 0.053361 0.127133 0.616302 2.000000 0.153217 0.613325 2.000000 0.197825 0.606308 2.000000 0.249616 0.598015 2.000000 0.293090 0.599078 2.000000 0.325980 0.605032 2.000000
0 0.224614 0.773047 0.232870 0.040470 0.115017 0.765044 2.000000 0.143370 0.765682 2.000000 0.189112 0.768659 2.000000 0.238257 0.774188 2.000000 0.280975 0.776314 2.000000 0.312730 0.777803 2.000000
0 0.330984 0.806009 0.175686 0.092627 0.267365 0.838832 2.000000 0.285133 0.829050 2.000000 0.310839 0.810975 2.000000 0.342216 0.794602 2.000000 0.370947 0.784182 2.000000 0.392117 0.777803 2.000000
0 0.608922 0.803645 0.092959 0.142832 0.582138 0.740625 2.000000 0.588186 0.758274 2.000000 0.598771 0.786556 2.000000 0.607088 0.809947 2.000000 0.612381 0.830574 2.000000 0.612759 0.852901 2.000000
0 0.576717 0.800879 0.171244 0.126366 0.633252 0.753990 2.000000 0.615697 0.768632 2.000000 0.000000 0.000000 0.000000 0.562628 0.801548 2.000000 0.532966 0.831626 2.000000 0.524662 0.847173 2.000000
0 0.560264 0.687496 0.210095 0.075008 0.644640 0.712949 2.000000 0.618942 0.705986 2.000000 0.582273 0.693440 2.000000 0.533128 0.678342 2.000000 0.488898 0.673876 2.000000 0.465082 0.672813 2.000000
0 0.393853 0.693805 0.348703 0.142298 0.246577 0.747664 2.000000 0.284003 0.734693 2.000000 0.353561 0.706624 2.000000 0.435595 0.679830 2.000000 0.496459 0.661330 2.000000 0.528592 0.653675 2.000000
