0 0.247875 0.413809 0.133579 0.121368 0.280026 0.464549 2.000000 0.271024 0.449265 2.000000 0.259075 0.429654 2.000000 0.240415 0.401573 2.000000 0.218318 0.379200 2.000000 0.199843 0.367923 2.000000
0 0.570074 0.451909 0.083812 0.129282 0.555620 0.396395 2.000000 0.559600 0.410807 2.000000 0.564823 0.433895 2.000000 0.573032 0.463138 2.000000 0.580495 0.489304 2.000000 0.579997 0.503016 2.000000
0 0.187430 0.589146 0.083977 0.121334 0.174299 0.645669 2.000000 0.179512 0.631697 2.000000 0.180951 0.606981 2.000000 0.186069 0.582582 2.000000 0.194539 0.560630 2.000000 0.205885 0.541828 2.000000
0 0.328235 0.549878 0.148664 0.247589 0.358751 0.666300 2.000000 0.346562 0.644332 2.000000 0.334871 0.600956 2.000000 0.322434 0.547086 2.000000 0.304772 0.484820 2.000000 0.294325 0.444663 2.000000
0 0.175437 0.704400 0.095002 0.132055 0.197587 0.649418 2.000000 0.187886 0.662990 2.000000 0.178930 0.690835 2.000000 0.169229 0.718679 2.000000 0.160025 0.742466 2.000000 0.148832 0.758137 2.000000
0 0.152815 0.828920 0.086861 0.148711 0.136130 0.761262 2.000000 0.142570 0.778512 2.000000 0.151156 0.806455 2.000000 0.152382 0.839574 2.000000 0.158822 0.868553 2.000000 0.155756 0.888907 2.000000
0 0.233937 0.801517 0.117009 0.134650 0.195978 0.862327 2.000000 0.203242 0.849615 2.000000 0.216156 0.829184 2.000000 0.236536 0.798652 2.000000 0.254292 0.773341 2.000000 0.261960 0.760175 2.000000
0 0.346017 0.800845 0.231711 0.074898 0.245212 0.824644 2.000000 0.265390 0.819764 2.000000 0.308773 0.807846 2.000000 0.356394 0.796269 2.000000 0.399777 0.786508 2.000000 0.421569 0.776179 2.000000
0 0.338122 0.725572 0.125433 0.109528 0.368299 0.770390 2.000000 0.358815 0.751889 2.000000 0.344085 0.730778 2.000000 0.328548 0.709099 2.000000 0.316052 0.693420 2.000000 0.321687 0.681859 2.000000
0 0.501231 0.675223 0.340635 0.108520 0.000000 0.000000 0.000000 0.369142 0.710675 2.000000 0.433233 0.696703 2.000000 0.504683 0.677383 2.000000 0.561721 0.660479 2.000000 0.600666 0.646507 2.000000
0 0.650744 0.735677 0.047166 0.126562 0.648342 0.791546 2.000000 0.649875 0.778954 2.000000 0.650182 0.748940 2.000000 0.653862 0.717029 2.000000 0.657848 0.698400 2.000000 0.659995 0.683048 2.000000
0 0.344725 0.886849 0.183312 0.132282 0.282883 0.835250 2.000000 0.294602 0.849710 2.000000 0.324467 0.874377 2.000000 0.355844 0.902021 2.000000 0.388355 0.920308 2.000000 0.412549 0.926900 2.000000
