0 0.253454 0.079216 0.208412 0.102015 0.161969 0.042595 2.000000 0.185173 0.048724 2.000000 0.218064 0.060414 2.000000 0.266491 0.075737 2.000000 0.297969 0.100821 2.000000 0.320787 0.119741 2.000000
0 0.370984 0.218755 0.131881 0.134389 0.331864 0.275578 2.000000 0.340559 0.261969 2.000000 0.357192 0.238791 2.000000 0.382521 0.208383 2.000000 0.397264 0.189032 2.000000 0.403313 0.168193 2.000000
0 0.631812 0.147866 0.176870 0.108670 0.692785 0.105231 2.000000 0.677759 0.118168 2.000000 0.652000 0.137659 2.000000 0.621948 0.158186 2.000000 0.586683 0.180437 2.000000 0.559165 0.191017 2.000000
0 0.223821 0.272811 0.096382 0.125016 0.208811 0.330196 2.000000 0.214331 0.312429 2.000000 0.225064 0.288108 2.000000 0.245303 0.252574 2.000000 0.241930 0.231530 2.000000 0.221384 0.220836 2.000000
0 0.203048 0.377034 0.142558 0.140005 0.163246 0.437885 2.000000 0.172753 0.420980 2.000000 0.192992 0.393209 2.000000 0.226417 0.359055 2.000000 0.244203 0.340081 2.000000 0.241054 0.320808 2.000000
0 0.238075 0.419266 0.062348 0.124901 0.229361 0.475765 2.000000 0.228863 0.457016 2.000000 0.228863 0.430151 2.000000 0.227619 0.395170 2.000000 0.237569 0.377680 2.000000 0.252992 0.363688 2.000000
0 0.310632 0.426006 0.067203 0.138116 0.298735 0.488277 2.000000 0.302108 0.472926 2.000000 0.306401 0.445499 2.000000 0.309774 0.413070 2.000000 0.315294 0.395821 2.000000 0.318054 0.376157 2.000000
0 0.388937 0.468872 0.109359 0.130975 0.418953 0.525586 2.000000 0.410258 0.511338 2.000000 0.395136 0.488160 2.000000 0.372832 0.462005 2.000000 0.361491 0.441165 2.000000 0.371698 0.420539 2.000000
0 0.370896 0.604816 0.276305 0.235336 0.267009 0.708804 2.000000 0.292716 0.683287 2.000000 0.334678 0.635867 2.000000 0.393651 0.576326 2.000000 0.435613 0.538901 2.000000 0.474363 0.510216 2.000000
0 0.477463 0.665900 0.288920 0.093257 0.606585 0.665509 2.000000 0.567640 0.661541 2.000000 0.495883 0.650674 2.000000 0.420446 0.639980 2.000000 0.367088 0.656712 2.000000 0.344703 0.681896 2.000000
0 0.616326 0.683186 0.053964 0.122788 0.608740 0.738964 2.000000 0.612420 0.727234 2.000000 0.619166 0.706362 2.000000 0.627139 0.674106 2.000000 0.624993 0.649612 2.000000 0.599541 0.634088 2.000000
0 0.680594 0.649887 0.071273 0.130359 0.695938 0.588183 2.000000 0.690646 0.606046 2.000000 0.683841 0.628586 2.000000 0.675524 0.657931 2.000000 0.667208 0.691104 2.000000 0.669854 0.713006 2.000000
