0 0.209377 0.167507 0.133871 0.128319 0.166627 0.110560 2.000000 0.173286 0.123386 2.000000 0.183980 0.143362 2.000000 0.196289 0.172645 2.000000 0.221713 0.195800 2.000000 0.242698 0.213166 2.000000
0 0.523968 0.292208 0.072905 0.135729 0.529812 0.233831 2.000000 0.525140 0.247993 2.000000 0.519927 0.270589 2.000000 0.509807 0.299568 2.000000 0.508580 0.321992 2.000000 0.518393 0.340276 2.000000
0 0.335176 0.331364 0.237914 0.041967 0.227872 0.339527 2.000000 0.251791 0.336250 2.000000 0.294416 0.335560 2.000000 0.352067 0.331765 2.000000 0.397145 0.326245 2.000000 0.418684 0.322693 2.000000
0 0.333707 0.427648 0.435057 0.145417 0.142330 0.376970 2.000000 0.193028 0.387721 2.000000 0.280176 0.408168 2.000000 0.365460 0.430712 2.000000 0.457735 0.458500 2.000000 0.507601 0.474490 2.000000
0 0.196183 0.536271 0.148748 0.124800 0.157116 0.480345 2.000000 0.161652 0.495017 2.000000 0.177530 0.523937 2.000000 0.194163 0.552644 2.000000 0.214577 0.573696 2.000000 0.242174 0.585179 2.000000
0 0.293432 0.594233 0.230722 0.064402 0.182552 0.612417 2.000000 0.212921 0.608201 2.000000 0.260175 0.602885 2.000000 0.309320 0.596719 2.000000 0.354684 0.588000 2.000000 0.377367 0.575454 2.000000
0 0.201737 0.804204 0.149922 0.122008 0.149640 0.852167 2.000000 0.161829 0.841113 2.000000 0.176007 0.823483 2.000000 0.194166 0.798157 2.000000 0.214813 0.781786 2.000000 0.234215 0.768773 2.000000
0 0.459089 0.731766 0.091895 0.104549 0.476292 0.776517 2.000000 0.468591 0.765165 2.000000 0.454352 0.743607 2.000000 0.442700 0.719113 2.000000 0.444539 0.700656 2.000000 0.463552 0.682889 2.000000
0 0.448566 0.680347 0.353486 0.124160 0.291691 0.728187 2.000000 0.330629 0.716278 2.000000 0.388090 0.695439 2.000000 0.460295 0.674600 2.000000 0.521159 0.659077 2.000000 0.559719 0.648232 2.000000
0 0.569964 0.710298 0.202837 0.077273 0.656739 0.737133 2.000000 0.634660 0.731441 2.000000 0.593875 0.720229 2.000000 0.543891 0.707810 2.000000 0.505982 0.697674 2.000000 0.492169 0.686593 2.000000
0 0.588734 0.783463 0.050537 0.120029 0.582439 0.729588 2.000000 0.582937 0.745819 2.000000 0.586419 0.767507 2.000000 0.587912 0.794512 2.000000 0.589902 0.818718 2.000000 0.587869 0.836212 2.000000
0 0.560867 0.802352 0.142275 0.123154 0.609976 0.754317 2.000000 0.000000 0.000000 0.000000 0.000000 0.000000 0.000000 0.553320 0.797462 2.000000 0.521363 0.824877 2.000000 0.515181 0.846742 2.000000
