0 0.394989 0.112121 0.244080 0.085957 0.300605 0.139318 2.000000 0.320505 0.129664 2.000000 0.361051 0.116931 2.000000 0.423488 0.100979 2.000000 0.457816 0.093284 2.000000 0.484432 0.086987 2.000000
0 0.493567 0.195052 0.053185 0.134375 0.493138 0.132632 2.000000 0.491646 0.146905 2.000000 0.492641 0.173770 2.000000 0.494382 0.203713 2.000000 0.489407 0.237015 2.000000 0.483934 0.256044 2.000000
0 0.300977 0.294251 0.452526 0.102643 0.092302 0.276848 2.000000 0.137077 0.274749 2.000000 0.217921 0.276988 2.000000 0.333093 0.283005 2.000000 0.449757 0.304693 2.000000 0.504731 0.320364 2.000000
0 0.641485 0.404687 0.061913 0.136651 0.644017 0.472359 2.000000 0.642790 0.457007 2.000000 0.642177 0.435790 2.000000 0.639417 0.401119 2.000000 0.636351 0.372140 2.000000 0.621631 0.350751 2.000000
0 0.565727 0.410700 0.204983 0.106296 0.000000 0.000000 0.000000 0.000000 0.000000 0.000000 0.609615 0.432155 2.000000 0.563944 0.407776 2.000000 0.527127 0.389688 2.000000 0.501495 0.378678 2.000000
0 0.295714 0.456736 0.217392 0.142487 0.376263 0.514517 2.000000 0.350984 0.497713 2.000000 0.323982 0.475414 2.000000 0.282617 0.443744 2.000000 0.244124 0.423385 2.000000 0.219995 0.403025 2.000000
0 0.189760 0.615116 0.061530 0.151065 0.185454 0.684348 2.000000 0.188902 0.666574 2.000000 0.192349 0.640721 2.000000 0.194072 0.607758 2.000000 0.199243 0.586106 2.000000 0.191774 0.563808 2.000000
0 0.436455 0.671820 0.286655 0.178597 0.337345 0.740547 2.000000 0.361917 0.725024 2.000000 0.402367 0.698018 2.000000 0.454914 0.659742 2.000000 0.502546 0.629759 2.000000 0.535057 0.607856 2.000000
0 0.112234 0.893276 0.060646 0.146434 0.120807 0.960586 2.000000 0.114759 0.947615 2.000000 0.111734 0.921460 2.000000 0.111356 0.882120 2.000000 0.101528 0.851925 2.000000 0.097747 0.832787 2.000000
0 0.217397 0.897374 0.219971 0.036935 0.000000 0.000000 0.000000 0.000000 0.000000 0.000000 0.157099 0.902747 2.000000 0.221743 0.895942 2.000000 0.276936 0.889988 2.000000 0.000000 0.000000 0.000000
0 0.390735 0.853612 0.104220 0.143687 0.364160 0.916446 2.000000 0.368887 0.905672 2.000000 0.379832 0.886223 2.000000 0.397493 0.854601 2.000000 0.403961 0.827316 2.000000 0.411921 0.798352 2.000000
0 0.402523 0.900888 0.238271 0.060724 0.289038 0.890561 2.000000 0.315654 0.898396 2.000000 0.346250 0.903574 2.000000 0.406697 0.911129 2.000000 0.457442 0.906652 2.000000 0.483561 0.909310 2.000000
