0 0.375333 0.148043 0.222253 0.069519 0.471240 0.169870 2.000000 0.449314 0.164554 2.000000 0.413022 0.156049 2.000000 0.369926 0.146905 2.000000 0.315111 0.138399 2.000000 0.282600 0.130318 2.000000
0 0.583728 0.188717 0.195101 0.095529 0.498458 0.152221 2.000000 0.521140 0.160514 2.000000 0.560078 0.178164 2.000000 0.603552 0.196451 2.000000 0.630015 0.208147 2.000000 0.640978 0.225371 2.000000
0 0.421045 0.302864 0.098342 0.121477 0.400387 0.247283 2.000000 0.406854 0.260995 2.000000 0.418545 0.287720 2.000000 0.437948 0.316544 2.000000 0.441355 0.338813 2.000000 0.424764 0.354883 2.000000
0 0.237228 0.383139 0.391311 0.206339 0.099868 0.317979 2.000000 0.154305 0.335416 2.000000 0.239120 0.363084 2.000000 0.342740 0.414348 2.000000 0.000000 0.000000 0.000000 0.362321 0.463209 2.000000
0 0.168264 0.477745 0.182036 0.128886 0.097552 0.426468 2.000000 0.116831 0.439439 2.000000 0.148208 0.457514 2.000000 0.184500 0.479629 2.000000 0.211718 0.502808 2.000000 0.213231 0.524497 2.000000
0 0.390253 0.454736 0.203159 0.099306 0.305849 0.414773 2.000000 0.328909 0.425192 2.000000 0.373896 0.441141 2.000000 0.420016 0.460279 2.000000 0.450637 0.480905 2.000000 0.466515 0.498980 2.000000
0 0.564557 0.439668 0.133428 0.134720 0.592022 0.384364 2.000000 0.581059 0.398611 2.000000 0.565182 0.421577 2.000000 0.544390 0.445819 2.000000 0.534939 0.472399 2.000000 0.548548 0.494302 2.000000
0 0.469213 0.534863 0.221472 0.056171 0.566972 0.549379 2.000000 0.538863 0.544202 2.000000 0.500805 0.538186 2.000000 0.443592 0.527691 2.000000 0.411503 0.523214 2.000000 0.382150 0.518177 2.000000
0 0.119504 0.688435 0.089702 0.147575 0.098154 0.625259 2.000000 0.102313 0.643547 2.000000 0.114032 0.665237 2.000000 0.133311 0.694156 2.000000 0.136714 0.722651 2.000000 0.128019 0.747743 2.000000
0 0.334855 0.608633 0.190148 0.140704 0.403877 0.664560 2.000000 0.389771 0.653693 2.000000 0.365852 0.629716 2.000000 0.330280 0.599530 2.000000 0.300534 0.580424 2.000000 0.274775 0.566412 2.000000
0 0.444590 0.720678 0.335811 0.091875 0.299017 0.734352 2.000000 0.341335 0.736939 2.000000 0.419839 0.735732 2.000000 0.502022 0.728832 2.000000 0.554460 0.709513 2.000000 0.581752 0.684674 2.000000
0 0.561685 0.816074 0.163190 0.123921 0.621009 0.867728 2.000000 0.599083 0.859010 2.000000 0.565816 0.840722 2.000000 0.551829 0.818395 2.000000 0.538976 0.793302 2.000000 0.522342 0.770975 2.000000
