0 0.139513 0.536952 0.045482 0.124511 0.147832 0.478811 2.000000 0.140366 0.491864 2.000000 0.134990 0.515513 2.000000 0.127067 0.545922 2.000000 0.126135 0.571088 2.000000 0.144311 0.592846 2.000000
0 0.162099 0.553249 0.068287 0.069594 0.176879 0.580096 2.000000 0.165436 0.564285 2.000000 0.151009 0.543156 2.000000 0.000000 0.000000 0.000000 0.000000 0.000000 0.000000 0.000000 0.000000 0.000000
0 0.445169 0.374042 0.209174 0.093989 0.358698 0.342062 2.000000 0.381499 0.348532 2.000000 0.419030 0.362833 2.000000 0.463220 0.379858 2.000000 0.496716 0.394160 2.000000 0.526781 0.411752 2.000000
0 0.233725 0.606120 0.046154 0.122656 0.225433 0.663199 2.000000 0.228695 0.649339 2.000000 0.234416 0.621354 2.000000 0.234665 0.592111 2.000000 0.232675 0.565385 2.000000 0.236080 0.546643 2.000000
0 0.325936 0.582237 0.114988 0.244564 0.345949 0.697909 2.000000 0.337362 0.668586 2.000000 0.329389 0.618218 2.000000 0.323797 0.562886 2.000000 0.310439 0.509044 2.000000 0.290403 0.483527 2.000000
0 0.179929 0.712452 0.160687 0.118135 0.128715 0.667819 2.000000 0.140158 0.679852 2.000000 0.170257 0.704339 2.000000 0.201848 0.731484 2.000000 0.211052 0.749953 2.000000 0.224733 0.765485 2.000000
0 0.288980 0.765480 0.357681 0.092418 0.125035 0.799813 2.000000 0.163250 0.790638 2.000000 0.220572 0.776744 2.000000 0.305856 0.756821 2.000000 0.374829 0.744501 2.000000 0.435413 0.742666 2.000000
0 0.226450 0.840537 0.225409 0.047293 0.122693 0.853533 2.000000 0.150726 0.850319 2.000000 0.200626 0.844578 2.000000 0.253551 0.838836 2.000000 0.306804 0.835956 2.000000 0.330763 0.828590 2.000000
0 0.365216 0.823029 0.077986 0.142502 0.345266 0.756242 2.000000 0.348867 0.775209 2.000000 0.357405 0.800982 2.000000 0.366111 0.830786 2.000000 0.372827 0.861569 2.000000 0.370091 0.889133 2.000000
0 0.222543 0.905730 0.241667 0.106181 0.119387 0.949475 2.000000 0.141028 0.940660 2.000000 0.182570 0.923869 2.000000 0.233315 0.901761 2.000000 0.275851 0.883711 2.000000 0.300726 0.870699 2.000000
0 0.458621 0.891783 0.199140 0.082546 0.537063 0.920260 2.000000 0.513657 0.914551 2.000000 0.479107 0.902912 2.000000 0.433108 0.887387 2.000000 0.400603 0.870828 2.000000 0.379137 0.864273 2.000000
0 0.574987 0.880424 0.236700 0.089153 0.668308 0.914368 2.000000 0.641323 0.903328 2.000000 0.605444 0.887632 2.000000 0.564966 0.870037 2.000000 0.519888 0.855203 2.000000 0.485543 0.850718 2.000000
