0 0.302562 0.300207 0.198616 0.063634 0.214612 0.280187 2.000000 0.234992 0.285862 2.000000 0.275147 0.296304 2.000000 0.322767 0.306746 2.000000 0.360096 0.310492 2.000000 0.389960 0.308562 2.000000
0 0.227082 0.329282 0.210916 0.074248 0.140486 0.309103 2.000000 0.161066 0.314406 2.000000 0.200446 0.324292 2.000000 0.243463 0.334558 2.000000 0.284197 0.340878 2.000000 0.312029 0.343757 2.000000
0 0.378768 0.404139 0.238453 0.101694 0.473887 0.367179 2.000000 0.448763 0.375854 2.000000 0.412197 0.391106 2.000000 0.366924 0.408456 2.000000 0.326378 0.420629 2.000000 0.290558 0.433222 2.000000
0 0.144768 0.576788 0.112933 0.144786 0.124897 0.516057 2.000000 0.129135 0.533082 2.000000 0.144874 0.561458 2.000000 0.162025 0.593238 2.000000 0.171509 0.615711 2.000000 0.185028 0.630807 2.000000
0 0.233640 0.606761 0.229196 0.034539 0.126000 0.609197 2.000000 0.000000 0.000000 0.000000 0.193464 0.604022 2.000000 0.258781 0.606955 2.000000 0.304166 0.608507 2.000000 0.334524 0.599710 2.000000
0 0.431370 0.469082 0.415657 0.173000 0.259765 0.531128 2.000000 0.308405 0.509826 2.000000 0.371027 0.484619 2.000000 0.479611 0.460705 2.000000 0.554872 0.437437 2.000000 0.587620 0.407060 2.000000
0 0.377132 0.695312 0.307351 0.110797 0.248696 0.734762 2.000000 0.285801 0.720445 2.000000 0.336092 0.704921 2.000000 0.408462 0.686292 2.000000 0.461820 0.671285 2.000000 0.507818 0.655760 2.000000
0 0.553905 0.678808 0.223363 0.072670 0.646412 0.703859 2.000000 0.624333 0.698166 2.000000 0.592441 0.687472 2.000000 0.549203 0.679365 2.000000 0.500138 0.666428 2.000000 0.473766 0.655215 2.000000
0 0.316313 0.780104 0.227250 0.058343 0.219585 0.767485 2.000000 0.246019 0.770322 2.000000 0.295455 0.772819 2.000000 0.354779 0.777019 2.000000 0.391503 0.791434 2.000000 0.408251 0.807551 2.000000
0 0.289660 0.822656 0.200925 0.072686 0.206496 0.844487 2.000000 0.226628 0.838411 2.000000 0.271477 0.826902 2.000000 0.315507 0.811342 2.000000 0.351189 0.803240 2.000000 0.000000 0.000000 0.000000
0 0.621377 0.801419 0.080086 0.132198 0.627296 0.743973 2.000000 0.624311 0.762023 2.000000 0.621824 0.786229 2.000000 0.618341 0.810016 2.000000 0.613864 0.830305 2.000000 0.608391 0.848075 2.000000
0 0.551492 0.818276 0.141676 0.099386 0.000000 0.000000 0.000000 0.000000 0.000000 0.000000 0.598192 0.789727 2.000000 0.567596 0.809317 2.000000 0.538243 0.818971 2.000000 0.519338 0.841219 2.000000
