0 0.462565 0.119104 0.247634 0.078091 0.364046 0.138700 2.000000 0.389667 0.132264 2.000000 0.436681 0.124708 2.000000 0.488919 0.115613 2.000000 0.527475 0.109316 2.000000 0.556828 0.103580 2.000000
0 0.521996 0.204879 0.093661 0.130951 0.506340 0.145454 2.000000 0.509574 0.159026 2.000000 0.517285 0.182673 2.000000 0.527484 0.211357 2.000000 0.531713 0.240041 2.000000 0.530469 0.259350 2.000000
0 0.211379 0.361827 0.189335 0.158116 0.280452 0.423152 2.000000 0.258986 0.403661 2.000000 0.230467 0.380202 2.000000 0.189069 0.344323 2.000000 0.168216 0.316379 2.000000 0.156870 0.298785 2.000000
0 0.325077 0.315364 0.408674 0.194271 0.157866 0.247465 2.000000 0.210721 0.260715 2.000000 0.273918 0.280751 2.000000 0.396864 0.326317 2.000000 0.439378 0.361542 2.000000 0.487063 0.395474 2.000000
0 0.563735 0.380860 0.179626 0.127269 0.625662 0.432845 2.000000 0.607953 0.420787 2.000000 0.590244 0.401388 2.000000 0.556689 0.370717 2.000000 0.525931 0.352105 2.000000 0.508688 0.334804 2.000000
0 0.700309 0.339974 0.056481 0.134636 0.696770 0.400806 2.000000 0.697345 0.383032 2.000000 0.697345 0.362026 2.000000 0.699068 0.333264 2.000000 0.700792 0.299332 2.000000 0.700792 0.279296 2.000000
0 0.238564 0.574145 0.086562 0.152978 0.257760 0.639614 2.000000 0.251535 0.622080 2.000000 0.242918 0.593319 2.000000 0.236023 0.562295 2.000000 0.232576 0.534826 2.000000 0.235449 0.517052 2.000000
0 0.462827 0.736719 0.088852 0.140654 0.480252 0.799413 2.000000 0.475716 0.782614 2.000000 0.470045 0.757309 2.000000 0.453412 0.723074 2.000000 0.441693 0.697343 2.000000 0.440722 0.679116 2.000000
0 0.150772 0.897526 0.052778 0.143490 0.142123 0.962854 2.000000 0.146719 0.948635 2.000000 0.153613 0.919550 2.000000 0.165678 0.879478 2.000000 0.165678 0.852979 2.000000 0.154188 0.834881 2.000000
0 0.300496 0.897872 0.220953 0.078619 0.211639 0.923428 2.000000 0.230598 0.917611 2.000000 0.261622 0.905331 2.000000 0.305285 0.892081 2.000000 0.348948 0.884972 2.000000 0.377674 0.885941 2.000000
0 0.547695 0.908845 0.241808 0.033851 0.440296 0.909855 2.000000 0.467873 0.908240 2.000000 0.512111 0.906624 2.000000 0.576456 0.910825 2.000000 0.626439 0.908563 2.000000 0.642525 0.896606 2.000000
0 0.431878 0.721060 0.282935 0.191079 0.333404 0.800167 2.000000 0.354376 0.783128 2.000000 0.390727 0.749049 2.000000 0.433136 0.711562 2.000000 0.483933 0.678532 2.000000 0.535197 0.663852 2.000000
