0 0.463197 0.134400 0.219559 0.046926 0.367989 0.145159 2.000000 0.393155 0.139392 2.000000 0.431369 0.134673 2.000000 0.482633 0.130217 2.000000 0.523178 0.125498 2.000000 0.548810 0.126547 2.000000
0 0.489420 0.208286 0.160729 0.114285 0.433834 0.163663 2.000000 0.447327 0.171771 2.000000 0.468486 0.192125 2.000000 0.494858 0.216619 2.000000 0.517550 0.236111 2.000000 0.542696 0.251635 2.000000
0 0.674254 0.126927 0.119061 0.146562 0.694877 0.191816 2.000000 0.686419 0.175166 2.000000 0.676469 0.153058 2.000000 0.662539 0.118077 2.000000 0.644878 0.085475 2.000000 0.651345 0.066446 2.000000
0 0.189668 0.347548 0.166544 0.161242 0.242425 0.413409 2.000000 0.228816 0.395122 2.000000 0.209536 0.373645 2.000000 0.183830 0.336432 2.000000 0.160013 0.303047 2.000000 0.127124 0.283271 2.000000
0 0.410975 0.283752 0.205415 0.137423 0.472073 0.338778 2.000000 0.455061 0.326232 2.000000 0.436159 0.310922 2.000000 0.396088 0.285617 2.000000 0.362442 0.262013 2.000000 0.351479 0.243938 2.000000
0 0.215898 0.492906 0.084603 0.121750 0.204164 0.549943 2.000000 0.203030 0.531018 2.000000 0.201896 0.508052 2.000000 0.205676 0.478282 2.000000 0.232956 0.454856 2.000000 0.260853 0.447128 2.000000
0 0.314374 0.477751 0.108798 0.135355 0.341554 0.537556 2.000000 0.332967 0.523239 2.000000 0.323154 0.501160 2.000000 0.303528 0.469594 2.000000 0.293102 0.443375 2.000000 0.292796 0.423366 2.000000
0 0.513779 0.477334 0.404243 0.238562 0.343588 0.388161 2.000000 0.390087 0.410063 2.000000 0.460401 0.445788 2.000000 0.549618 0.493846 2.000000 0.618042 0.541053 2.000000 0.673235 0.566145 2.000000
0 0.168611 0.820703 0.047829 0.150260 0.166980 0.889424 2.000000 0.166673 0.869587 2.000000 0.167286 0.839746 2.000000 0.168206 0.796967 2.000000 0.169740 0.775751 2.000000 0.171580 0.754534 2.000000
0 0.289646 0.834098 0.281398 0.155543 0.184316 0.892310 2.000000 0.214368 0.878683 2.000000 0.257607 0.853326 2.000000 0.323537 0.820208 2.000000 0.368309 0.793471 2.000000 0.373828 0.764320 2.000000
0 0.377729 0.887957 0.234571 0.081509 0.287299 0.911733 2.000000 0.307881 0.905717 2.000000 0.347833 0.895389 2.000000 0.391216 0.882450 2.000000 0.426125 0.875980 2.000000 0.459418 0.871099 2.000000
0 0.601998 0.806345 0.064292 0.127793 0.593236 0.865415 2.000000 0.598211 0.851842 2.000000 0.604679 0.828335 2.000000 0.616370 0.797552 2.000000 0.611644 0.770827 2.000000 0.595724 0.752917 2.000000
