0 0.447762 0.138541 0.221759 0.027083 0.351652 0.138457 2.000000 0.375571 0.136387 2.000000 0.423102 0.137077 2.000000 0.471247 0.139837 2.000000 0.509885 0.139492 2.000000 0.533804 0.138112 2.000000
0 0.396467 0.265120 0.120645 0.128248 0.423070 0.320210 2.000000 0.412174 0.304433 2.000000 0.396838 0.285478 2.000000 0.372019 0.256422 2.000000 0.372624 0.229408 2.000000 0.388565 0.214880 2.000000
0 0.510045 0.242276 0.158307 0.126273 0.456813 0.192403 2.000000 0.469417 0.202807 2.000000 0.488895 0.219563 2.000000 0.513938 0.244975 2.000000 0.538162 0.269281 2.000000 0.559605 0.288524 2.000000
0 0.634335 0.093997 0.210651 0.137831 0.700130 0.144893 2.000000 0.682967 0.131601 2.000000 0.665057 0.111452 2.000000 0.627993 0.085146 2.000000 0.587944 0.063458 2.000000 0.571775 0.047507 2.000000
0 0.181553 0.349794 0.171889 0.158034 0.239032 0.419423 2.000000 0.220326 0.401049 2.000000 0.201927 0.376472 2.000000 0.174635 0.344216 2.000000 0.151943 0.309027 2.000000 0.134463 0.286431 2.000000
0 0.227365 0.471199 0.114649 0.138852 0.198197 0.532984 2.000000 0.206477 0.516425 2.000000 0.218130 0.491931 2.000000 0.233156 0.461572 2.000000 0.243889 0.438458 2.000000 0.258301 0.417242 2.000000
0 0.307040 0.474546 0.071185 0.140143 0.321165 0.541609 2.000000 0.317486 0.524532 2.000000 0.311966 0.498831 2.000000 0.302459 0.466575 2.000000 0.297860 0.440356 2.000000 0.298473 0.422589 2.000000
0 0.514913 0.511757 0.439310 0.213106 0.327821 0.426715 2.000000 0.378478 0.448404 2.000000 0.445768 0.477749 2.000000 0.535362 0.516663 2.000000 0.624579 0.554089 2.000000 0.676370 0.574503 2.000000
0 0.187867 0.792222 0.065961 0.150703 0.177952 0.863016 2.000000 0.177952 0.846763 2.000000 0.180282 0.821073 2.000000 0.184942 0.783848 2.000000 0.189602 0.754750 2.000000 0.189602 0.732468 2.000000
0 0.288799 0.853482 0.309306 0.162012 0.159145 0.916989 2.000000 0.182757 0.904742 2.000000 0.229982 0.878351 2.000000 0.291313 0.843852 2.000000 0.342217 0.817633 2.000000 0.366750 0.791932 2.000000
0 0.416890 0.881340 0.236121 0.091326 0.319581 0.909022 2.000000 0.342382 0.903234 2.000000 0.382537 0.892224 2.000000 0.432175 0.879058 2.000000 0.469706 0.866005 2.000000 0.485445 0.852725 2.000000
0 0.586205 0.759931 0.112061 0.133059 0.611780 0.813764 2.000000 0.607793 0.802552 2.000000 0.602274 0.780301 2.000000 0.594914 0.746320 2.000000 0.578355 0.724758 2.000000 0.554129 0.708544 2.000000
