0 0.552433 0.444513 0.097490 0.132104 0.543100 0.384909 2.000000 0.548620 0.398709 2.000000 0.556593 0.420615 2.000000 0.566712 0.449594 2.000000 0.571926 0.477021 2.000000 0.566406 0.494442 2.000000
0 0.245078 0.424474 0.133184 0.133843 0.274509 0.478095 2.000000 0.267763 0.463951 2.000000 0.253963 0.440664 2.000000 0.240471 0.414790 2.000000 0.222378 0.390296 2.000000 0.218085 0.377877 2.000000
0 0.184999 0.575469 0.081432 0.134734 0.171325 0.636281 2.000000 0.174061 0.624388 2.000000 0.180529 0.597663 2.000000 0.188489 0.567999 2.000000 0.189733 0.545192 2.000000 0.199185 0.532599 2.000000
0 0.315429 0.542741 0.129832 0.240947 0.347671 0.653086 2.000000 0.337551 0.629282 2.000000 0.327738 0.583054 2.000000 0.319765 0.529754 2.000000 0.305046 0.472141 2.000000 0.278674 0.440747 2.000000
0 0.174369 0.689269 0.084175 0.116506 0.191781 0.638186 2.000000 0.185811 0.653297 2.000000 0.177105 0.680722 2.000000 0.167404 0.705908 2.000000 0.156707 0.732633 2.000000 0.149991 0.749424 2.000000
0 0.147395 0.808935 0.072237 0.137444 0.127993 0.742624 2.000000 0.133738 0.757166 2.000000 0.142930 0.783989 2.000000 0.149825 0.815013 2.000000 0.151548 0.845390 2.000000 0.152373 0.864641 2.000000
0 0.219988 0.810877 0.130175 0.132159 0.176091 0.871051 2.000000 0.186211 0.858631 2.000000 0.205530 0.831895 2.000000 0.227609 0.803951 2.000000 0.243249 0.780492 2.000000 0.256741 0.767037 2.000000
0 0.349207 0.730070 0.178694 0.079445 0.412816 0.756067 2.000000 0.393190 0.749684 2.000000 0.358538 0.737610 2.000000 0.319899 0.722431 2.000000 0.299047 0.711046 2.000000 0.292301 0.689484 2.000000
0 0.635346 0.749795 0.071480 0.130898 0.649172 0.810207 2.000000 0.645770 0.799575 2.000000 0.637831 0.775333 2.000000 0.632917 0.747477 2.000000 0.631027 0.721109 2.000000 0.637075 0.706011 2.000000
0 0.319887 0.797866 0.226753 0.071444 0.000000 0.000000 0.000000 0.238603 0.817304 2.000000 0.280145 0.807230 2.000000 0.333378 0.794637 2.000000 0.375665 0.788340 2.000000 0.396809 0.780504 2.000000
0 0.350502 0.880916 0.202228 0.146403 0.281021 0.825395 2.000000 0.294339 0.841967 2.000000 0.318553 0.865008 2.000000 0.349022 0.891113 2.000000 0.376666 0.912224 2.000000 0.406327 0.926980 2.000000
0 0.452977 0.681153 0.329992 0.094240 0.000000 0.000000 0.000000 0.323774 0.702381 2.000000 0.386957 0.695105 2.000000 0.476259 0.687969 2.000000 0.537949 0.672717 2.000000 0.564814 0.653548 2.000000
