0 0.207520 0.149727 0.102089 0.135965 0.183140 0.095223 2.000000 0.187740 0.109885 2.000000 0.196019 0.132654 2.000000 0.202152 0.153180 2.000000 0.214112 0.177329 2.000000 0.238644 0.196994 2.000000
0 0.523718 0.236051 0.103626 0.114792 0.547098 0.184911 2.000000 0.536891 0.195968 2.000000 0.516855 0.218083 2.000000 0.498709 0.242538 2.000000 0.502112 0.264015 2.000000 0.513453 0.282302 2.000000
0 0.333487 0.334577 0.197713 0.033143 0.236221 0.330745 2.000000 0.257687 0.330745 2.000000 0.297246 0.333160 2.000000 0.352137 0.339714 2.000000 0.393535 0.335920 2.000000 0.419100 0.327983 2.000000
0 0.171837 0.538151 0.098677 0.137596 0.146639 0.483060 2.000000 0.150041 0.496882 2.000000 0.161382 0.522825 2.000000 0.177260 0.546003 2.000000 0.190113 0.571095 2.000000 0.194272 0.594486 2.000000
0 0.347531 0.589193 0.240740 0.022135 0.230507 0.587615 2.000000 0.258106 0.587615 2.000000 0.308704 0.588650 2.000000 0.364515 0.588650 2.000000 0.398554 0.587960 2.000000 0.433512 0.583476 2.000000
0 0.208787 0.825673 0.101562 0.112241 0.184308 0.867382 2.000000 0.190134 0.856343 2.000000 0.199027 0.839266 2.000000 0.208840 0.816152 2.000000 0.218653 0.798385 2.000000 0.228466 0.785276 2.000000
0 0.587519 0.786991 0.051505 0.124994 0.582789 0.730812 2.000000 0.584653 0.747589 2.000000 0.585119 0.767250 2.000000 0.583721 0.793989 2.000000 0.583255 0.817320 2.000000 0.589313 0.839078 2.000000
0 0.547905 0.807665 0.171105 0.126919 0.603294 0.758862 2.000000 0.000000 0.000000 0.000000 0.000000 0.000000 0.000000 0.544574 0.802115 2.000000 0.513816 0.830165 2.000000 0.502616 0.847937 2.000000
0 0.577344 0.725496 0.216078 0.069843 0.666704 0.747302 2.000000 0.642470 0.741797 2.000000 0.608916 0.731573 2.000000 0.567905 0.720563 2.000000 0.529224 0.713223 2.000000 0.496136 0.708767 2.000000
0 0.442679 0.687170 0.168850 0.117090 0.494272 0.733408 2.000000 0.478427 0.722922 2.000000 0.453261 0.705621 2.000000 0.420639 0.683077 2.000000 0.397803 0.661843 2.000000 0.397337 0.640347 2.000000
0 0.506703 0.673616 0.339064 0.124072 0.358190 0.713747 2.000000 0.394075 0.702737 2.000000 0.460251 0.682814 2.000000 0.531089 0.658959 2.000000 0.588877 0.646901 2.000000 0.627091 0.632483 2.000000
0 0.340965 0.419456 0.414387 0.180706 0.155412 0.351588 2.000000 0.210297 0.369521 2.000000 0.289182 0.396965 2.000000 0.368874 0.427112 2.000000 0.443439 0.459355 2.000000 0.493771 0.480851 2.000000
