0 0.335043 0.314552 0.221272 0.035742 0.236510 0.309169 2.000000 0.260326 0.308531 2.000000 0.301154 0.310657 2.000000 0.353701 0.313421 2.000000 0.397553 0.316824 2.000000 0.426284 0.319163 2.000000
0 0.186981 0.339033 0.208676 0.082246 0.097771 0.308956 2.000000 0.122343 0.313634 2.000000 0.163549 0.326818 2.000000 0.202109 0.339152 2.000000 0.235754 0.352973 2.000000 0.266753 0.367008 2.000000
0 0.339595 0.431082 0.240872 0.091242 0.442183 0.402232 2.000000 0.412318 0.410738 2.000000 0.371112 0.421370 2.000000 0.317809 0.436681 2.000000 0.276603 0.447738 2.000000 0.243336 0.455606 2.000000
0 0.143235 0.594189 0.111808 0.115509 0.111460 0.537715 2.000000 0.119433 0.553412 2.000000 0.133539 0.583598 2.000000 0.153778 0.606712 2.000000 0.154085 0.632413 2.000000 0.146725 0.652940 2.000000
0 0.230141 0.617188 0.206885 0.026271 0.130443 0.619168 2.000000 0.000000 0.000000 0.000000 0.189795 0.617254 2.000000 0.238940 0.617467 2.000000 0.269183 0.617467 2.000000 0.293377 0.607473 2.000000
0 0.402237 0.503661 0.335031 0.200526 0.263671 0.587932 2.000000 0.293978 0.565878 2.000000 0.341509 0.537416 2.000000 0.409586 0.499985 2.000000 0.475210 0.458414 2.000000 0.511089 0.430298 2.000000
0 0.355639 0.704433 0.274478 0.117697 0.244102 0.750398 2.000000 0.284274 0.736599 2.000000 0.335485 0.709173 2.000000 0.392522 0.688991 2.000000 0.434534 0.682609 2.000000 0.471333 0.674502 2.000000
0 0.524764 0.677853 0.175881 0.064606 0.583815 0.696367 2.000000 0.558189 0.690919 2.000000 0.524693 0.682746 2.000000 0.495031 0.675709 2.000000 0.482924 0.672645 2.000000 0.457702 0.661295 2.000000
0 0.348333 0.798081 0.196544 0.033335 0.258567 0.794752 2.000000 0.282179 0.801996 2.000000 0.318058 0.805964 2.000000 0.358229 0.809759 2.000000 0.402081 0.805101 2.000000 0.425080 0.786127 2.000000
0 0.247762 0.843229 0.236090 0.094754 0.143872 0.883065 2.000000 0.180670 0.874268 2.000000 0.207349 0.859434 2.000000 0.231575 0.842012 2.000000 0.265920 0.833732 2.000000 0.308238 0.821485 2.000000
0 0.513271 0.856250 0.119445 0.025000 0.000000 0.000000 0.000000 0.000000 0.000000 0.000000 0.000000 0.000000 0.000000 0.000000 0.000000 0.000000 0.000000 0.000000 0.000000 0.000000 0.000000 0.000000
0 0.576572 0.850353 0.142845 0.098925 0.612963 0.817280 2.000000 0.602843 0.826250 2.000000 0.581071 0.840912 2.000000 0.000000 0.000000 0.000000 0.000000 0.000000 0.000000 0.000000 0.000000 0.000000
