0 0.183892 0.343469 0.070698 0.135896 0.189495 0.401457 2.000000 0.186699 0.383631 2.000000 0.181572 0.360825 2.000000 0.174582 0.331202 2.000000 0.174116 0.303677 2.000000 0.175980 0.291094 2.000000
0 0.161461 0.549835 0.064471 0.146486 0.163940 0.613761 2.000000 0.160874 0.598236 2.000000 0.158727 0.572017 2.000000 0.157501 0.536484 2.000000 0.159034 0.514232 2.000000 0.161180 0.494223 2.000000
0 0.537171 0.545453 0.126211 0.134661 0.570257 0.489249 2.000000 0.561090 0.503797 2.000000 0.547536 0.522961 2.000000 0.529390 0.546139 2.000000 0.514647 0.570593 2.000000 0.511622 0.592070 2.000000
0 0.244811 0.520115 0.103046 0.261065 0.262973 0.638943 2.000000 0.257381 0.604340 2.000000 0.252721 0.558989 2.000000 0.242934 0.496599 2.000000 0.237342 0.433685 2.000000 0.230817 0.403276 2.000000
0 0.239632 0.623698 0.161899 0.134089 0.193875 0.678557 2.000000 0.201058 0.665373 2.000000 0.206728 0.640706 2.000000 0.225252 0.610723 2.000000 0.259275 0.591372 2.000000 0.297079 0.574360 2.000000
0 0.237115 0.683710 0.077566 0.127151 0.227018 0.739328 2.000000 0.227825 0.726615 2.000000 0.232466 0.705277 2.000000 0.236704 0.672021 2.000000 0.242959 0.643191 2.000000 0.000000 0.000000 0.000000
0 0.145624 0.815964 0.060055 0.155053 0.146315 0.742743 2.000000 0.147071 0.759755 2.000000 0.150473 0.782083 2.000000 0.153498 0.815255 2.000000 0.151229 0.848428 2.000000 0.135730 0.868204 2.000000
0 0.372410 0.803698 0.162217 0.140519 0.323236 0.859060 2.000000 0.337979 0.848003 2.000000 0.366710 0.822485 2.000000 0.399221 0.795267 2.000000 0.406404 0.773577 2.000000 0.405269 0.755927 2.000000
0 0.502878 0.728454 0.208032 0.209208 0.548167 0.815893 2.000000 0.541362 0.793140 2.000000 0.530399 0.756778 2.000000 0.517546 0.692347 2.000000 0.483523 0.658961 2.000000 0.415098 0.649392 2.000000
0 0.643195 0.584685 0.068354 0.136113 0.634974 0.646967 2.000000 0.638236 0.632025 2.000000 0.641032 0.605286 2.000000 0.641498 0.573305 2.000000 0.647557 0.544993 2.000000 0.645227 0.527954 2.000000
0 0.382173 0.905621 0.237084 0.068380 0.284905 0.893610 2.000000 0.309131 0.901373 2.000000 0.347463 0.907237 2.000000 0.411860 0.914482 2.000000 0.446819 0.912067 2.000000 0.473804 0.909652 2.000000
0 0.217901 0.968490 0.312173 0.128316 0.103173 0.932756 2.000000 0.128932 0.946038 2.000000 0.182903 0.963460 2.000000 0.237794 0.979329 2.000000 0.271219 0.991749 2.000000 0.289619 0.999166 2.000000
