0 0.316839 0.095175 0.206589 0.107075 0.232225 0.055277 2.000000 0.250633 0.061434 2.000000 0.288443 0.078505 2.000000 0.334213 0.100193 2.000000 0.363566 0.118802 2.000000 0.373018 0.135593 2.000000
0 0.384486 0.223248 0.146860 0.130830 0.343851 0.279539 2.000000 0.353552 0.264148 2.000000 0.373950 0.239661 2.000000 0.397581 0.205380 2.000000 0.412755 0.188450 2.000000 0.429670 0.175297 2.000000
0 0.646896 0.128566 0.156123 0.135974 0.696996 0.074546 2.000000 0.682818 0.086580 2.000000 0.661176 0.110646 2.000000 0.635306 0.141569 2.000000 0.615655 0.164516 2.000000 0.592272 0.177249 2.000000
0 0.232911 0.287679 0.122681 0.129363 0.200892 0.344713 2.000000 0.209587 0.328127 2.000000 0.225086 0.304311 2.000000 0.249280 0.278581 2.000000 0.254951 0.253914 2.000000 0.252683 0.235626 2.000000
0 0.205569 0.422488 0.152750 0.134926 0.159609 0.484038 2.000000 0.169421 0.468687 2.000000 0.190887 0.442295 2.000000 0.217260 0.410901 2.000000 0.236885 0.389685 2.000000 0.259271 0.369158 2.000000
0 0.225495 0.466234 0.065114 0.118051 0.214989 0.521029 2.000000 0.214989 0.504658 2.000000 0.220213 0.477513 2.000000 0.228173 0.442812 2.000000 0.230900 0.421321 2.000000 0.240630 0.403332 2.000000
0 0.312500 0.472005 0.044444 0.130990 0.312400 0.530363 2.000000 0.310888 0.513352 2.000000 0.309375 0.487196 2.000000 0.305595 0.458276 2.000000 0.309753 0.435098 2.000000 0.321095 0.417449 2.000000
0 0.407633 0.484213 0.130305 0.117486 0.448720 0.533252 2.000000 0.441054 0.520488 2.000000 0.429095 0.497891 2.000000 0.418362 0.466325 2.000000 0.389536 0.449938 2.000000 0.355498 0.446833 2.000000
0 0.394553 0.577125 0.375130 0.206767 0.242372 0.660821 2.000000 0.288114 0.635516 2.000000 0.348978 0.600217 2.000000 0.435170 0.556837 2.000000 0.491119 0.525578 2.000000 0.533081 0.501762 2.000000
0 0.461443 0.676712 0.253036 0.173321 0.557296 0.741321 2.000000 0.538016 0.723034 2.000000 0.509285 0.689861 2.000000 0.462409 0.637976 2.000000 0.417045 0.622453 2.000000 0.356559 0.622878 2.000000
0 0.608267 0.712222 0.074006 0.110635 0.587735 0.766569 2.000000 0.592710 0.749778 2.000000 0.608381 0.725431 2.000000 0.629525 0.692550 2.000000 0.624799 0.673800 2.000000 0.606091 0.661077 2.000000
0 0.686155 0.611897 0.063549 0.140876 0.697400 0.547029 2.000000 0.695161 0.564519 2.000000 0.690157 0.592367 2.000000 0.685072 0.625183 2.000000 0.679987 0.650571 2.000000 0.671530 0.668761 2.000000
