0 0.375497 0.198197 0.184809 0.072258 0.306287 0.226391 2.000000 0.323381 0.214799 2.000000 0.338100 0.209969 2.000000 0.363552 0.201690 2.000000 0.391765 0.191685 2.000000 0.412004 0.184268 2.000000
0 0.457225 0.261198 0.036168 0.107292 0.458309 0.214109 2.000000 0.455549 0.226184 2.000000 0.453402 0.243260 2.000000 0.455242 0.261545 2.000000 0.452789 0.292593 2.000000 0.445429 0.308290 2.000000
0 0.299037 0.344115 0.302662 0.102814 0.162081 0.361591 2.000000 0.201946 0.351931 2.000000 0.254384 0.335544 2.000000 0.323074 0.320882 2.000000 0.398511 0.323987 2.000000 0.440829 0.342444 2.000000
0 0.338058 0.470519 0.146031 0.120205 0.388125 0.519591 2.000000 0.375849 0.506333 2.000000 0.360705 0.488655 2.000000 0.333864 0.462075 2.000000 0.316474 0.449954 2.000000 0.298707 0.438684 2.000000
0 0.563821 0.434818 0.043747 0.098601 0.565468 0.483497 2.000000 0.564224 0.469225 2.000000 0.557756 0.449776 2.000000 0.550791 0.426549 2.000000 0.550294 0.407660 2.000000 0.564721 0.394227 2.000000
0 0.511402 0.423200 0.164767 0.095357 0.000000 0.000000 0.000000 0.000000 0.000000 0.000000 0.000000 0.000000 0.000000 0.513534 0.428539 2.000000 0.483291 0.409614 2.000000 0.468169 0.391326 2.000000
0 0.232314 0.582426 0.049879 0.107490 0.222092 0.632230 2.000000 0.224579 0.620197 2.000000 0.228559 0.601447 2.000000 0.232291 0.575981 2.000000 0.234032 0.552194 2.000000 0.233534 0.538062 2.000000
0 0.436770 0.601290 0.225050 0.141403 0.353494 0.656660 2.000000 0.369912 0.645326 2.000000 0.395782 0.626717 2.000000 0.440059 0.594674 2.000000 0.472894 0.575645 2.000000 0.502247 0.559554 2.000000
0 0.180956 0.763840 0.061295 0.111013 0.193575 0.811258 2.000000 0.188600 0.798805 2.000000 0.185117 0.780755 2.000000 0.180142 0.761446 2.000000 0.176411 0.740737 2.000000 0.167456 0.725486 2.000000
0 0.248408 0.774897 0.110996 0.026768 0.000000 0.000000 0.000000 0.000000 0.000000 0.000000 0.000000 0.000000 0.000000 0.235116 0.780475 2.000000 0.276160 0.777957 2.000000 0.303025 0.770821 2.000000
0 0.372897 0.759643 0.108716 0.109734 0.341677 0.804042 2.000000 0.350024 0.793546 2.000000 0.363773 0.776052 2.000000 0.386689 0.749812 2.000000 0.394873 0.735449 2.000000 0.388162 0.716851 2.000000
0 0.353560 0.786109 0.174052 0.088040 0.284388 0.754692 2.000000 0.300429 0.764359 2.000000 0.325963 0.776881 2.000000 0.000000 0.000000 0.000000 0.380070 0.801187 2.000000 0.405932 0.808093 2.000000
