0 0.467778 0.386447 0.206914 0.091988 0.383775 0.352306 2.000000 0.404173 0.359302 2.000000 0.443475 0.373015 2.000000 0.487504 0.389246 2.000000 0.517106 0.402398 2.000000 0.536011 0.419609 2.000000
0 0.150139 0.580338 0.059667 0.122136 0.137396 0.523516 2.000000 0.138888 0.535409 2.000000 0.148341 0.563813 2.000000 0.154808 0.592358 2.000000 0.156798 0.618943 2.000000 0.148590 0.638672 2.000000
0 0.166652 0.548076 0.074834 0.122709 0.178052 0.603582 2.000000 0.172003 0.585507 2.000000 0.000000 0.000000 0.000000 0.000000 0.000000 0.000000 0.143272 0.514909 2.000000 0.162174 0.499386 2.000000
0 0.236960 0.577865 0.060630 0.135937 0.234571 0.644074 2.000000 0.233825 0.627703 2.000000 0.236810 0.600418 2.000000 0.241785 0.568236 2.000000 0.235815 0.542490 2.000000 0.227180 0.524879 2.000000
0 0.329829 0.580893 0.134574 0.250604 0.342103 0.697547 2.000000 0.333787 0.667352 2.000000 0.325470 0.616955 2.000000 0.320177 0.556776 2.000000 0.311860 0.508931 2.000000 0.289178 0.475758 2.000000
0 0.188117 0.722190 0.128981 0.122627 0.143206 0.671875 2.000000 0.152657 0.683570 2.000000 0.177229 0.707812 2.000000 0.212386 0.738858 2.000000 0.220325 0.759272 2.000000 0.219947 0.777134 2.000000
0 0.286264 0.771109 0.357551 0.101120 0.124918 0.807295 2.000000 0.161735 0.797596 2.000000 0.217659 0.785799 2.000000 0.296885 0.766138 2.000000 0.374712 0.750147 2.000000 0.425510 0.739137 2.000000
0 0.232971 0.825098 0.234785 0.077702 0.129451 0.849287 2.000000 0.155640 0.843394 2.000000 0.205235 0.832622 2.000000 0.264651 0.822218 2.000000 0.301807 0.813287 2.000000 0.325626 0.801947 2.000000
0 0.365973 0.836328 0.082525 0.144058 0.346087 0.769938 2.000000 0.348847 0.787188 2.000000 0.357127 0.814787 2.000000 0.370313 0.849975 2.000000 0.376139 0.877574 2.000000 0.372153 0.899136 2.000000
0 0.216232 0.904873 0.231086 0.117059 0.118428 0.952806 2.000000 0.141489 0.941324 2.000000 0.191011 0.919846 2.000000 0.252253 0.894754 2.000000 0.280695 0.878530 2.000000 0.294117 0.862878 2.000000
0 0.448148 0.867838 0.108450 0.114843 0.466857 0.917962 2.000000 0.459818 0.907374 2.000000 0.443450 0.885001 2.000000 0.423809 0.859958 2.000000 0.427558 0.838146 2.000000 0.445832 0.823643 2.000000
0 0.589547 0.872178 0.188750 0.106999 0.665167 0.914405 2.000000 0.641785 0.904190 2.000000 0.608203 0.885720 2.000000 0.569647 0.863753 2.000000 0.538802 0.839826 2.000000 0.521140 0.825414 2.000000
