0 0.208763 0.062223 0.214411 0.033821 0.110361 0.069862 2.000000 0.129764 0.065244 2.000000 0.186728 0.061886 2.000000 0.236229 0.060487 2.000000 0.272547 0.061886 2.000000 0.301899 0.060347 2.000000
0 0.200939 0.134017 0.137988 0.102529 0.152216 0.093154 2.000000 0.166581 0.103787 2.000000 0.188129 0.121223 2.000000 0.225933 0.153971 2.000000 0.000000 0.000000 0.000000 0.232738 0.195224 2.000000
0 0.216311 0.174885 0.227946 0.087919 0.120839 0.148655 2.000000 0.143521 0.152057 2.000000 0.185483 0.163327 2.000000 0.250127 0.176724 2.000000 0.289821 0.191184 2.000000 0.296626 0.210747 2.000000
0 0.337357 0.114323 0.127777 0.095934 0.295492 0.082097 2.000000 0.309857 0.085712 2.000000 0.335941 0.099959 2.000000 0.000000 0.000000 0.000000 0.000000 0.000000 0.000000 0.362026 0.146103 2.000000
0 0.414422 0.109287 0.232908 0.033336 0.302296 0.115482 2.000000 0.326490 0.111017 2.000000 0.369209 0.108677 2.000000 0.424780 0.106976 2.000000 0.479973 0.103361 2.000000 0.517021 0.101235 2.000000
0 0.467170 0.194244 0.235873 0.030154 0.362926 0.198803 2.000000 0.393522 0.196145 2.000000 0.450486 0.195865 2.000000 0.501480 0.195025 2.000000 0.537052 0.194046 2.000000 0.566902 0.192507 2.000000
0 0.536274 0.283071 0.050278 0.126038 0.540451 0.220080 2.000000 0.538959 0.233233 2.000000 0.540700 0.256740 2.000000 0.538959 0.289622 2.000000 0.541198 0.310190 2.000000 0.540203 0.332578 2.000000
0 0.224462 0.296648 0.085050 0.126783 0.211915 0.353986 2.000000 0.209925 0.337755 2.000000 0.211666 0.305993 2.000000 0.215895 0.276049 2.000000 0.238283 0.256040 2.000000 0.258680 0.245826 2.000000
0 0.556045 0.401623 0.168212 0.181976 0.614077 0.322815 2.000000 0.597518 0.341099 2.000000 0.565933 0.374908 2.000000 0.535574 0.412684 2.000000 0.523001 0.448907 2.000000 0.521774 0.479611 2.000000
0 0.249957 0.665987 0.095479 0.255933 0.248165 0.785779 2.000000 0.246301 0.757467 2.000000 0.257019 0.695864 2.000000 0.270534 0.630328 2.000000 0.263544 0.591792 2.000000 0.235582 0.554830 2.000000
0 0.611843 0.531694 0.145474 0.121845 0.663276 0.581249 2.000000 0.649170 0.570210 2.000000 0.629544 0.552270 2.000000 0.599185 0.525362 2.000000 0.574346 0.503800 2.000000 0.561160 0.486206 2.000000
0 0.560396 0.728072 0.147831 0.145852 0.605477 0.787882 2.000000 0.595776 0.774169 2.000000 0.581100 0.750942 2.000000 0.562444 0.720719 2.000000 0.542792 0.698051 2.000000 0.517420 0.679302 2.000000
