0 0.457991 0.140494 0.221443 0.031189 0.354218 0.142285 2.000000 0.375607 0.139220 2.000000 0.414550 0.137972 2.000000 0.470040 0.137989 2.000000 0.513020 0.137404 2.000000 0.541269 0.133658 2.000000
0 0.498513 0.219203 0.150990 0.123320 0.435170 0.169069 2.000000 0.446612 0.179004 2.000000 0.471985 0.198873 2.000000 0.495368 0.221680 2.000000 0.520243 0.243368 2.000000 0.535786 0.260316 2.000000
0 0.399183 0.277407 0.141316 0.132774 0.441117 0.334082 2.000000 0.428544 0.318040 2.000000 0.414131 0.299584 2.000000 0.389292 0.273192 2.000000 0.369053 0.246628 2.000000 0.354640 0.227827 2.000000
0 0.193753 0.349131 0.171016 0.159719 0.241901 0.415762 2.000000 0.225645 0.397049 2.000000 0.208256 0.371106 2.000000 0.182549 0.338784 2.000000 0.158355 0.306675 2.000000 0.128112 0.286261 2.000000
0 0.651732 0.110484 0.159367 0.149308 0.697544 0.166613 2.000000 0.689501 0.151101 2.000000 0.671116 0.126540 2.000000 0.638944 0.093901 2.000000 0.614239 0.070633 2.000000 0.606771 0.048334 2.000000
0 0.217135 0.482023 0.096913 0.133842 0.193566 0.543418 2.000000 0.201954 0.525593 2.000000 0.211275 0.500165 2.000000 0.230848 0.469232 2.000000 0.237373 0.443017 2.000000 0.250888 0.427289 2.000000
0 0.316107 0.478491 0.103764 0.140438 0.332619 0.540463 2.000000 0.325566 0.524421 2.000000 0.317286 0.500790 2.000000 0.306553 0.473191 2.000000 0.302567 0.443695 2.000000 0.298580 0.424030 2.000000
0 0.510645 0.490746 0.417465 0.211696 0.337832 0.409196 2.000000 0.392110 0.434725 2.000000 0.467853 0.467844 2.000000 0.551877 0.509587 2.000000 0.621534 0.543396 2.000000 0.672297 0.569245 2.000000
0 0.185293 0.803109 0.068169 0.152961 0.174931 0.875520 2.000000 0.174553 0.857870 2.000000 0.175687 0.823209 2.000000 0.179846 0.786846 2.000000 0.185516 0.765157 2.000000 0.199881 0.745593 2.000000
0 0.289186 0.840213 0.300866 0.168129 0.169112 0.909023 2.000000 0.202201 0.894081 2.000000 0.244610 0.868128 2.000000 0.305660 0.835098 2.000000 0.355526 0.804428 2.000000 0.371371 0.781097 2.000000
0 0.405981 0.878978 0.238221 0.094659 0.302433 0.910676 2.000000 0.323826 0.904660 2.000000 0.364372 0.893886 2.000000 0.416859 0.881713 2.000000 0.451435 0.871638 2.000000 0.462878 0.857086 2.000000
0 0.600199 0.786093 0.082160 0.136248 0.610636 0.843094 2.000000 0.609143 0.828962 2.000000 0.605412 0.806154 2.000000 0.599691 0.774672 2.000000 0.595213 0.747807 2.000000 0.593223 0.728218 2.000000
