0 0.354915 0.161012 0.228750 0.071251 0.448845 0.185859 2.000000 0.428053 0.180543 2.000000 0.388359 0.172462 2.000000 0.340349 0.162680 2.000000 0.296875 0.151623 2.000000 0.259449 0.139289 2.000000
0 0.588203 0.221247 0.152256 0.108241 0.537683 0.177991 2.000000 0.549403 0.185859 2.000000 0.569060 0.201382 2.000000 0.597035 0.225623 2.000000 0.615559 0.241997 2.000000 0.628412 0.259434 2.000000
0 0.360384 0.266203 0.210134 0.054453 0.267079 0.252906 2.000000 0.287625 0.254286 2.000000 0.327796 0.256874 2.000000 0.384221 0.261013 2.000000 0.424086 0.271363 2.000000 0.436045 0.285852 2.000000
0 0.178215 0.346336 0.092850 0.111746 0.148842 0.297696 2.000000 0.155702 0.311770 2.000000 0.169221 0.335832 2.000000 0.176889 0.367045 2.000000 0.199892 0.393718 2.000000 0.229958 0.410063 2.000000
0 0.135956 0.372916 0.084259 0.095339 0.000000 0.000000 0.000000 0.000000 0.000000 0.000000 0.150272 0.349782 2.000000 0.138781 0.378543 2.000000 0.117524 0.406982 2.000000 0.087650 0.422494 2.000000
0 0.349732 0.400057 0.413662 0.064169 0.150416 0.389693 2.000000 0.209137 0.382615 2.000000 0.315858 0.383664 2.000000 0.433765 0.382615 2.000000 0.490155 0.395198 2.000000 0.525573 0.419839 2.000000
0 0.592305 0.387467 0.126855 0.140814 0.624092 0.328884 2.000000 0.615237 0.344875 2.000000 0.605450 0.368992 2.000000 0.596130 0.397828 2.000000 0.576090 0.424042 2.000000 0.555119 0.436625 2.000000
0 0.613117 0.435223 0.110983 0.107679 0.000000 0.000000 0.000000 0.000000 0.000000 0.000000 0.000000 0.000000 0.000000 0.582141 0.437989 2.000000 0.587967 0.466278 2.000000 0.620779 0.479733 2.000000
0 0.100154 0.527296 0.092176 0.144857 0.100845 0.466729 2.000000 0.102991 0.485013 2.000000 0.107591 0.511404 2.000000 0.108204 0.546076 2.000000 0.096552 0.567120 2.000000 0.081526 0.585231 2.000000
0 0.523134 0.555154 0.209323 0.086978 0.610052 0.585772 2.000000 0.588162 0.579335 2.000000 0.551595 0.566462 2.000000 0.503338 0.551771 2.000000 0.470254 0.536799 2.000000 0.448446 0.523815 2.000000
0 0.330170 0.610807 0.203901 0.121339 0.403360 0.661292 2.000000 0.387217 0.650849 2.000000 0.361995 0.630306 2.000000 0.328903 0.598979 2.000000 0.292985 0.579684 2.000000 0.261306 0.570377 2.000000
0 0.330676 0.720570 0.373524 0.066099 0.152543 0.736377 2.000000 0.196816 0.732182 2.000000 0.261129 0.726940 2.000000 0.346879 0.713570 2.000000 0.419114 0.709638 2.000000 0.465252 0.713832 2.000000
