0 0.214449 0.069228 0.208980 0.048353 0.114459 0.079016 2.000000 0.135082 0.074596 2.000000 0.181077 0.068612 2.000000 0.221506 0.065113 2.000000 0.274702 0.062903 2.000000 0.302691 0.063456 2.000000
0 0.344275 0.107318 0.159191 0.053595 0.273690 0.099751 2.000000 0.293465 0.100205 2.000000 0.342901 0.100772 2.000000 0.000000 0.000000 0.000000 0.000000 0.000000 0.000000 0.000000 0.000000 0.000000
0 0.393602 0.108477 0.252609 0.049300 0.283578 0.121997 2.000000 0.307186 0.115414 2.000000 0.362070 0.108264 2.000000 0.418771 0.103496 2.000000 0.465988 0.101907 2.000000 0.489394 0.103269 2.000000
0 0.208962 0.135171 0.171890 0.084855 0.144585 0.102352 2.000000 0.161736 0.109843 2.000000 0.200680 0.125279 2.000000 0.241844 0.140602 2.000000 0.263636 0.165686 2.000000 0.000000 0.000000 0.000000
0 0.226595 0.170405 0.217927 0.055025 0.133084 0.153995 2.000000 0.156692 0.157854 2.000000 0.209962 0.166594 2.000000 0.263232 0.174199 2.000000 0.312063 0.185549 2.000000 0.327197 0.201553 2.000000
0 0.232071 0.307292 0.057155 0.125000 0.234655 0.366384 2.000000 0.231670 0.351693 2.000000 0.229182 0.322309 2.000000 0.222963 0.288728 2.000000 0.228685 0.266060 2.000000 0.238137 0.250669 2.000000
0 0.477904 0.197135 0.240488 0.023959 0.369816 0.197673 2.000000 0.392819 0.195176 2.000000 0.443467 0.193247 2.000000 0.503194 0.194268 2.000000 0.540523 0.195176 2.000000 0.568571 0.197560 2.000000
0 0.548302 0.273991 0.077470 0.125614 0.559382 0.218760 2.000000 0.555402 0.230793 2.000000 0.547940 0.259338 2.000000 0.538487 0.296837 2.000000 0.539482 0.313627 2.000000 0.552417 0.332237 2.000000
0 0.567808 0.411583 0.179199 0.189415 0.617483 0.335740 2.000000 0.602558 0.353930 2.000000 0.578180 0.387931 2.000000 0.540619 0.430887 2.000000 0.528928 0.464049 2.000000 0.537385 0.488535 2.000000
0 0.627280 0.538748 0.147152 0.120809 0.680429 0.589824 2.000000 0.666002 0.577371 2.000000 0.647346 0.558341 2.000000 0.617744 0.533575 2.000000 0.594859 0.505731 2.000000 0.598342 0.488800 2.000000
0 0.282309 0.680119 0.116272 0.258819 0.267969 0.797362 2.000000 0.267969 0.763430 2.000000 0.277161 0.710108 2.000000 0.290949 0.652908 2.000000 0.293822 0.601525 2.000000 0.281183 0.564684 2.000000
0 0.589225 0.749254 0.145351 0.128709 0.632895 0.803889 2.000000 0.625535 0.794229 2.000000 0.607442 0.769563 2.000000 0.587510 0.740584 2.000000 0.565737 0.716090 2.000000 0.538445 0.702463 2.000000
