0 0.442281 0.107848 0.244758 0.083445 0.341481 0.134446 2.000000 0.367130 0.125048 2.000000 0.412821 0.115216 2.000000 0.471086 0.103659 2.000000 0.505124 0.096759 2.000000 0.534870 0.090377 2.000000
0 0.516021 0.200000 0.050982 0.136458 0.515662 0.135984 2.000000 0.516040 0.149594 2.000000 0.516040 0.169582 2.000000 0.517174 0.202968 2.000000 0.517930 0.236140 2.000000 0.520576 0.258468 2.000000
0 0.308344 0.299077 0.428374 0.156199 0.130433 0.243571 2.000000 0.184098 0.253576 2.000000 0.273641 0.270998 2.000000 0.378210 0.298424 2.000000 0.449967 0.330680 2.000000 0.465300 0.370181 2.000000
0 0.236508 0.385147 0.198614 0.142981 0.297573 0.444839 2.000000 0.274201 0.424123 2.000000 0.249412 0.398626 2.000000 0.213292 0.367950 2.000000 0.177171 0.348030 2.000000 0.151089 0.333069 2.000000
0 0.583648 0.401024 0.189780 0.109770 0.654473 0.439976 2.000000 0.637607 0.430489 2.000000 0.606942 0.416690 2.000000 0.567690 0.397716 2.000000 0.536411 0.377879 2.000000 0.518319 0.363217 2.000000
0 0.676256 0.367173 0.080850 0.144243 0.690658 0.435147 2.000000 0.688205 0.418587 2.000000 0.680232 0.396163 2.000000 0.666433 0.361665 2.000000 0.663673 0.335791 2.000000 0.665819 0.313367 2.000000
0 0.236132 0.593620 0.068982 0.137240 0.240878 0.660169 2.000000 0.237811 0.643955 2.000000 0.236584 0.619806 2.000000 0.231065 0.582030 2.000000 0.225852 0.553396 2.000000 0.227998 0.537354 2.000000
0 0.439472 0.808551 0.103968 0.127939 0.428362 0.864558 2.000000 0.429357 0.854204 2.000000 0.435079 0.832936 2.000000 0.443536 0.799074 2.000000 0.446770 0.775148 2.000000 0.435825 0.754579 2.000000
0 0.443144 0.697067 0.281712 0.184748 0.344299 0.771695 2.000000 0.363406 0.753607 2.000000 0.397893 0.725557 2.000000 0.444496 0.683614 2.000000 0.492964 0.652681 2.000000 0.539101 0.633807 2.000000
0 0.144235 0.890755 0.062963 0.143490 0.144691 0.957336 2.000000 0.141624 0.944744 2.000000 0.143158 0.918008 2.000000 0.144998 0.878162 2.000000 0.143771 0.857118 2.000000 0.143771 0.833314 2.000000
0 0.270816 0.892668 0.219058 0.088252 0.183709 0.917153 2.000000 0.206594 0.911416 2.000000 0.243907 0.900363 2.000000 0.294403 0.884132 2.000000 0.319527 0.873498 2.000000 0.340671 0.858386 2.000000
0 0.481812 0.905006 0.238318 0.055822 0.363012 0.898978 2.000000 0.392098 0.900343 2.000000 0.436844 0.901400 2.000000 0.495347 0.903971 2.000000 0.539992 0.906866 2.000000 0.565323 0.911344 2.000000
