0 0.475565 0.131051 0.228368 0.061010 0.378766 0.147974 2.000000 0.401826 0.140957 2.000000 0.439252 0.136279 2.000000 0.497469 0.128411 2.000000 0.534139 0.120330 2.000000 0.559959 0.118664 2.000000
0 0.491011 0.202147 0.121972 0.106123 0.455776 0.159659 2.000000 0.461574 0.170133 2.000000 0.473840 0.192984 2.000000 0.490832 0.221874 2.000000 0.525142 0.235043 2.000000 0.549555 0.235916 2.000000
0 0.688638 0.159932 0.091298 0.133684 0.699117 0.219825 2.000000 0.697376 0.202754 2.000000 0.691655 0.179947 2.000000 0.681954 0.150563 2.000000 0.667309 0.119100 2.000000 0.669576 0.096618 2.000000
0 0.430818 0.303068 0.200753 0.121614 0.495654 0.351096 2.000000 0.478788 0.339367 2.000000 0.454869 0.323497 2.000000 0.416844 0.300038 2.000000 0.389245 0.277959 2.000000 0.375446 0.258123 2.000000
0 0.192520 0.348590 0.173386 0.161242 0.245965 0.415085 2.000000 0.231984 0.395686 2.000000 0.215207 0.368423 2.000000 0.192371 0.334344 2.000000 0.167671 0.302887 2.000000 0.142039 0.284275 2.000000
0 0.218530 0.500444 0.079256 0.137869 0.224027 0.561971 2.000000 0.218435 0.545718 2.000000 0.216105 0.523698 2.000000 0.205852 0.491979 2.000000 0.209580 0.465502 2.000000 0.213120 0.445193 2.000000
0 0.320530 0.482841 0.132139 0.140683 0.352406 0.540369 2.000000 0.346357 0.526335 2.000000 0.333126 0.506346 2.000000 0.316114 0.479553 2.000000 0.299859 0.450421 2.000000 0.287762 0.427030 2.000000
0 0.512012 0.461782 0.405802 0.244143 0.356186 0.368340 2.000000 0.399282 0.393857 2.000000 0.463926 0.430007 2.000000 0.546338 0.482317 2.000000 0.620433 0.521231 2.000000 0.670712 0.549513 2.000000
0 0.168646 0.832943 0.073559 0.155460 0.169796 0.905361 2.000000 0.167932 0.888321 2.000000 0.165136 0.863680 2.000000 0.166068 0.825669 2.000000 0.167466 0.792901 2.000000 0.177253 0.768784 2.000000
0 0.332511 0.816138 0.317254 0.163950 0.200127 0.877664 2.000000 0.229183 0.864157 2.000000 0.279894 0.838475 2.000000 0.343372 0.808462 2.000000 0.392743 0.777240 2.000000 0.421262 0.754816 2.000000
0 0.344934 0.895800 0.201666 0.077186 0.268006 0.918888 2.000000 0.287938 0.913714 2.000000 0.327803 0.904226 2.000000 0.381468 0.891117 2.000000 0.411213 0.878007 2.000000 0.422253 0.862828 2.000000
0 0.610395 0.829683 0.105003 0.140884 0.588275 0.891678 2.000000 0.594333 0.875949 2.000000 0.605518 0.854191 2.000000 0.619965 0.820374 2.000000 0.620431 0.795209 2.000000 0.614839 0.777645 2.000000
