0 0.258404 0.097943 0.225631 0.102106 0.166720 0.056838 2.000000 0.191595 0.065794 2.000000 0.226206 0.079996 2.000000 0.273223 0.100060 2.000000 0.312737 0.116585 2.000000 0.340539 0.130708 2.000000
0 0.373457 0.227754 0.122459 0.127826 0.334573 0.284870 2.000000 0.344692 0.267276 2.000000 0.362785 0.239332 2.000000 0.385477 0.211043 2.000000 0.396823 0.196036 2.000000 0.410316 0.178787 2.000000
0 0.617479 0.166337 0.187962 0.100137 0.694651 0.128967 2.000000 0.674615 0.138323 2.000000 0.635678 0.155548 2.000000 0.596740 0.171496 2.000000 0.574814 0.188295 2.000000 0.565741 0.203393 2.000000
0 0.230709 0.262501 0.053843 0.123441 0.000000 0.000000 0.000000 0.000000 0.000000 0.000000 0.000000 0.000000 0.000000 0.232142 0.263862 2.000000 0.226550 0.235026 2.000000 0.217352 0.213882 2.000000
0 0.203852 0.353815 0.145473 0.141758 0.169799 0.415578 2.000000 0.178998 0.398156 2.000000 0.203837 0.367108 2.000000 0.232970 0.330884 2.000000 0.236649 0.310012 2.000000 0.226223 0.288968 2.000000
0 0.239544 0.400168 0.049825 0.128636 0.232104 0.461198 2.000000 0.237397 0.445462 2.000000 0.240799 0.418882 2.000000 0.243067 0.386985 2.000000 0.242689 0.361467 2.000000 0.000000 0.000000 0.000000
0 0.321742 0.406084 0.066391 0.127801 0.308251 0.464418 2.000000 0.311931 0.449238 2.000000 0.315304 0.424227 2.000000 0.321744 0.396455 2.000000 0.325424 0.374376 2.000000 0.328797 0.355230 2.000000
0 0.384350 0.463445 0.069769 0.132097 0.397318 0.523654 2.000000 0.390602 0.509242 2.000000 0.382393 0.486575 2.000000 0.374185 0.459989 2.000000 0.378413 0.433404 2.000000 0.381896 0.414794 2.000000
0 0.356571 0.631016 0.233772 0.250697 0.283546 0.743805 2.000000 0.300936 0.712759 2.000000 0.335337 0.664276 2.000000 0.373896 0.608350 2.000000 0.410566 0.564120 2.000000 0.425687 0.522016 2.000000
0 0.499707 0.655363 0.291043 0.111417 0.626637 0.639653 2.000000 0.586465 0.639825 2.000000 0.508882 0.639825 2.000000 0.433138 0.648277 2.000000 0.403393 0.681223 2.000000 0.401860 0.705545 2.000000
0 0.626704 0.678776 0.060197 0.108488 0.623254 0.729628 2.000000 0.626483 0.717483 2.000000 0.630115 0.693875 2.000000 0.634352 0.660051 2.000000 0.000000 0.000000 0.000000 0.000000 0.000000 0.000000
0 0.683558 0.678724 0.072572 0.133397 0.702352 0.623163 2.000000 0.697510 0.639394 2.000000 0.688228 0.665500 2.000000 0.675112 0.691605 2.000000 0.668251 0.718959 2.000000 0.679551 0.741092 2.000000
