0 0.179712 0.353173 0.072153 0.132098 0.187323 0.406685 2.000000 0.184870 0.391850 2.000000 0.181804 0.364596 2.000000 0.178124 0.336652 2.000000 0.176284 0.312503 2.000000 0.173488 0.297496 2.000000
0 0.573459 0.493939 0.058478 0.128092 0.565842 0.441362 2.000000 0.569076 0.458292 2.000000 0.573690 0.483005 2.000000 0.577534 0.512069 2.000000 0.577534 0.537628 2.000000 0.560370 0.546863 2.000000
0 0.161652 0.607031 0.081647 0.130710 0.163480 0.655976 2.000000 0.165222 0.639745 2.000000 0.168676 0.615969 2.000000 0.171566 0.586900 2.000000 0.169948 0.562647 2.000000 0.166465 0.546976 2.000000
0 0.232485 0.692187 0.073903 0.121231 0.238417 0.746923 2.000000 0.236601 0.734438 2.000000 0.233574 0.708673 2.000000 0.233776 0.676552 2.000000 0.231556 0.649085 2.000000 0.222880 0.632967 2.000000
0 0.148457 0.765885 0.054630 0.151041 0.151414 0.697548 2.000000 0.149396 0.710828 2.000000 0.151818 0.735912 2.000000 0.152826 0.761336 2.000000 0.156459 0.790166 2.000000 0.162108 0.810028 2.000000
0 0.233473 0.772887 0.054984 0.066725 0.230714 0.795954 2.000000 0.231118 0.781426 2.000000 0.233715 0.759733 2.000000 0.000000 0.000000 0.000000 0.000000 0.000000 0.000000 0.000000 0.000000 0.000000
0 0.372245 0.788480 0.184194 0.141681 0.307824 0.846216 2.000000 0.323457 0.834245 2.000000 0.348500 0.816015 2.000000 0.383528 0.790696 2.000000 0.408734 0.764548 2.000000 0.410207 0.746687 2.000000
0 0.282009 0.540919 0.131832 0.261004 0.303892 0.662827 2.000000 0.293693 0.635263 2.000000 0.285236 0.582092 2.000000 0.275783 0.519687 2.000000 0.264092 0.466656 2.000000 0.252898 0.427338 2.000000
0 0.640207 0.629500 0.059891 0.141524 0.645177 0.691351 2.000000 0.643765 0.677844 2.000000 0.638794 0.652940 2.000000 0.636398 0.623868 2.000000 0.634079 0.598620 2.000000 0.630245 0.579665 2.000000
0 0.531790 0.681510 0.212036 0.187817 0.461695 0.759931 2.000000 0.476829 0.743928 2.000000 0.504069 0.709877 2.000000 0.550005 0.659084 2.000000 0.569018 0.625276 2.000000 0.554912 0.598712 2.000000
0 0.213593 0.935229 0.232434 0.123034 0.123083 0.892082 2.000000 0.136765 0.903835 2.000000 0.178306 0.926783 2.000000 0.224823 0.950010 2.000000 0.256663 0.967080 2.000000 0.288752 0.977015 2.000000
0 0.373354 0.897205 0.244798 0.097078 0.279548 0.870114 2.000000 0.297209 0.880468 2.000000 0.335019 0.896280 2.000000 0.384670 0.914542 2.000000 0.428499 0.917190 2.000000 0.445319 0.908750 2.000000
