0 0.167036 0.398292 0.125732 0.107368 0.139849 0.350680 2.000000 0.148742 0.359822 2.000000 0.160089 0.373622 2.000000 0.190141 0.406223 2.000000 0.192594 0.427095 2.000000 0.174195 0.441757 2.000000
0 0.392371 0.347326 0.231362 0.074549 0.297769 0.325209 2.000000 0.319659 0.330246 2.000000 0.365429 0.338781 2.000000 0.418164 0.347876 2.000000 0.449755 0.360189 2.000000 0.464680 0.376980 2.000000
0 0.205908 0.481380 0.218402 0.057939 0.298359 0.490518 2.000000 0.264661 0.490598 2.000000 0.211179 0.491577 2.000000 0.160683 0.492557 2.000000 0.128594 0.479824 2.000000 0.118147 0.459675 2.000000
0 0.148708 0.657218 0.092090 0.124453 0.129001 0.604513 2.000000 0.131293 0.619428 2.000000 0.142969 0.644944 2.000000 0.157712 0.675777 2.000000 0.162627 0.693001 2.000000 0.153176 0.710864 2.000000
0 0.232544 0.603979 0.179480 0.104097 0.162048 0.647007 2.000000 0.178304 0.634461 2.000000 0.209681 0.616811 2.000000 0.238789 0.598524 2.000000 0.264118 0.581087 2.000000 0.292092 0.571518 2.000000
0 0.344023 0.560382 0.097692 0.234444 0.335083 0.673347 2.000000 0.335839 0.644214 2.000000 0.349133 0.597199 2.000000 0.367216 0.535340 2.000000 0.352688 0.488372 2.000000 0.308530 0.462498 2.000000
0 0.318289 0.735822 0.289908 0.102315 0.194402 0.773033 2.000000 0.230471 0.760580 2.000000 0.289176 0.741551 2.000000 0.359075 0.718604 2.000000 0.000000 0.000000 0.000000 0.000000 0.000000 0.000000
0 0.488271 0.703385 0.223743 0.043373 0.594683 0.696380 2.000000 0.569056 0.698196 2.000000 0.516997 0.697855 2.000000 0.466148 0.701601 2.000000 0.435275 0.706709 2.000000 0.408640 0.711249 2.000000
0 0.223813 0.858977 0.218071 0.068474 0.128248 0.882468 2.000000 0.146408 0.877133 2.000000 0.190800 0.866691 2.000000 0.232972 0.857157 2.000000 0.279786 0.850687 2.000000 0.312878 0.843991 2.000000
0 0.278218 0.868735 0.223287 0.090942 0.182778 0.899252 2.000000 0.204419 0.891416 2.000000 0.236259 0.882461 2.000000 0.294716 0.865671 2.000000 0.339242 0.849580 2.000000 0.355411 0.835308 2.000000
0 0.573276 0.878140 0.219873 0.105069 0.656895 0.920668 2.000000 0.630432 0.909398 2.000000 0.595275 0.890473 2.000000 0.557471 0.866444 2.000000 0.517400 0.849007 2.000000 0.484511 0.846880 2.000000
0 0.548175 0.887395 0.225983 0.048476 0.000000 0.000000 0.000000 0.000000 0.000000 0.000000 0.000000 0.000000 0.000000 0.541989 0.881489 2.000000 0.487054 0.875957 2.000000 0.449029 0.883201 2.000000
