0 0.226125 0.499345 0.061312 0.136949 0.229835 0.560499 2.000000 0.226107 0.544770 2.000000 0.218650 0.512002 2.000000 0.212126 0.482642 2.000000 0.219498 0.459305 2.000000 0.231151 0.443263 2.000000
0 0.182964 0.557292 0.076167 0.116571 0.198459 0.611374 2.000000 0.192002 0.598434 2.000000 0.182720 0.573124 2.000000 0.171017 0.544294 2.000000 0.169402 0.523410 2.000000 0.170613 0.506838 2.000000
0 0.175975 0.638033 0.146784 0.132436 0.136402 0.586669 2.000000 0.140821 0.601308 2.000000 0.153588 0.626903 2.000000 0.169629 0.658484 2.000000 0.193199 0.678094 2.000000 0.218242 0.689419 2.000000
0 0.144765 0.712684 0.094242 0.119800 0.127154 0.658657 2.000000 0.130987 0.670575 2.000000 0.140471 0.694751 2.000000 0.154596 0.726759 2.000000 0.154999 0.753944 2.000000 0.152606 0.772353 2.000000
0 0.303847 0.562142 0.102147 0.235553 0.318032 0.672520 2.000000 0.312808 0.645375 2.000000 0.312311 0.594583 2.000000 0.307833 0.540433 2.000000 0.307336 0.488382 2.000000 0.294322 0.451891 2.000000
0 0.275732 0.731656 0.350893 0.139391 0.129734 0.783374 2.000000 0.165802 0.772180 2.000000 0.221025 0.753711 2.000000 0.313312 0.721528 2.000000 0.357589 0.697182 2.000000 0.393907 0.679412 2.000000
0 0.244211 0.797743 0.268261 0.105185 0.129701 0.836592 2.000000 0.152835 0.829596 2.000000 0.206565 0.813365 2.000000 0.263777 0.796154 2.000000 0.293379 0.784961 2.000000 0.311040 0.771948 2.000000
0 0.180304 0.883077 0.194527 0.138339 0.107034 0.937536 2.000000 0.127213 0.925732 2.000000 0.156874 0.905642 2.000000 0.206513 0.874770 2.000000 0.232744 0.852637 2.000000 0.241622 0.831412 2.000000
0 0.357584 0.846378 0.113114 0.150976 0.330375 0.778708 2.000000 0.333806 0.797890 2.000000 0.344298 0.822974 2.000000 0.358298 0.859240 2.000000 0.371135 0.884719 2.000000 0.385058 0.905717 2.000000
0 0.455203 0.801780 0.064246 0.121790 0.441423 0.858967 2.000000 0.444697 0.847090 2.000000 0.450642 0.821268 2.000000 0.458851 0.794263 2.000000 0.456323 0.769194 2.000000 0.454983 0.753151 2.000000
0 0.615372 0.835964 0.147218 0.147160 0.655795 0.899265 2.000000 0.640661 0.885304 2.000000 0.619071 0.861923 2.000000 0.590216 0.831845 2.000000 0.578916 0.807328 2.000000 0.592032 0.788260 2.000000
0 0.502914 0.389011 0.191062 0.101335 0.430006 0.347936 2.000000 0.447419 0.357311 2.000000 0.479010 0.373821 2.000000 0.511597 0.391172 2.000000 0.537218 0.403905 2.000000 0.559822 0.417750 2.000000
