0 0.316603 0.306351 0.206877 0.047714 0.225007 0.302442 2.000000 0.249969 0.303563 2.000000 0.293097 0.306878 2.000000 0.340015 0.310500 2.000000 0.379880 0.312570 2.000000 0.407479 0.318262 2.000000
0 0.192425 0.329354 0.201377 0.072542 0.102491 0.305047 2.000000 0.122296 0.311308 2.000000 0.164362 0.322173 2.000000 0.209211 0.334602 2.000000 0.244893 0.345282 2.000000 0.279757 0.347676 2.000000
0 0.356865 0.420795 0.245948 0.095910 0.453315 0.393597 2.000000 0.425353 0.401199 2.000000 0.383876 0.412209 2.000000 0.335408 0.424268 2.000000 0.298591 0.433705 2.000000 0.266435 0.444715 2.000000
0 0.145697 0.593017 0.099347 0.125027 0.120403 0.534404 2.000000 0.127208 0.552053 2.000000 0.142707 0.583950 2.000000 0.158585 0.605427 2.000000 0.171816 0.632433 2.000000 0.177109 0.647319 2.000000
0 0.246297 0.613021 0.235185 0.030208 0.133635 0.612019 2.000000 0.000000 0.000000 0.000000 0.194498 0.617761 2.000000 0.244399 0.623290 2.000000 0.287495 0.619462 2.000000 0.314714 0.607554 2.000000
0 0.415818 0.498028 0.370216 0.212240 0.263232 0.581830 2.000000 0.296321 0.556664 2.000000 0.352245 0.523372 2.000000 0.417490 0.492439 2.000000 0.481802 0.454690 2.000000 0.533532 0.422708 2.000000
0 0.514960 0.668713 0.224356 0.079240 0.595697 0.692520 2.000000 0.573924 0.685966 2.000000 0.547245 0.674409 2.000000 0.509527 0.666474 2.000000 0.465062 0.657677 2.000000 0.434396 0.655952 2.000000
0 0.370124 0.702508 0.272338 0.117515 0.259772 0.747925 2.000000 0.288904 0.735333 2.000000 0.326316 0.715669 2.000000 0.379060 0.697729 2.000000 0.411565 0.685655 2.000000 0.469523 0.674098 2.000000
0 0.255346 0.839967 0.236490 0.097013 0.165014 0.864642 2.000000 0.203570 0.864083 2.000000 0.242873 0.847572 2.000000 0.281430 0.830641 2.000000 0.316255 0.819727 2.000000 0.338891 0.811052 2.000000
0 0.361538 0.803490 0.214268 0.073658 0.278693 0.780829 2.000000 0.295857 0.789364 2.000000 0.325956 0.798319 2.000000 0.353319 0.807414 2.000000 0.395109 0.818888 2.000000 0.430929 0.821686 2.000000
0 0.596032 0.839193 0.124234 0.119375 0.623942 0.785133 2.000000 0.622430 0.800230 2.000000 0.616382 0.818518 2.000000 0.603150 0.847225 2.000000 0.583492 0.876145 2.000000 0.546445 0.882099 2.000000
0 0.527133 0.855768 0.188896 0.115817 0.602394 0.806610 2.000000 0.589163 0.816817 2.000000 0.568749 0.833616 2.000000 0.544177 0.852116 2.000000 0.517714 0.870829 2.000000 0.473862 0.884863 2.000000
