0 0.192103 0.361845 0.148285 0.127573 0.239771 0.416809 2.000000 0.225971 0.400767 2.000000 0.202359 0.378170 2.000000 0.173227 0.351089 2.000000 0.158507 0.329182 2.000000 0.158201 0.313658 2.000000
0 0.579036 0.488580 0.101205 0.134794 0.564038 0.431911 2.000000 0.568331 0.446573 2.000000 0.576917 0.473655 2.000000 0.587650 0.502461 2.000000 0.588877 0.522470 2.000000 0.582744 0.539029 2.000000
0 0.170809 0.607347 0.073922 0.124787 0.164255 0.663470 2.000000 0.168694 0.650531 2.000000 0.177775 0.624539 2.000000 0.187056 0.596958 2.000000 0.184232 0.575960 2.000000 0.174748 0.560297 2.000000
0 0.297183 0.551424 0.146767 0.258850 0.314469 0.669543 2.000000 0.309870 0.645394 2.000000 0.304942 0.591338 2.000000 0.300363 0.527064 2.000000 0.289937 0.469279 2.000000 0.260498 0.439437 2.000000
0 0.643900 0.646872 0.084720 0.134891 0.653626 0.707105 2.000000 0.652382 0.692273 2.000000 0.649397 0.666668 2.000000 0.647656 0.636025 2.000000 0.636711 0.614337 2.000000 0.627258 0.596986 2.000000
0 0.528781 0.671354 0.199122 0.184750 0.449123 0.746494 2.000000 0.465281 0.734662 2.000000 0.504918 0.702526 2.000000 0.559394 0.658451 2.000000 0.576309 0.626129 2.000000 0.581533 0.598844 2.000000
0 0.156790 0.752214 0.063442 0.144637 0.155379 0.683908 2.000000 0.156622 0.698320 2.000000 0.158642 0.723808 2.000000 0.160993 0.756902 2.000000 0.162868 0.787890 2.000000 0.149684 0.802862 2.000000
0 0.239679 0.755337 0.047660 0.127944 0.238013 0.809815 2.000000 0.237031 0.797754 2.000000 0.239486 0.770133 2.000000 0.238667 0.738461 2.000000 0.244611 0.716561 2.000000 0.000000 0.000000 0.000000
0 0.265860 0.710869 0.210121 0.114489 0.335945 0.758425 2.000000 0.316574 0.747756 2.000000 0.284692 0.727212 2.000000 0.248170 0.705306 2.000000 0.215683 0.686919 2.000000 0.192571 0.670931 2.000000
0 0.196466 0.917923 0.202918 0.148202 0.133605 0.858301 2.000000 0.143264 0.870870 2.000000 0.165651 0.895917 2.000000 0.192019 0.928798 2.000000 0.221620 0.953565 2.000000 0.247988 0.964618 2.000000
0 0.368348 0.797362 0.189856 0.117497 0.300685 0.839045 2.000000 0.319937 0.831427 2.000000 0.347687 0.816640 2.000000 0.386855 0.794383 2.000000 0.412746 0.772874 2.000000 0.411418 0.752485 2.000000
0 0.373479 0.894821 0.253438 0.114755 0.281678 0.858576 2.000000 0.301900 0.870849 2.000000 0.333526 0.886650 2.000000 0.371121 0.905290 2.000000 0.413605 0.920447 2.000000 0.442576 0.922657 2.000000
