0 0.167250 0.370850 0.165523 0.105640 0.105130 0.325938 2.000000 0.117793 0.335978 2.000000 0.145392 0.352020 2.000000 0.180044 0.371512 2.000000 0.205189 0.390314 2.000000 0.221135 0.411875 2.000000
0 0.380906 0.334239 0.227833 0.061816 0.281546 0.318729 2.000000 0.300559 0.320454 2.000000 0.346250 0.327354 2.000000 0.401448 0.334943 2.000000 0.435487 0.344431 2.000000 0.465232 0.352538 2.000000
0 0.265937 0.476830 0.228675 0.073973 0.362142 0.452785 2.000000 0.332090 0.458478 2.000000 0.277506 0.472967 2.000000 0.238867 0.485904 2.000000 0.198695 0.492804 2.000000 0.162204 0.493494 2.000000
0 0.141557 0.636420 0.094812 0.141081 0.118767 0.578344 2.000000 0.122498 0.593735 2.000000 0.134438 0.614444 2.000000 0.148119 0.641309 2.000000 0.157572 0.666635 2.000000 0.158570 0.686200 2.000000
0 0.230161 0.605757 0.176661 0.101387 0.160014 0.647494 2.000000 0.172587 0.638179 2.000000 0.199573 0.623345 2.000000 0.242198 0.598506 2.000000 0.270103 0.581084 2.000000 0.295862 0.566250 2.000000
0 0.373375 0.534035 0.191830 0.252705 0.310949 0.648463 2.000000 0.324936 0.621032 2.000000 0.355557 0.565956 2.000000 0.384288 0.508968 2.000000 0.404702 0.470904 2.000000 0.414531 0.440708 2.000000
0 0.373418 0.714503 0.332208 0.121857 0.224797 0.762045 2.000000 0.257308 0.749924 2.000000 0.324977 0.729298 2.000000 0.394535 0.704844 2.000000 0.458423 0.688895 2.000000 0.500007 0.673160 2.000000
0 0.543633 0.691121 0.210334 0.022487 0.643661 0.692723 2.000000 0.624759 0.692510 2.000000 0.585443 0.689959 2.000000 0.540079 0.688895 2.000000 0.503788 0.689533 2.000000 0.473923 0.693361 2.000000
0 0.252185 0.855536 0.252631 0.080492 0.137169 0.884123 2.000000 0.159805 0.878386 2.000000 0.203337 0.867192 2.000000 0.000000 0.000000 0.000000 0.000000 0.000000 0.000000 0.000000 0.000000 0.000000
0 0.310357 0.848189 0.221845 0.072940 0.212080 0.875297 2.000000 0.237778 0.867931 2.000000 0.273763 0.858635 2.000000 0.317921 0.845008 2.000000 0.364532 0.836039 2.000000 0.396424 0.828277 2.000000
0 0.565144 0.866519 0.224343 0.096938 0.658937 0.905775 2.000000 0.631574 0.896680 2.000000 0.593266 0.879330 2.000000 0.552720 0.862399 2.000000 0.504711 0.844909 2.000000 0.476105 0.836514 2.000000
0 0.533730 0.880472 0.196114 0.059636 0.000000 0.000000 0.000000 0.000000 0.000000 0.000000 0.000000 0.000000 0.000000 0.539491 0.876436 2.000000 0.488796 0.865270 2.000000 0.446470 0.866108 2.000000
