0 0.374339 0.135980 0.197187 0.052278 0.288538 0.123753 2.000000 0.310003 0.125995 2.000000 0.342509 0.130308 2.000000 0.386974 0.138242 2.000000 0.428679 0.144107 2.000000 0.451678 0.143935 2.000000
0 0.387513 0.241813 0.148855 0.127516 0.353681 0.294879 2.000000 0.354601 0.278492 2.000000 0.358894 0.249513 2.000000 0.373920 0.220017 2.000000 0.404585 0.203975 2.000000 0.435864 0.205528 2.000000
0 0.604470 0.085045 0.227880 0.103906 0.691015 0.049976 2.000000 0.667403 0.058428 2.000000 0.633977 0.071537 2.000000 0.578473 0.088097 2.000000 0.546274 0.105863 2.000000 0.539835 0.126390 2.000000
0 0.228344 0.392802 0.085688 0.131451 0.244219 0.451896 2.000000 0.237793 0.437436 2.000000 0.228720 0.412982 2.000000 0.216623 0.380447 2.000000 0.212842 0.357907 2.000000 0.211708 0.341108 2.000000
0 0.299400 0.480281 0.065594 0.135879 0.291855 0.543285 2.000000 0.293367 0.528825 2.000000 0.295257 0.504371 2.000000 0.297147 0.470561 2.000000 0.303952 0.447807 2.000000 0.312647 0.430796 2.000000
0 0.204651 0.465234 0.075791 0.145168 0.216919 0.534460 2.000000 0.211399 0.517210 2.000000 0.205572 0.488921 2.000000 0.202199 0.452525 2.000000 0.196066 0.423202 2.000000 0.187480 0.406125 2.000000
0 0.649329 0.483936 0.112032 0.128156 0.618502 0.430765 2.000000 0.630221 0.443098 2.000000 0.644587 0.465426 2.000000 0.660842 0.495409 2.000000 0.669915 0.522415 2.000000 0.670671 0.541341 2.000000
0 0.553493 0.607552 0.054487 0.120030 0.552780 0.660929 2.000000 0.552402 0.646469 2.000000 0.550889 0.621589 2.000000 0.543707 0.588417 2.000000 0.554292 0.565451 2.000000 0.569413 0.552480 2.000000
0 0.185005 0.635127 0.055497 0.123586 0.189140 0.692494 2.000000 0.185460 0.677314 2.000000 0.182394 0.652993 2.000000 0.177181 0.618839 2.000000 0.179941 0.597795 2.000000 0.000000 0.000000 0.000000
0 0.370837 0.554507 0.463578 0.081386 0.155876 0.575231 2.000000 0.221586 0.565794 2.000000 0.304540 0.556357 2.000000 0.427573 0.545347 2.000000 0.519382 0.544298 2.000000 0.572976 0.542987 2.000000
0 0.400516 0.797073 0.280028 0.187069 0.288405 0.874343 2.000000 0.313939 0.857679 2.000000 0.360975 0.827654 2.000000 0.424485 0.785125 2.000000 0.458130 0.751315 2.000000 0.478544 0.730475 2.000000
0 0.516421 0.834355 0.174144 0.103974 0.461280 0.874535 2.000000 0.478195 0.864460 2.000000 0.508045 0.849349 2.000000 0.548591 0.828780 2.000000 0.561775 0.805693 2.000000 0.547845 0.787643 2.000000
