0 0.342342 0.120935 0.203920 0.100348 0.266457 0.088435 2.000000 0.284224 0.092901 2.000000 0.316357 0.104809 2.000000 0.365502 0.125648 2.000000 0.393855 0.139045 2.000000 0.405952 0.156907 2.000000
0 0.387555 0.231250 0.138889 0.129166 0.340173 0.284069 2.000000 0.351893 0.267695 2.000000 0.373063 0.240264 2.000000 0.396123 0.211557 2.000000 0.412756 0.196671 2.000000 0.430902 0.183275 2.000000
0 0.649248 0.101859 0.160650 0.133896 0.693013 0.051530 2.000000 0.679827 0.064294 2.000000 0.657441 0.087926 2.000000 0.634749 0.111040 2.000000 0.612363 0.135189 2.000000 0.606537 0.153473 2.000000
0 0.225206 0.295698 0.133172 0.134626 0.188718 0.355465 2.000000 0.196998 0.338216 2.000000 0.213864 0.315101 2.000000 0.231637 0.288344 2.000000 0.245449 0.267148 2.000000 0.264768 0.252142 2.000000
0 0.196684 0.470660 0.054744 0.142745 0.191299 0.539226 2.000000 0.191450 0.522106 2.000000 0.192677 0.492437 2.000000 0.189610 0.458973 2.000000 0.194517 0.435169 2.000000 0.206170 0.413090 2.000000
0 0.211982 0.495468 0.070746 0.131008 0.196371 0.553308 2.000000 0.000000 0.000000 0.000000 0.000000 0.000000 0.000000 0.224044 0.489672 2.000000 0.230177 0.459830 2.000000 0.216378 0.443099 2.000000
0 0.307959 0.489453 0.047685 0.135156 0.313182 0.546751 2.000000 0.313384 0.529613 2.000000 0.315401 0.500329 2.000000 0.318922 0.471030 2.000000 0.313096 0.448416 2.000000 0.292244 0.434444 2.000000
0 0.446765 0.499695 0.113261 0.123012 0.000000 0.000000 0.000000 0.477964 0.544316 2.000000 0.468512 0.522628 2.000000 0.455825 0.490586 2.000000 0.437169 0.469038 2.000000 0.421000 0.453786 2.000000
0 0.380952 0.578091 0.472996 0.114606 0.167655 0.614435 2.000000 0.228679 0.600290 2.000000 0.316075 0.585111 2.000000 0.441803 0.566309 2.000000 0.517547 0.552165 2.000000 0.567838 0.538020 2.000000
0 0.685968 0.576302 0.066483 0.131771 0.672101 0.520771 2.000000 0.673634 0.535606 2.000000 0.679601 0.559582 2.000000 0.686914 0.589768 2.000000 0.685594 0.620817 2.000000 0.684060 0.640309 2.000000
0 0.465676 0.707157 0.087837 0.196606 0.467116 0.794376 2.000000 0.471274 0.771836 2.000000 0.478457 0.731433 2.000000 0.488488 0.677467 2.000000 0.472786 0.642548 2.000000 0.436495 0.621709 2.000000
0 0.593550 0.742883 0.155206 0.129465 0.539091 0.801327 2.000000 0.552277 0.789425 2.000000 0.574050 0.766311 2.000000 0.598275 0.742680 2.000000 0.611461 0.721290 2.000000 0.624341 0.705249 2.000000
