0 0.277496 0.115192 0.210678 0.052369 0.181813 0.126507 2.000000 0.208429 0.123848 2.000000 0.250717 0.122169 2.000000 0.313153 0.121050 2.000000 0.345491 0.112515 2.000000 0.363650 0.101041 2.000000
0 0.182140 0.304996 0.088567 0.135842 0.156098 0.369421 2.000000 0.162538 0.350791 2.000000 0.179097 0.318535 2.000000 0.200257 0.283519 2.000000 0.204550 0.262130 2.000000 0.200870 0.240913 2.000000
0 0.211712 0.237278 0.069981 0.124036 0.221715 0.296940 2.000000 0.221715 0.280010 2.000000 0.219725 0.257482 2.000000 0.215248 0.223061 2.000000 0.203308 0.199274 2.000000 0.184651 0.181504 2.000000
0 0.282932 0.288343 0.117470 0.126880 0.321894 0.343817 2.000000 0.312388 0.327257 2.000000 0.298895 0.304143 2.000000 0.278043 0.277062 2.000000 0.256577 0.254465 2.000000 0.238178 0.233939 2.000000
0 0.355739 0.245267 0.141300 0.116220 0.000000 0.000000 0.000000 0.314382 0.285051 2.000000 0.336788 0.262430 2.000000 0.366088 0.234961 2.000000 0.382174 0.218803 2.000000 0.398835 0.201998 2.000000
0 0.560464 0.222951 0.141128 0.098360 0.608040 0.181531 2.000000 0.597833 0.190249 2.000000 0.578553 0.212789 2.000000 0.560030 0.231927 2.000000 0.547177 0.240433 2.000000 0.525628 0.247238 2.000000
0 0.210083 0.302523 0.084871 0.136572 0.232299 0.365635 2.000000 0.225860 0.350284 2.000000 0.217887 0.323375 2.000000 0.000000 0.000000 0.000000 0.000000 0.000000 0.000000 0.000000 0.000000 0.000000
0 0.357696 0.432863 0.072569 0.131816 0.371910 0.494704 2.000000 0.369150 0.481422 2.000000 0.364550 0.455721 2.000000 0.361484 0.426397 2.000000 0.350137 0.402766 2.000000 0.336645 0.382066 2.000000
0 0.340786 0.682976 0.110268 0.257161 0.325510 0.807242 2.000000 0.328913 0.776196 2.000000 0.336851 0.728776 2.000000 0.345546 0.664132 2.000000 0.358021 0.609270 2.000000 0.352729 0.568867 2.000000
0 0.509997 0.621159 0.271105 0.180490 0.613786 0.547165 2.000000 0.588640 0.564069 2.000000 0.544175 0.592358 2.000000 0.487444 0.625304 2.000000 0.445739 0.657388 2.000000 0.423660 0.685677 2.000000
0 0.645034 0.618099 0.061268 0.121188 0.653264 0.675653 2.000000 0.652334 0.661954 2.000000 0.648096 0.631876 2.000000 0.645411 0.603581 2.000000 0.638007 0.583752 2.000000 0.622672 0.567180 2.000000
0 0.635824 0.784291 0.145018 0.148811 0.677857 0.725166 2.000000 0.668762 0.739975 2.000000 0.650121 0.762519 2.000000 0.625887 0.793452 2.000000 0.604450 0.827006 2.000000 0.596993 0.846667 2.000000
