0 0.392593 0.135625 0.213952 0.054212 0.296150 0.122899 2.000000 0.318842 0.126521 2.000000 0.361774 0.132903 2.000000 0.404399 0.140148 2.000000 0.445797 0.145495 2.000000 0.471286 0.146537 2.000000
0 0.374000 0.244422 0.059912 0.131159 0.368985 0.300963 2.000000 0.368985 0.284033 2.000000 0.364508 0.256048 2.000000 0.358040 0.221208 2.000000 0.365752 0.202878 2.000000 0.383413 0.188046 2.000000
0 0.598863 0.089193 0.226133 0.075260 0.691735 0.069803 2.000000 0.661387 0.070923 2.000000 0.613627 0.075960 2.000000 0.555668 0.084215 2.000000 0.525072 0.094849 2.000000 0.515122 0.113739 2.000000
0 0.231884 0.410761 0.071398 0.127252 0.240625 0.466167 2.000000 0.236792 0.452320 2.000000 0.232756 0.428711 2.000000 0.230536 0.395569 2.000000 0.218026 0.372074 2.000000 0.208946 0.356751 2.000000
0 0.203518 0.446842 0.099933 0.162098 0.226685 0.519829 2.000000 0.216192 0.502123 2.000000 0.204892 0.475904 2.000000 0.192987 0.435724 2.000000 0.189961 0.409165 2.000000 0.188144 0.384081 2.000000
0 0.298689 0.478865 0.061573 0.125754 0.000000 0.000000 0.000000 0.000000 0.000000 0.000000 0.290516 0.515398 2.000000 0.292356 0.479519 2.000000 0.298489 0.449160 2.000000 0.314128 0.430359 2.000000
0 0.387136 0.548809 0.477379 0.060637 0.164664 0.561725 2.000000 0.230064 0.553219 2.000000 0.325329 0.545351 2.000000 0.442520 0.541311 2.000000 0.525688 0.545138 2.000000 0.581259 0.540673 2.000000
0 0.628429 0.449439 0.097985 0.132155 0.597943 0.391804 2.000000 0.607755 0.408190 2.000000 0.622168 0.427165 2.000000 0.639648 0.455281 2.000000 0.646087 0.486157 2.000000 0.655287 0.503579 2.000000
0 0.182036 0.678356 0.084975 0.149389 0.202922 0.745509 2.000000 0.194949 0.727052 2.000000 0.190043 0.702558 2.000000 0.179003 0.668922 2.000000 0.168577 0.645463 2.000000 0.164897 0.628386 2.000000
0 0.555633 0.630468 0.081690 0.125521 0.572309 0.685729 2.000000 0.566483 0.671412 2.000000 0.558510 0.652438 2.000000 0.537657 0.614489 2.000000 0.540724 0.591203 2.000000 0.556670 0.576541 2.000000
0 0.369613 0.816349 0.302614 0.181350 0.253989 0.888457 2.000000 0.283121 0.871035 2.000000 0.328506 0.841539 2.000000 0.384930 0.805833 2.000000 0.433688 0.778234 2.000000 0.470487 0.756845 2.000000
0 0.505929 0.849892 0.217708 0.106733 0.426354 0.888038 2.000000 0.448244 0.877684 2.000000 0.484064 0.860613 2.000000 0.525606 0.842144 2.000000 0.549486 0.830530 2.000000 0.575619 0.814901 2.000000
