0 0.139661 0.487760 0.108691 0.124869 0.159408 0.434013 2.000000 0.152194 0.447726 2.000000 0.143737 0.472352 2.000000 0.129807 0.501736 2.000000 0.116872 0.525243 2.000000 0.123339 0.549170 2.000000
0 0.418208 0.367463 0.212492 0.087088 0.333244 0.334977 2.000000 0.356377 0.342253 2.000000 0.400158 0.357504 2.000000 0.450405 0.372196 2.000000 0.477270 0.384369 2.000000 0.489957 0.399341 2.000000
0 0.142438 0.502084 0.161457 0.129167 0.178881 0.557436 2.000000 0.163855 0.542429 2.000000 0.147324 0.522365 2.000000 0.000000 0.000000 0.000000 0.111410 0.477284 2.000000 0.116703 0.449002 2.000000
0 0.221142 0.601822 0.072724 0.126337 0.218660 0.660484 2.000000 0.219904 0.645512 2.000000 0.225376 0.620326 2.000000 0.225128 0.583806 2.000000 0.211583 0.560020 2.000000 0.202654 0.543434 2.000000
0 0.321990 0.582646 0.132432 0.242042 0.338681 0.698110 2.000000 0.335615 0.667751 2.000000 0.331935 0.620143 2.000000 0.331015 0.563048 2.000000 0.311696 0.509230 2.000000 0.281337 0.481804 2.000000
0 0.171399 0.707466 0.180046 0.126389 0.116103 0.661178 2.000000 0.126223 0.675322 2.000000 0.152288 0.697746 2.000000 0.184180 0.723103 2.000000 0.204419 0.734832 2.000000 0.225579 0.752081 2.000000
0 0.359357 0.787061 0.146312 0.161103 0.412196 0.721723 2.000000 0.393491 0.739835 2.000000 0.366147 0.763257 2.000000 0.336234 0.793300 2.000000 0.323997 0.817211 2.000000 0.321639 0.842341 2.000000
0 0.289718 0.760404 0.362973 0.119011 0.129408 0.793330 2.000000 0.169480 0.780146 2.000000 0.228832 0.764198 2.000000 0.302549 0.743784 2.000000 0.366059 0.734853 2.000000 0.000000 0.000000 0.000000
0 0.217485 0.852733 0.239909 0.061971 0.109704 0.871488 2.000000 0.136339 0.865699 2.000000 0.185776 0.854803 2.000000 0.240257 0.845496 2.000000 0.289900 0.841864 2.000000 0.327628 0.834827 2.000000
0 0.222106 0.896200 0.231577 0.109588 0.121700 0.940067 2.000000 0.143470 0.930768 2.000000 0.186406 0.912335 2.000000 0.240465 0.892772 2.000000 0.281175 0.875501 2.000000 0.293377 0.859384 2.000000
0 0.482088 0.895936 0.232765 0.057494 0.588247 0.906717 2.000000 0.563926 0.906047 2.000000 0.520381 0.902598 2.000000 0.460584 0.898975 2.000000 0.418265 0.891386 2.000000 0.394040 0.881381 2.000000
0 0.564540 0.882348 0.228646 0.098195 0.657979 0.917718 2.000000 0.632358 0.908344 2.000000 0.602010 0.893932 2.000000 0.554996 0.873223 2.000000 0.515445 0.857412 2.000000 0.474899 0.851955 2.000000
