0 0.132724 0.059515 0.172169 0.108122 0.081943 0.024703 2.000000 0.097821 0.030657 2.000000 0.135624 0.047882 2.000000 0.170782 0.068508 2.000000 0.177208 0.090411 2.000000 0.154904 0.109974 2.000000
0 0.186859 0.160384 0.071878 0.134647 0.187793 0.098917 2.000000 0.190440 0.113802 2.000000 0.195732 0.138468 2.000000 0.000000 0.000000 0.000000 0.200268 0.192906 2.000000 0.181367 0.210980 2.000000
0 0.204730 0.176833 0.214483 0.098627 0.120503 0.140382 2.000000 0.142051 0.148463 2.000000 0.178720 0.163986 2.000000 0.225975 0.184825 2.000000 0.258486 0.203751 2.000000 0.273100 0.217446 2.000000
0 0.340774 0.142283 0.065608 0.109640 0.335142 0.094969 2.000000 0.336883 0.102944 2.000000 0.346087 0.129250 2.000000 0.353798 0.157794 2.000000 0.346833 0.175984 2.000000 0.340615 0.188017 2.000000
0 0.487426 0.143456 0.212978 0.087828 0.402802 0.115817 2.000000 0.429170 0.119175 2.000000 0.476930 0.131768 2.000000 0.526680 0.145061 2.000000 0.550809 0.160592 2.000000 0.562749 0.173465 2.000000
0 0.499702 0.200081 0.234442 0.041309 0.388126 0.211664 2.000000 0.414991 0.208166 2.000000 0.464741 0.202989 2.000000 0.523198 0.198371 2.000000 0.563495 0.196552 2.000000 0.589863 0.194873 2.000000
0 0.230561 0.284639 0.155412 0.141235 0.191120 0.340909 2.000000 0.196344 0.326217 2.000000 0.211518 0.300471 2.000000 0.228433 0.268849 2.000000 0.250074 0.246461 2.000000 0.273954 0.235407 2.000000
0 0.553919 0.296478 0.070924 0.136186 0.545196 0.233287 2.000000 0.548599 0.248384 2.000000 0.553891 0.274327 2.000000 0.557293 0.306011 2.000000 0.561452 0.333443 2.000000 0.558806 0.350454 2.000000
0 0.620182 0.397535 0.210445 0.175801 0.639705 0.320471 2.000000 0.624206 0.335144 2.000000 0.594719 0.368742 2.000000 0.573171 0.412972 2.000000 0.594719 0.448696 2.000000 0.620803 0.472300 2.000000
0 0.195695 0.631641 0.130983 0.268062 0.206389 0.759314 2.000000 0.205923 0.731264 2.000000 0.208253 0.675165 2.000000 0.210583 0.610678 2.000000 0.204059 0.562968 2.000000 0.175165 0.530986 2.000000
0 0.523227 0.699851 0.130929 0.147804 0.557312 0.761935 2.000000 0.548457 0.746993 2.000000 0.534010 0.712390 2.000000 0.519097 0.679884 2.000000 0.502320 0.658650 2.000000 0.479018 0.641611 2.000000
0 0.585741 0.539713 0.191348 0.109055 0.643994 0.570308 2.000000 0.628149 0.558249 2.000000 0.600653 0.534394 2.000000 0.572691 0.511326 2.000000 0.536546 0.503220 2.000000 0.508771 0.505034 2.000000
