0 0.318050 0.166041 0.213592 0.054044 0.417577 0.177559 2.000000 0.398174 0.174481 2.000000 0.357130 0.170703 2.000000 0.307131 0.170143 2.000000 0.247680 0.166225 2.000000 0.226287 0.157830 2.000000
0 0.570455 0.211546 0.182654 0.109176 0.505897 0.174108 2.000000 0.522763 0.180318 2.000000 0.561095 0.195325 2.000000 0.596667 0.214472 2.000000 0.611999 0.234653 2.000000 0.619053 0.249660 2.000000
0 0.535467 0.242663 0.231226 0.069978 0.440580 0.223786 2.000000 0.466339 0.225339 2.000000 0.515403 0.233446 2.000000 0.565695 0.243105 2.000000 0.601880 0.256215 2.000000 0.616906 0.266909 2.000000
0 0.125447 0.266140 0.080277 0.126556 0.107995 0.207233 2.000000 0.112224 0.220246 2.000000 0.121925 0.249630 2.000000 0.130134 0.277894 2.000000 0.135606 0.303780 2.000000 0.144313 0.320990 2.000000
0 0.145364 0.227735 0.091283 0.124220 0.120184 0.175471 2.000000 0.123418 0.184566 2.000000 0.131875 0.209752 2.000000 0.140581 0.240675 2.000000 0.154263 0.260963 2.000000 0.168442 0.278454 2.000000
0 0.268260 0.272336 0.232924 0.095532 0.180382 0.296643 2.000000 0.200282 0.287968 2.000000 0.244311 0.272857 2.000000 0.296051 0.256346 2.000000 0.334110 0.249070 2.000000 0.360975 0.245572 2.000000
0 0.084341 0.354093 0.085342 0.160154 0.059859 0.281013 2.000000 0.065072 0.299815 2.000000 0.077339 0.333278 2.000000 0.089298 0.366052 2.000000 0.092058 0.393478 2.000000 0.091138 0.410900 2.000000
0 0.581371 0.345252 0.114907 0.145113 0.611651 0.281449 2.000000 0.607972 0.297491 2.000000 0.599385 0.326643 2.000000 0.588039 0.360796 2.000000 0.572093 0.383910 2.000000 0.551240 0.397882 2.000000
0 0.307411 0.460823 0.366647 0.238249 0.170534 0.553395 2.000000 0.194146 0.534075 2.000000 0.245051 0.499232 2.000000 0.310981 0.451969 2.000000 0.378445 0.408501 2.000000 0.420457 0.376072 2.000000
0 0.541970 0.574685 0.210262 0.083490 0.630648 0.597231 2.000000 0.607266 0.593873 2.000000 0.562739 0.585337 2.000000 0.512243 0.576522 2.000000 0.480403 0.560151 2.000000 0.485129 0.543920 2.000000
0 0.384580 0.610995 0.181137 0.140740 0.441819 0.667063 2.000000 0.433472 0.654725 2.000000 0.412030 0.629498 2.000000 0.388460 0.594788 2.000000 0.356706 0.574072 2.000000 0.323642 0.569008 2.000000
0 0.323051 0.729447 0.381701 0.037540 0.144898 0.735132 2.000000 0.185053 0.734678 2.000000 0.253053 0.733770 2.000000 0.338003 0.730478 2.000000 0.415689 0.730705 2.000000 0.460282 0.733202 2.000000
