0 0.233614 0.462761 0.059078 0.135711 0.236380 0.523597 2.000000 0.234141 0.508066 2.000000 0.231654 0.475184 2.000000 0.227674 0.443282 2.000000 0.230410 0.421873 2.000000 0.232897 0.407321 2.000000
0 0.544154 0.406977 0.203976 0.127515 0.473227 0.361372 2.000000 0.492186 0.368481 2.000000 0.519763 0.386256 2.000000 0.561702 0.408231 2.000000 0.585832 0.426005 2.000000 0.601344 0.442163 2.000000
0 0.191294 0.564329 0.068249 0.120497 0.199416 0.618252 2.000000 0.194510 0.605488 2.000000 0.184084 0.578579 2.000000 0.172737 0.548047 2.000000 0.183470 0.529591 2.000000 0.203403 0.519241 2.000000
0 0.318336 0.545443 0.118190 0.239158 0.318190 0.654465 2.000000 0.316657 0.629971 2.000000 0.318190 0.578913 2.000000 0.320030 0.515608 2.000000 0.308991 0.473003 2.000000 0.279859 0.440746 2.000000
0 0.146936 0.746852 0.083453 0.133954 0.129563 0.685891 2.000000 0.132016 0.698138 2.000000 0.141522 0.724875 2.000000 0.152562 0.759373 2.000000 0.153788 0.780935 2.000000 0.149188 0.797322 2.000000
0 0.175467 0.673547 0.079021 0.135819 0.157006 0.614312 2.000000 0.160072 0.628974 2.000000 0.168045 0.648293 2.000000 0.180005 0.677617 2.000000 0.188284 0.710908 2.000000 0.186138 0.728847 2.000000
0 0.424453 0.760637 0.147083 0.118908 0.467646 0.810091 2.000000 0.462433 0.797154 2.000000 0.448327 0.773005 2.000000 0.429314 0.750754 2.000000 0.402942 0.735747 2.000000 0.387916 0.727985 2.000000
0 0.286394 0.712139 0.301904 0.106601 0.000000 0.000000 0.000000 0.000000 0.000000 0.000000 0.202697 0.738852 2.000000 0.278441 0.722465 2.000000 0.348051 0.704353 2.000000 0.384850 0.678307 2.000000
0 0.260799 0.804319 0.240130 0.081437 0.157293 0.834105 2.000000 0.177875 0.828657 2.000000 0.214195 0.816626 2.000000 0.267062 0.800622 2.000000 0.319122 0.787796 2.000000 0.341016 0.774544 2.000000
0 0.185634 0.866607 0.189523 0.132366 0.114502 0.918649 2.000000 0.128223 0.910136 2.000000 0.155060 0.889252 2.000000 0.186941 0.861671 2.000000 0.218917 0.838268 2.000000 0.242323 0.821419 2.000000
0 0.354106 0.872621 0.138702 0.150753 0.307677 0.801718 2.000000 0.316757 0.819311 2.000000 0.333908 0.843941 2.000000 0.361552 0.876062 2.000000 0.375072 0.902962 2.000000 0.380318 0.925549 2.000000
0 0.630633 0.811719 0.077669 0.128210 0.649266 0.869596 2.000000 0.643374 0.857075 2.000000 0.633226 0.832492 2.000000 0.618167 0.802569 2.000000 0.609656 0.778539 2.000000 0.620682 0.760043 2.000000
