0 0.209653 0.155274 0.096015 0.116757 0.183952 0.101613 2.000000 0.186976 0.113946 2.000000 0.194915 0.136061 2.000000 0.207012 0.168596 2.000000 0.221377 0.186458 2.000000 0.245194 0.204746 2.000000
0 0.523011 0.255240 0.063553 0.128581 0.538866 0.196886 2.000000 0.531305 0.210921 2.000000 0.521854 0.233886 2.000000 0.512025 0.258766 2.000000 0.509757 0.276841 2.000000 0.515806 0.298318 2.000000
0 0.333846 0.334375 0.213197 0.027794 0.232139 0.337660 2.000000 0.261965 0.335825 2.000000 0.313695 0.335038 2.000000 0.369153 0.335562 2.000000 0.399445 0.331106 2.000000 0.426475 0.323504 2.000000
0 0.352090 0.424024 0.424101 0.170080 0.164807 0.357153 2.000000 0.210549 0.373526 2.000000 0.285022 0.397768 2.000000 0.370459 0.429877 2.000000 0.457407 0.460711 2.000000 0.507827 0.476137 2.000000
0 0.194312 0.528164 0.138629 0.124667 0.152985 0.482815 2.000000 0.159509 0.495923 2.000000 0.173024 0.518729 2.000000 0.181879 0.545992 2.000000 0.211705 0.569585 2.000000 0.244328 0.580071 2.000000
0 0.328030 0.589714 0.221296 0.032643 0.220160 0.595322 2.000000 0.248706 0.593158 2.000000 0.299852 0.590341 2.000000 0.361368 0.588768 2.000000 0.396321 0.586933 2.000000 0.422419 0.581166 2.000000
0 0.452458 0.696686 0.148853 0.120251 0.500751 0.738355 2.000000 0.486385 0.730670 2.000000 0.455008 0.709618 2.000000 0.425900 0.684951 2.000000 0.418717 0.664112 2.000000 0.431948 0.648802 2.000000
0 0.209366 0.809781 0.135392 0.124343 0.167335 0.862262 2.000000 0.178374 0.848290 2.000000 0.191560 0.823796 2.000000 0.213333 0.803442 2.000000 0.225906 0.786365 2.000000 0.243998 0.769116 2.000000
0 0.586769 0.783969 0.048264 0.121121 0.584396 0.729293 2.000000 0.587132 0.743985 2.000000 0.585869 0.765108 2.000000 0.586147 0.788352 2.000000 0.585142 0.815023 2.000000 0.584813 0.836804 2.000000
0 0.555551 0.806282 0.158251 0.125978 0.606251 0.754491 2.000000 0.000000 0.000000 0.000000 0.000000 0.000000 0.000000 0.548929 0.802201 2.000000 0.517704 0.829464 2.000000 0.519568 0.850435 2.000000
0 0.584540 0.719661 0.199754 0.067603 0.666132 0.740493 2.000000 0.640500 0.733939 2.000000 0.608810 0.724502 2.000000 0.568731 0.717686 2.000000 0.531448 0.707987 2.000000 0.504418 0.697239 2.000000
0 0.498143 0.670929 0.346743 0.120747 0.342705 0.715327 2.000000 0.385114 0.701171 2.000000 0.440572 0.683345 2.000000 0.510943 0.662898 2.000000 0.568265 0.648480 2.000000 0.617665 0.636684 2.000000
