0 0.146209 0.562362 0.063607 0.114718 0.131923 0.505995 2.000000 0.132389 0.518315 2.000000 0.140778 0.541908 2.000000 0.152428 0.569434 2.000000 0.156623 0.596172 2.000000 0.154759 0.612425 2.000000
0 0.160043 0.538282 0.086991 0.116817 0.176931 0.591965 2.000000 0.169285 0.577971 2.000000 0.000000 0.000000 0.000000 0.000000 0.000000 0.000000 0.000000 0.000000 0.000000 0.000000 0.000000 0.000000
0 0.461690 0.384725 0.221488 0.094004 0.375475 0.348761 2.000000 0.397671 0.356820 2.000000 0.439238 0.372710 2.000000 0.480603 0.386671 2.000000 0.513695 0.400064 2.000000 0.529636 0.415046 2.000000
0 0.236369 0.597545 0.047628 0.126539 0.229632 0.656103 2.000000 0.231900 0.640368 2.000000 0.237571 0.608471 2.000000 0.242107 0.576787 2.000000 0.236058 0.554884 2.000000 0.233034 0.537660 2.000000
0 0.325464 0.586464 0.117880 0.251054 0.348998 0.699154 2.000000 0.337805 0.671310 2.000000 0.327866 0.627973 2.000000 0.322696 0.571096 2.000000 0.310369 0.509718 2.000000 0.302396 0.482119 2.000000
0 0.184624 0.723836 0.144660 0.127326 0.137815 0.670660 2.000000 0.149535 0.683206 2.000000 0.177887 0.705321 2.000000 0.204728 0.726586 2.000000 0.216825 0.752528 2.000000 0.215313 0.773580 2.000000
0 0.291633 0.767038 0.365236 0.103869 0.127404 0.801189 2.000000 0.170029 0.791184 2.000000 0.239953 0.776262 2.000000 0.319800 0.759336 2.000000 0.386833 0.747888 2.000000 0.435898 0.736676 2.000000
0 0.228872 0.835303 0.225697 0.053093 0.125458 0.850707 2.000000 0.151217 0.847085 2.000000 0.199975 0.839150 2.000000 0.263146 0.832941 2.000000 0.308224 0.826903 2.000000 0.331530 0.817589 2.000000
0 0.368607 0.829557 0.086187 0.146615 0.347476 0.763426 2.000000 0.351156 0.781193 2.000000 0.360968 0.810344 2.000000 0.373235 0.846223 2.000000 0.376301 0.873304 2.000000 0.372315 0.895038 2.000000
0 0.577979 0.869225 0.232024 0.113335 0.670318 0.914248 2.000000 0.646438 0.903894 2.000000 0.612111 0.886403 2.000000 0.567087 0.866115 2.000000 0.536528 0.852223 2.000000 0.510160 0.839350 2.000000
0 0.455091 0.881498 0.178515 0.101756 0.510204 0.918799 2.000000 0.489352 0.911037 2.000000 0.455007 0.896720 2.000000 0.419435 0.881368 2.000000 0.407169 0.861186 2.000000 0.426181 0.838417 2.000000
0 0.216166 0.908492 0.231271 0.112977 0.120848 0.951665 2.000000 0.143734 0.941590 2.000000 0.181046 0.925079 2.000000 0.243980 0.901293 2.000000 0.276221 0.886235 2.000000 0.293014 0.871264 2.000000
