0 0.208164 0.212518 0.146874 0.145480 0.162307 0.154945 2.000000 0.171814 0.167020 2.000000 0.189293 0.189962 2.000000 0.211679 0.218078 2.000000 0.230384 0.244642 2.000000 0.252157 0.261546 2.000000
0 0.306688 0.334231 0.220782 0.051198 0.206463 0.345354 2.000000 0.231343 0.342040 2.000000 0.275700 0.338909 2.000000 0.332170 0.336976 2.000000 0.370635 0.332557 2.000000 0.394859 0.322981 2.000000
0 0.468372 0.372412 0.146712 0.115565 0.525686 0.321591 2.000000 0.508424 0.337613 2.000000 0.485739 0.359569 2.000000 0.467116 0.380698 2.000000 0.440497 0.402697 2.000000 0.411455 0.417691 2.000000
0 0.316484 0.430959 0.437072 0.121937 0.127482 0.402932 2.000000 0.178758 0.408913 2.000000 0.253609 0.424861 2.000000 0.351520 0.447827 2.000000 0.449809 0.462074 2.000000 0.497064 0.448890 2.000000
0 0.193182 0.546195 0.114807 0.130280 0.158292 0.492509 2.000000 0.166969 0.509761 2.000000 0.181699 0.528943 2.000000 0.204298 0.558340 2.000000 0.216607 0.584446 2.000000 0.220037 0.603060 2.000000
0 0.245154 0.606613 0.236173 0.066098 0.142150 0.626441 2.000000 0.169794 0.620880 2.000000 0.211966 0.612254 2.000000 0.271895 0.598066 2.000000 0.303171 0.593639 2.000000 0.339492 0.591029 2.000000
0 0.215795 0.777879 0.203174 0.083114 0.124366 0.808055 2.000000 0.145153 0.801794 2.000000 0.185419 0.789549 2.000000 0.229285 0.776198 2.000000 0.260384 0.764782 2.000000 0.283299 0.754654 2.000000
0 0.399913 0.694629 0.335361 0.125510 0.252516 0.745480 2.000000 0.293074 0.732654 2.000000 0.357644 0.709273 2.000000 0.429478 0.685664 2.000000 0.493645 0.666142 2.000000 0.527544 0.653089 2.000000
0 0.558340 0.702282 0.217670 0.081821 0.637392 0.725365 2.000000 0.610959 0.719008 2.000000 0.568786 0.707885 2.000000 0.519754 0.694946 2.000000 0.485653 0.682120 2.000000 0.468098 0.669068 2.000000
0 0.426121 0.773073 0.138400 0.119991 0.379799 0.819986 2.000000 0.386861 0.809658 2.000000 0.402802 0.787752 2.000000 0.420962 0.761646 2.000000 0.443360 0.742578 2.000000 0.464547 0.733498 2.000000
0 0.590993 0.791928 0.046296 0.124479 0.583247 0.729660 2.000000 0.587686 0.749749 2.000000 0.590371 0.773058 2.000000 0.591520 0.799123 2.000000 0.594546 0.822050 2.000000 0.597241 0.845946 2.000000
0 0.565101 0.799197 0.159531 0.119310 0.619483 0.753509 2.000000 0.000000 0.000000 0.000000 0.000000 0.000000 0.000000 0.560529 0.793387 2.000000 0.521972 0.823330 2.000000 0.512520 0.845158 2.000000
