0 0.483716 0.390902 0.186850 0.104481 0.409593 0.351663 2.000000 0.427753 0.360857 2.000000 0.459852 0.377151 2.000000 0.501058 0.399479 2.000000 0.527711 0.414828 2.000000 0.537305 0.430031 2.000000
0 0.224968 0.547627 0.083089 0.123270 0.241382 0.604492 2.000000 0.234320 0.586104 2.000000 0.220095 0.559516 2.000000 0.209510 0.530809 2.000000 0.209888 0.505504 2.000000 0.227656 0.490832 2.000000
0 0.174577 0.550117 0.064944 0.116757 0.175403 0.607000 2.000000 0.168963 0.592166 2.000000 0.163444 0.565775 2.000000 0.158537 0.534208 2.000000 0.166204 0.515579 2.000000 0.188896 0.502642 2.000000
0 0.161734 0.615914 0.123642 0.123868 0.132752 0.563189 2.000000 0.135737 0.577741 2.000000 0.148424 0.607964 2.000000 0.160861 0.637628 2.000000 0.175289 0.654278 2.000000 0.197428 0.668551 2.000000
0 0.165896 0.716270 0.118076 0.109084 0.146735 0.669026 2.000000 0.147348 0.681273 2.000000 0.163907 0.705077 2.000000 0.182306 0.735781 2.000000 0.171880 0.761310 2.000000 0.155321 0.776834 2.000000
0 0.316325 0.579818 0.120262 0.239204 0.331758 0.689813 2.000000 0.324545 0.662108 2.000000 0.315945 0.615704 2.000000 0.313647 0.552040 2.000000 0.306752 0.504858 2.000000 0.296986 0.472219 2.000000
0 0.263215 0.756371 0.325581 0.137565 0.122989 0.804181 2.000000 0.163439 0.791848 2.000000 0.229973 0.772285 2.000000 0.326372 0.746129 2.000000 0.366822 0.722951 2.000000 0.377785 0.698497 2.000000
0 0.234560 0.811465 0.231095 0.087492 0.131551 0.844817 2.000000 0.155746 0.836737 2.000000 0.199976 0.824829 2.000000 0.262730 0.805478 2.000000 0.300155 0.791231 2.000000 0.314143 0.773581 2.000000
0 0.192422 0.902256 0.221757 0.123981 0.107082 0.949967 2.000000 0.130713 0.937094 2.000000 0.174493 0.915546 2.000000 0.223995 0.891619 2.000000 0.255566 0.872270 2.000000 0.270537 0.852364 2.000000
0 0.360123 0.845521 0.085927 0.150221 0.337386 0.776859 2.000000 0.341369 0.795530 2.000000 0.349101 0.821287 2.000000 0.360064 0.857862 2.000000 0.368003 0.884443 2.000000 0.373296 0.906983 2.000000
0 0.447671 0.840059 0.063668 0.127695 0.434506 0.899157 2.000000 0.438598 0.884242 2.000000 0.438962 0.856933 2.000000 0.443509 0.826054 2.000000 0.448419 0.806259 2.000000 0.463150 0.788581 2.000000
0 0.578901 0.865271 0.183732 0.126430 0.647311 0.909162 2.000000 0.626422 0.897493 2.000000 0.591498 0.876605 2.000000 0.553893 0.857432 2.000000 0.535190 0.834611 2.000000 0.541058 0.814349 2.000000
