0 0.212668 0.227618 0.146379 0.128930 0.157289 0.171831 2.000000 0.168992 0.185678 2.000000 0.188968 0.207925 2.000000 0.211770 0.233122 2.000000 0.232150 0.255255 2.000000 0.252126 0.273529 2.000000
0 0.303479 0.337947 0.216306 0.038626 0.199509 0.346318 2.000000 0.224655 0.342523 2.000000 0.270653 0.338038 2.000000 0.323704 0.333898 2.000000 0.368476 0.332173 2.000000 0.400368 0.332173 2.000000
0 0.446464 0.372307 0.202586 0.100376 0.517628 0.340369 2.000000 0.503263 0.351001 2.000000 0.474532 0.368863 2.000000 0.435972 0.383961 2.000000 0.388718 0.392254 2.000000 0.359944 0.396505 2.000000
0 0.324612 0.443622 0.453486 0.088720 0.121801 0.422668 2.000000 0.175282 0.425606 2.000000 0.260355 0.432043 2.000000 0.358612 0.442537 2.000000 0.461097 0.455550 2.000000 0.524777 0.467303 2.000000
0 0.187023 0.554905 0.121726 0.128549 0.163180 0.501263 2.000000 0.164713 0.517995 2.000000 0.177899 0.544214 2.000000 0.198445 0.571640 2.000000 0.203658 0.592857 2.000000 0.195992 0.610969 2.000000
0 0.241880 0.598889 0.233567 0.071494 0.138182 0.620503 2.000000 0.166701 0.616881 2.000000 0.213006 0.610153 2.000000 0.268203 0.601529 2.000000 0.305002 0.592904 2.000000 0.328921 0.580312 2.000000
0 0.221713 0.775826 0.219020 0.066744 0.124064 0.798678 2.000000 0.141726 0.792102 2.000000 0.181526 0.783986 2.000000 0.222570 0.773352 2.000000 0.266101 0.765936 2.000000 0.304409 0.762438 2.000000
0 0.541103 0.696288 0.206601 0.074038 0.627948 0.724950 2.000000 0.605688 0.718044 2.000000 0.571806 0.705155 2.000000 0.530068 0.691436 2.000000 0.486201 0.681216 2.000000 0.459030 0.674035 2.000000
0 0.394525 0.699709 0.331825 0.116752 0.245134 0.745704 2.000000 0.285929 0.733391 2.000000 0.348614 0.711003 2.000000 0.421250 0.685817 2.000000 0.477467 0.669586 2.000000 0.524481 0.657553 2.000000
0 0.396216 0.775492 0.151774 0.103312 0.347760 0.821766 2.000000 0.355428 0.813367 2.000000 0.371974 0.798158 2.000000 0.399214 0.767399 2.000000 0.424033 0.751735 2.000000 0.449458 0.744812 2.000000
0 0.595824 0.796990 0.070893 0.145344 0.582841 0.733502 2.000000 0.586463 0.752741 2.000000 0.590228 0.777784 2.000000 0.594647 0.812034 2.000000 0.597757 0.828514 2.000000 0.605777 0.846100 2.000000
0 0.565635 0.796358 0.157816 0.116657 0.621144 0.753747 2.000000 0.607913 0.765655 2.000000 0.000000 0.000000 0.000000 0.552449 0.799618 2.000000 0.523048 0.825624 2.000000 0.518318 0.845397 2.000000
