0 0.452611 0.129829 0.236024 0.066993 0.353476 0.148787 2.000000 0.378642 0.142233 2.000000 0.408468 0.136728 2.000000 0.452741 0.128602 2.000000 0.518452 0.117329 2.000000 0.545948 0.111824 2.000000
0 0.502148 0.213000 0.093120 0.132563 0.485188 0.156410 2.000000 0.489788 0.165379 2.000000 0.496841 0.183146 2.000000 0.505120 0.210917 2.000000 0.518307 0.243174 2.000000 0.509720 0.265253 2.000000
0 0.189051 0.354704 0.171210 0.152848 0.244483 0.419931 2.000000 0.228844 0.402854 2.000000 0.207378 0.377325 2.000000 0.176099 0.339032 2.000000 0.157700 0.310570 2.000000 0.133168 0.294701 2.000000
0 0.352859 0.350293 0.392021 0.227147 0.212591 0.265722 2.000000 0.245403 0.281764 2.000000 0.307041 0.303671 2.000000 0.384011 0.337824 2.000000 0.460675 0.397334 2.000000 0.481220 0.442355 2.000000
0 0.528643 0.376997 0.170069 0.110123 0.591799 0.426438 2.000000 0.576773 0.412466 2.000000 0.560827 0.394872 2.000000 0.535988 0.371758 2.000000 0.500109 0.351576 2.000000 0.472204 0.340881 2.000000
0 0.685669 0.319140 0.052039 0.140599 0.690848 0.383142 2.000000 0.689928 0.365991 2.000000 0.685733 0.343412 2.000000 0.675391 0.302693 2.000000 0.683435 0.276194 2.000000 0.690329 0.260035 2.000000
0 0.214039 0.573245 0.096407 0.128903 0.239265 0.632425 2.000000 0.236003 0.614075 2.000000 0.229945 0.589433 2.000000 0.227148 0.553519 2.000000 0.214100 0.535694 2.000000 0.194060 0.520227 2.000000
0 0.146605 0.890105 0.056482 0.150521 0.136200 0.961267 2.000000 0.136666 0.946063 2.000000 0.139462 0.914868 2.000000 0.150181 0.876595 2.000000 0.154375 0.847235 2.000000 0.146918 0.828623 2.000000
0 0.294158 0.904493 0.227986 0.070444 0.197754 0.928256 2.000000 0.221137 0.923079 2.000000 0.265912 0.909926 2.000000 0.311433 0.897193 2.000000 0.351980 0.891876 2.000000 0.373870 0.894115 2.000000
0 0.555149 0.904662 0.220873 0.064606 0.464664 0.922100 2.000000 0.488544 0.918322 2.000000 0.525608 0.913145 2.000000 0.574861 0.907128 2.000000 0.624611 0.890057 2.000000 0.654710 0.882781 2.000000
0 0.419131 0.688382 0.131621 0.143952 0.461618 0.750317 2.000000 0.453301 0.736921 2.000000 0.441960 0.719058 2.000000 0.424192 0.680995 2.000000 0.409449 0.654202 2.000000 0.380340 0.637403 2.000000
0 0.407039 0.744655 0.267119 0.175723 0.305039 0.814670 2.000000 0.325453 0.800210 2.000000 0.365525 0.771503 2.000000 0.420718 0.728549 2.000000 0.471375 0.692825 2.000000 0.521654 0.681554 2.000000
