0 0.339140 0.170187 0.226218 0.076901 0.433998 0.191323 2.000000 0.413452 0.185976 2.000000 0.371440 0.178386 2.000000 0.315936 0.169934 2.000000 0.269018 0.154582 2.000000 0.249698 0.143543 2.000000
0 0.311562 0.271150 0.226586 0.036237 0.207551 0.278145 2.000000 0.229141 0.273265 2.000000 0.266673 0.268271 2.000000 0.321557 0.263958 2.000000 0.365344 0.267022 2.000000 0.387943 0.272697 2.000000
0 0.154256 0.259676 0.142401 0.129907 0.107133 0.206312 2.000000 0.115591 0.216246 2.000000 0.136486 0.239893 2.000000 0.164843 0.269697 2.000000 0.185241 0.292504 2.000000 0.202156 0.314332 2.000000
0 0.167657 0.317429 0.180293 0.133661 0.098770 0.263013 2.000000 0.112088 0.274250 2.000000 0.140539 0.295020 2.000000 0.181501 0.327595 2.000000 0.204907 0.348707 2.000000 0.219637 0.370499 2.000000
0 0.078901 0.441098 0.059658 0.150798 0.078454 0.373659 2.000000 0.075388 0.387113 2.000000 0.081214 0.414712 2.000000 0.083361 0.449211 2.000000 0.080601 0.481294 2.000000 0.078454 0.499924 2.000000
0 0.602862 0.247470 0.124018 0.095927 0.568728 0.216509 2.000000 0.587136 0.223086 2.000000 0.616737 0.240576 2.000000 0.633404 0.262544 2.000000 0.630170 0.271499 2.000000 0.603056 0.282133 2.000000
0 0.603602 0.347553 0.119996 0.124685 0.633281 0.289596 2.000000 0.627148 0.303568 2.000000 0.617642 0.331684 2.000000 0.605376 0.367218 2.000000 0.583297 0.391022 2.000000 0.562137 0.400509 2.000000
0 0.587665 0.268415 0.129167 0.081008 0.537601 0.239777 2.000000 0.552496 0.247787 2.000000 0.582777 0.264268 2.000000 0.000000 0.000000 0.000000 0.000000 0.000000 0.000000 0.000000 0.000000 0.000000
0 0.382546 0.426419 0.381889 0.196762 0.233827 0.490295 2.000000 0.260337 0.469644 2.000000 0.314397 0.435565 2.000000 0.383370 0.389690 2.000000 0.473315 0.367932 2.000000 0.545084 0.373437 2.000000
0 0.537396 0.572639 0.210949 0.099445 0.624136 0.612020 2.000000 0.603958 0.604756 2.000000 0.571875 0.591250 2.000000 0.533133 0.573770 2.000000 0.491364 0.553907 2.000000 0.480872 0.543352 2.000000
0 0.357660 0.609182 0.200309 0.141712 0.427544 0.669814 2.000000 0.415840 0.658010 2.000000 0.393846 0.633266 2.000000 0.366000 0.599670 2.000000 0.332303 0.578558 2.000000 0.299211 0.566073 2.000000
0 0.307804 0.726175 0.407375 0.061204 0.123465 0.742657 2.000000 0.162812 0.737096 2.000000 0.238884 0.729151 2.000000 0.343205 0.719389 2.000000 0.403335 0.718141 2.000000 0.454991 0.715417 2.000000
