0 0.243019 0.062069 0.229565 0.040804 0.134468 0.074454 2.000000 0.155627 0.066519 2.000000 0.193653 0.058412 2.000000 0.256210 0.050995 2.000000 0.316314 0.055824 2.000000 0.343300 0.068071 2.000000
0 0.310084 0.106008 0.236004 0.053101 0.196948 0.123619 2.000000 0.224574 0.116925 2.000000 0.271146 0.109697 2.000000 0.327853 0.099522 2.000000 0.379245 0.093445 2.000000 0.413291 0.093906 2.000000
0 0.240137 0.117703 0.180017 0.073449 0.162667 0.110637 2.000000 0.188786 0.108258 2.000000 0.000000 0.000000 0.000000 0.000000 0.000000 0.000000 0.303460 0.126168 2.000000 0.290525 0.148975 2.000000
0 0.355880 0.100943 0.217468 0.034249 0.250041 0.095899 2.000000 0.273175 0.096739 2.000000 0.000000 0.000000 0.000000 0.000000 0.000000 0.000000 0.399292 0.105974 2.000000 0.429142 0.102615 2.000000
0 0.267251 0.164682 0.224855 0.030926 0.163630 0.166888 2.000000 0.186894 0.164647 2.000000 0.230695 0.160066 2.000000 0.288404 0.158250 2.000000 0.340464 0.162450 2.000000 0.368108 0.169373 2.000000
0 0.479780 0.189522 0.228511 0.030852 0.373552 0.195522 2.000000 0.399581 0.189506 2.000000 0.445587 0.184512 2.000000 0.500472 0.177929 2.000000 0.537398 0.183377 2.000000 0.562217 0.193365 2.000000
0 0.566503 0.265829 0.085382 0.124407 0.583944 0.207694 2.000000 0.578496 0.219384 2.000000 0.570021 0.244922 2.000000 0.554888 0.274773 2.000000 0.548632 0.297701 2.000000 0.547825 0.316429 2.000000
0 0.577694 0.447416 0.138653 0.192667 0.599002 0.365086 2.000000 0.594764 0.381544 2.000000 0.579025 0.423086 2.000000 0.561067 0.462244 2.000000 0.551987 0.494819 2.000000 0.551180 0.520243 2.000000
0 0.266329 0.319891 0.078144 0.131405 0.279329 0.377591 2.000000 0.273196 0.364827 2.000000 0.265837 0.341713 2.000000 0.254797 0.310319 2.000000 0.249277 0.282548 2.000000 0.251117 0.261331 2.000000
0 0.656116 0.539485 0.121256 0.121528 0.693973 0.590230 2.000000 0.684023 0.577077 2.000000 0.663626 0.555109 2.000000 0.639745 0.528244 2.000000 0.621926 0.505382 2.000000 0.616912 0.490375 2.000000
0 0.318140 0.676973 0.081971 0.257072 0.310304 0.800195 2.000000 0.309838 0.772408 2.000000 0.309372 0.715261 2.000000 0.314498 0.650249 2.000000 0.323819 0.604898 2.000000 0.327547 0.569509 2.000000
0 0.635185 0.774479 0.187037 0.126178 0.698166 0.822657 2.000000 0.684236 0.813702 2.000000 0.652147 0.792154 2.000000 0.622297 0.771725 2.000000 0.593939 0.746959 2.000000 0.576278 0.735345 2.000000
