0 0.294841 0.127474 0.235966 0.075493 0.385394 0.109624 2.000000 0.360115 0.110917 2.000000 0.309558 0.117380 2.000000 0.265894 0.125782 2.000000 0.227402 0.138062 2.000000 0.209592 0.151635 2.000000
0 0.566932 0.146298 0.108552 0.122769 0.536999 0.098202 2.000000 0.544359 0.108724 2.000000 0.557238 0.123731 2.000000 0.568584 0.147880 2.000000 0.581157 0.170649 2.000000 0.581157 0.187553 2.000000
0 0.409269 0.370098 0.064665 0.123576 0.420022 0.317058 2.000000 0.415362 0.326495 2.000000 0.409304 0.349564 2.000000 0.400449 0.383118 2.000000 0.393925 0.403041 2.000000 0.390662 0.422702 2.000000
0 0.225691 0.496134 0.244227 0.081767 0.331087 0.474505 2.000000 0.303125 0.478699 2.000000 0.258852 0.485777 2.000000 0.211782 0.494165 2.000000 0.173567 0.505438 2.000000 0.146072 0.517758 2.000000
0 0.323593 0.525409 0.193373 0.101372 0.000000 0.000000 0.000000 0.000000 0.000000 0.000000 0.294270 0.501768 2.000000 0.339009 0.518283 2.000000 0.374428 0.540041 2.000000 0.371632 0.564420 2.000000
0 0.299442 0.410821 0.435244 0.176467 0.113494 0.343762 2.000000 0.157157 0.357012 2.000000 0.222077 0.378987 2.000000 0.320894 0.415828 2.000000 0.404198 0.450730 2.000000 0.451308 0.473675 2.000000
0 0.637126 0.651131 0.077220 0.148355 0.619566 0.589814 2.000000 0.625624 0.605542 2.000000 0.634013 0.634116 2.000000 0.634945 0.670030 2.000000 0.641935 0.694671 2.000000 0.654052 0.714070 2.000000
0 0.370750 0.635127 0.151327 0.152115 0.414055 0.700243 2.000000 0.401006 0.686612 2.000000 0.375841 0.656989 2.000000 0.346481 0.624484 2.000000 0.334364 0.597221 2.000000 0.339956 0.577298 2.000000
0 0.266932 0.840056 0.197420 0.117825 0.201579 0.793482 2.000000 0.218822 0.811307 2.000000 0.243988 0.832803 2.000000 0.275212 0.859018 2.000000 0.305971 0.871076 2.000000 0.345117 0.872911 2.000000
0 0.561367 0.803321 0.226652 0.097788 0.640117 0.769102 2.000000 0.621941 0.782472 2.000000 0.589319 0.798724 2.000000 0.545512 0.812356 2.000000 0.507763 0.828347 2.000000 0.475607 0.832017 2.000000
0 0.571534 0.724593 0.080905 0.116420 0.585591 0.674993 2.000000 0.584659 0.695440 2.000000 0.576270 0.714576 2.000000 0.565085 0.737383 2.000000 0.562755 0.758092 2.000000 0.543648 0.771199 2.000000
0 0.502711 0.705338 0.336111 0.124439 0.360497 0.749704 2.000000 0.402440 0.737383 2.000000 0.459296 0.718771 2.000000 0.535725 0.692818 2.000000 0.000000 0.000000 0.000000 0.625204 0.666866 2.000000
