0 0.333724 0.120917 0.219947 0.032639 0.426329 0.121711 2.000000 0.399650 0.119641 2.000000 0.357025 0.116882 2.000000 0.306427 0.114122 2.000000 0.260122 0.121194 2.000000 0.231297 0.128094 2.000000
0 0.550797 0.154417 0.129985 0.111478 0.513112 0.108774 2.000000 0.519552 0.119296 2.000000 0.537338 0.138098 2.000000 0.558803 0.157417 2.000000 0.575976 0.178806 2.000000 0.581803 0.198643 2.000000
0 0.387788 0.331412 0.073662 0.137175 0.407365 0.269218 2.000000 0.403072 0.282155 2.000000 0.397552 0.302682 2.000000 0.392339 0.329418 2.000000 0.381606 0.357362 2.000000 0.373633 0.378751 2.000000
0 0.571605 0.506120 0.085734 0.138281 0.551389 0.447621 2.000000 0.559706 0.463144 2.000000 0.569913 0.490576 2.000000 0.578608 0.516306 2.000000 0.582766 0.542674 2.000000 0.587303 0.562875 2.000000
0 0.246322 0.492028 0.224443 0.090785 0.158061 0.466416 2.000000 0.184428 0.474252 2.000000 0.226467 0.485166 2.000000 0.271740 0.499717 2.000000 0.309550 0.512031 2.000000 0.341390 0.519726 2.000000
0 0.350260 0.483230 0.225083 0.074164 0.446612 0.502236 2.000000 0.420742 0.496359 2.000000 0.373479 0.486145 2.000000 0.340146 0.480128 2.000000 0.300097 0.473552 2.000000 0.258059 0.468375 2.000000
0 0.331298 0.611699 0.151909 0.143264 0.378967 0.672820 2.000000 0.364788 0.658967 2.000000 0.343893 0.632662 2.000000 0.316779 0.597961 2.000000 0.299616 0.570956 2.000000 0.293148 0.548849 2.000000
0 0.531126 0.581174 0.162439 0.137183 0.473338 0.523612 2.000000 0.487765 0.539703 2.000000 0.510899 0.559992 2.000000 0.542988 0.589655 2.000000 0.564629 0.616520 2.000000 0.566868 0.638908 2.000000
0 0.165777 0.787529 0.114433 0.147407 0.140975 0.725683 2.000000 0.145616 0.745432 2.000000 0.151669 0.769721 2.000000 0.168821 0.801616 2.000000 0.191219 0.820684 2.000000 0.204896 0.838890 2.000000
0 0.522232 0.796710 0.202156 0.104069 0.602257 0.755777 2.000000 0.580868 0.767809 2.000000 0.540512 0.788012 2.000000 0.501164 0.804810 2.000000 0.472713 0.818771 2.000000 0.451123 0.828305 2.000000
0 0.468596 0.701172 0.350463 0.115270 0.318489 0.743570 2.000000 0.357791 0.732936 2.000000 0.416496 0.717685 2.000000 0.493609 0.693058 2.000000 0.550076 0.674309 2.000000 0.607786 0.672769 2.000000
0 0.271617 0.402198 0.401784 0.178748 0.102521 0.334384 2.000000 0.142999 0.347149 2.000000 0.212303 0.372160 2.000000 0.300006 0.404416 2.000000 0.382189 0.443400 2.000000 0.423281 0.473413 2.000000
