0 0.220148 0.236256 0.161387 0.135300 0.156164 0.184032 2.000000 0.169099 0.197745 2.000000 0.191984 0.218733 2.000000 0.223575 0.250495 2.000000 0.246709 0.267286 2.000000 0.276062 0.280299 2.000000
0 0.295455 0.336467 0.241124 0.039861 0.189917 0.342363 2.000000 0.212802 0.339844 2.000000 0.249866 0.336486 2.000000 0.308322 0.332708 2.000000 0.360062 0.332428 2.000000 0.390907 0.332428 2.000000
0 0.428577 0.372825 0.221093 0.086686 0.518672 0.343984 2.000000 0.496286 0.352091 2.000000 0.456728 0.365545 2.000000 0.407663 0.381932 2.000000 0.371784 0.391247 2.000000 0.342959 0.396594 2.000000
0 0.351118 0.445845 0.461939 0.088734 0.144001 0.426779 2.000000 0.192012 0.428480 2.000000 0.268375 0.434434 2.000000 0.367798 0.441238 2.000000 0.476295 0.461014 2.000000 0.545853 0.470583 2.000000
0 0.171154 0.565755 0.069105 0.134060 0.179326 0.504171 2.000000 0.171615 0.520402 2.000000 0.167138 0.549366 2.000000 0.169128 0.576511 2.000000 0.166391 0.600857 2.000000 0.156939 0.619747 2.000000
0 0.236021 0.602458 0.233457 0.062106 0.132026 0.620338 2.000000 0.000000 0.000000 0.000000 0.187597 0.611832 2.000000 0.247705 0.601200 2.000000 0.294959 0.593120 2.000000 0.326714 0.580999 2.000000
0 0.543975 0.689324 0.209210 0.096352 0.625540 0.719776 2.000000 0.604030 0.713129 2.000000 0.571909 0.701498 2.000000 0.525298 0.688388 2.000000 0.491873 0.675969 2.000000 0.473167 0.656649 2.000000
0 0.396788 0.696059 0.355285 0.138472 0.241565 0.746775 2.000000 0.282609 0.733062 2.000000 0.344299 0.708856 2.000000 0.417183 0.683670 2.000000 0.469172 0.670237 2.000000 0.519917 0.656385 2.000000
0 0.203555 0.782031 0.203692 0.037500 0.110573 0.786862 2.000000 0.134205 0.781545 2.000000 0.172264 0.773849 2.000000 0.228481 0.766013 2.000000 0.259326 0.772030 2.000000 0.285445 0.790919 2.000000
0 0.380846 0.782781 0.173075 0.114498 0.320409 0.827721 2.000000 0.331212 0.817962 2.000000 0.351835 0.799272 2.000000 0.377370 0.776070 2.000000 0.406832 0.763456 2.000000 0.432530 0.757472 2.000000
0 0.586657 0.789062 0.055560 0.125431 0.618406 0.751799 2.000000 0.602735 0.766211 2.000000 0.000000 0.000000 0.000000 0.558457 0.797833 2.000000 0.528607 0.818961 2.000000 0.517164 0.839810 2.000000
0 0.564505 0.796888 0.155516 0.118906 0.578489 0.732700 2.000000 0.582469 0.752849 2.000000 0.585951 0.774117 2.000000 0.586946 0.801123 2.000000 0.593414 0.821691 2.000000 0.600628 0.842120 2.000000
