0 0.362212 0.153155 0.241602 0.090154 0.469541 0.180332 2.000000 0.444591 0.173953 2.000000 0.401495 0.162895 2.000000 0.345923 0.152263 2.000000 0.308498 0.144395 2.000000 0.279767 0.138867 2.000000
0 0.586286 0.198847 0.188822 0.102667 0.508857 0.161194 2.000000 0.528893 0.171189 2.000000 0.567830 0.187137 2.000000 0.602988 0.204574 2.000000 0.633987 0.220097 2.000000 0.645918 0.236485 2.000000
0 0.421150 0.300014 0.137020 0.125334 0.374817 0.246701 2.000000 0.384519 0.258594 2.000000 0.407901 0.280842 2.000000 0.435015 0.304629 2.000000 0.448199 0.325757 2.000000 0.446955 0.346326 2.000000
0 0.165373 0.459555 0.185392 0.128286 0.098255 0.411245 2.000000 0.115933 0.424227 2.000000 0.145009 0.444263 2.000000 0.178839 0.468330 2.000000 0.206451 0.488339 2.000000 0.212421 0.510026 2.000000
0 0.257679 0.376143 0.363875 0.145630 0.098504 0.353933 2.000000 0.154928 0.353243 2.000000 0.244778 0.352035 2.000000 0.332175 0.364800 2.000000 0.368973 0.406888 2.000000 0.000000 0.000000 0.000000
0 0.342987 0.437534 0.234412 0.122623 0.252594 0.398956 2.000000 0.273754 0.408788 2.000000 0.317298 0.428797 2.000000 0.365443 0.456569 2.000000 0.401628 0.467608 2.000000 0.438120 0.464503 2.000000
0 0.571800 0.427527 0.170760 0.130209 0.622432 0.378998 2.000000 0.604024 0.394249 2.000000 0.577408 0.413558 2.000000 0.543578 0.437205 2.000000 0.528404 0.455395 2.000000 0.526911 0.473165 2.000000
0 0.493827 0.545833 0.234259 0.066657 0.594590 0.563855 2.000000 0.564323 0.558066 2.000000 0.524097 0.549616 2.000000 0.481074 0.540085 2.000000 0.443456 0.532188 2.000000 0.405723 0.529237 2.000000
0 0.097608 0.641406 0.056214 0.150294 0.097522 0.577972 2.000000 0.095761 0.593169 2.000000 0.094020 0.617236 2.000000 0.099741 0.648578 2.000000 0.104965 0.673345 2.000000 0.100985 0.694473 2.000000
0 0.335815 0.618005 0.199808 0.142259 0.405910 0.671979 2.000000 0.388260 0.657124 2.000000 0.361356 0.630507 2.000000 0.330681 0.601168 2.000000 0.301950 0.582242 2.000000 0.266037 0.575012 2.000000
0 0.404562 0.736322 0.350825 0.046586 0.241013 0.746682 2.000000 0.276278 0.742198 2.000000 0.348035 0.734953 2.000000 0.438191 0.728053 2.000000 0.504429 0.729951 2.000000 0.550427 0.738403 2.000000
0 0.547685 0.884245 0.205652 0.104940 0.621292 0.915351 2.000000 0.597791 0.910571 2.000000 0.561677 0.902430 2.000000 0.517198 0.889211 2.000000 0.487456 0.865984 2.000000 0.490112 0.841039 2.000000
