0 0.271870 0.276886 0.202292 0.110651 0.198773 0.240560 2.000000 0.215104 0.249000 2.000000 0.241925 0.265580 2.000000 0.280164 0.290824 2.000000 0.314123 0.306176 2.000000 0.344366 0.311705 2.000000
0 0.269834 0.338334 0.233693 0.059316 0.171475 0.323568 2.000000 0.191511 0.324844 2.000000 0.241034 0.329735 2.000000 0.287911 0.333350 2.000000 0.325336 0.341217 2.000000 0.343860 0.354614 2.000000
0 0.402807 0.387151 0.238795 0.106238 0.491672 0.355039 2.000000 0.467856 0.363333 2.000000 0.433076 0.374390 2.000000 0.389980 0.387787 2.000000 0.346884 0.403097 2.000000 0.323068 0.419258 2.000000
0 0.433686 0.454688 0.396210 0.085969 0.248127 0.460978 2.000000 0.302131 0.459362 2.000000 0.402097 0.462271 2.000000 0.510680 0.469703 2.000000 0.571004 0.452899 2.000000 0.600304 0.424784 2.000000
0 0.157215 0.574808 0.113041 0.145597 0.124211 0.509404 2.000000 0.127976 0.526161 2.000000 0.140252 0.551296 2.000000 0.152200 0.575050 2.000000 0.169059 0.599725 2.000000 0.178553 0.617679 2.000000
0 0.247555 0.597719 0.244220 0.043875 0.135593 0.604645 2.000000 0.159360 0.603859 2.000000 0.192915 0.604121 2.000000 0.264218 0.603597 2.000000 0.297306 0.597043 2.000000 0.323870 0.588130 2.000000
0 0.566920 0.680387 0.196959 0.072753 0.649064 0.704137 2.000000 0.628079 0.699938 2.000000 0.590951 0.691425 2.000000 0.542927 0.682004 2.000000 0.509633 0.672243 2.000000 0.499343 0.660893 2.000000
0 0.398250 0.688762 0.355848 0.133965 0.242159 0.740883 2.000000 0.280374 0.730397 2.000000 0.340026 0.712309 2.000000 0.414591 0.685833 2.000000 0.475176 0.664861 2.000000 0.513390 0.651230 2.000000
0 0.244743 0.767939 0.231968 0.036237 0.138605 0.758219 2.000000 0.162218 0.762014 2.000000 0.200243 0.764256 2.000000 0.261574 0.768223 2.000000 0.308492 0.774606 2.000000 0.334251 0.770811 2.000000
0 0.324850 0.807428 0.189806 0.088665 0.245320 0.838435 2.000000 0.263077 0.831057 2.000000 0.293546 0.817437 2.000000 0.332691 0.801433 2.000000 0.368810 0.789969 2.000000 0.381724 0.778392 2.000000
0 0.604147 0.802542 0.079360 0.128430 0.584305 0.741252 2.000000 0.588397 0.757640 2.000000 0.593143 0.781118 2.000000 0.600182 0.810028 2.000000 0.604110 0.826141 2.000000 0.608674 0.842552 2.000000
0 0.564999 0.799714 0.165989 0.121228 0.624267 0.752439 2.000000 0.611920 0.764164 2.000000 0.000000 0.000000 0.000000 0.564206 0.801719 2.000000 0.533981 0.827124 2.000000 0.517119 0.843107 2.000000
