0 0.302365 0.724468 0.370377 0.052707 0.132872 0.738370 2.000000 0.173883 0.736273 2.000000 0.236331 0.731292 2.000000 0.322081 0.725001 2.000000 0.399443 0.725525 2.000000 0.454901 0.725787 2.000000
0 0.375187 0.611163 0.216984 0.149201 0.438315 0.665493 2.000000 0.426974 0.653372 2.000000 0.401645 0.627642 2.000000 0.375183 0.592343 2.000000 0.338891 0.572141 2.000000 0.308649 0.565124 2.000000
0 0.540400 0.562841 0.209360 0.110159 0.623552 0.605101 2.000000 0.600870 0.598084 2.000000 0.568359 0.583199 2.000000 0.526775 0.564911 2.000000 0.492374 0.546837 2.000000 0.482167 0.529400 2.000000
0 0.600256 0.345129 0.112799 0.137128 0.626512 0.282747 2.000000 0.622219 0.296374 2.000000 0.615166 0.322593 2.000000 0.601980 0.359852 2.000000 0.584194 0.382966 2.000000 0.559968 0.395558 2.000000
0 0.341962 0.438075 0.372020 0.219594 0.206396 0.522168 2.000000 0.236755 0.499054 2.000000 0.287966 0.457828 2.000000 0.354510 0.415567 2.000000 0.445279 0.386588 2.000000 0.486678 0.354159 2.000000
0 0.097123 0.398902 0.091777 0.166258 0.083017 0.326399 2.000000 0.079615 0.340647 2.000000 0.075834 0.365526 2.000000 0.080371 0.408268 2.000000 0.095870 0.438038 2.000000 0.113260 0.451222 2.000000
0 0.291386 0.266927 0.226355 0.059857 0.197464 0.288356 2.000000 0.213882 0.282479 2.000000 0.252935 0.271705 2.000000 0.300447 0.258832 2.000000 0.345471 0.251976 2.000000 0.376813 0.255334 2.000000
0 0.144150 0.293272 0.139177 0.137737 0.116217 0.242235 2.000000 0.119590 0.256207 2.000000 0.128790 0.283806 2.000000 0.146576 0.322789 2.000000 0.168961 0.336589 2.000000 0.196867 0.345558 2.000000
0 0.147049 0.242207 0.129879 0.134927 0.112537 0.187555 2.000000 0.118977 0.198767 2.000000 0.134309 0.222053 2.000000 0.155469 0.250860 2.000000 0.173561 0.277079 2.000000 0.189507 0.296570 2.000000
0 0.334006 0.162158 0.233709 0.073249 0.432286 0.185668 2.000000 0.406862 0.178744 2.000000 0.367716 0.171026 2.000000 0.316464 0.163762 2.000000 0.268642 0.150936 2.000000 0.247455 0.139927 2.000000
0 0.594712 0.222002 0.158940 0.107699 0.542417 0.187346 2.000000 0.556330 0.195448 2.000000 0.588747 0.216789 2.000000 0.619106 0.236798 2.000000 0.631066 0.252668 2.000000 0.631679 0.270952 2.000000
0 0.554723 0.252814 0.182721 0.076035 0.488778 0.231451 2.000000 0.511777 0.234901 2.000000 0.552562 0.242836 2.000000 0.601933 0.256290 2.000000 0.616346 0.276127 2.000000 0.000000 0.000000 0.000000
