0 0.283064 0.108508 0.214154 0.060766 0.000000 0.000000 0.000000 0.000000 0.000000 0.000000 0.000000 0.000000 0.000000 0.276805 0.111699 2.000000 0.330864 0.098727 2.000000 0.364887 0.091710 2.000000
0 0.175853 0.201926 0.091976 0.158649 0.153902 0.272730 2.000000 0.156736 0.256208 2.000000 0.166856 0.221537 2.000000 0.180655 0.183933 2.000000 0.182188 0.157024 2.000000 0.187708 0.134428 2.000000
0 0.168191 0.166261 0.066934 0.122106 0.000000 0.000000 0.000000 0.000000 0.000000 0.000000 0.000000 0.000000 0.000000 0.159470 0.170127 2.000000 0.171121 0.143912 2.000000 0.000000 0.000000 0.000000
0 0.212346 0.153971 0.103590 0.122213 0.000000 0.000000 0.000000 0.000000 0.000000 0.000000 0.000000 0.000000 0.000000 0.208362 0.139849 2.000000 0.226537 0.124121 2.000000 0.243314 0.108392 2.000000
0 0.249551 0.239760 0.079498 0.127250 0.267674 0.295809 2.000000 0.258475 0.280284 2.000000 0.245289 0.257515 2.000000 0.229649 0.230779 2.000000 0.229649 0.198005 2.000000 0.248662 0.181791 2.000000
0 0.362801 0.237331 0.166570 0.118658 0.302799 0.282595 2.000000 0.317519 0.268968 2.000000 0.345424 0.244992 2.000000 0.373104 0.221249 2.000000 0.395560 0.203875 2.000000 0.421129 0.197707 2.000000
0 0.530953 0.269417 0.142614 0.122103 0.564528 0.216575 2.000000 0.553970 0.229257 2.000000 0.535571 0.252199 2.000000 0.510119 0.279625 2.000000 0.507359 0.301014 2.000000 0.514719 0.320161 2.000000
0 0.317915 0.398096 0.128564 0.125291 0.363627 0.451930 2.000000 0.352588 0.441753 2.000000 0.336028 0.421399 2.000000 0.310883 0.390178 2.000000 0.292177 0.365856 2.000000 0.277458 0.348779 2.000000
0 0.527914 0.572469 0.223215 0.195515 0.608415 0.487178 2.000000 0.591243 0.505807 2.000000 0.555364 0.542030 2.000000 0.516726 0.583256 2.000000 0.486367 0.614133 2.000000 0.458155 0.644146 2.000000
0 0.653177 0.580973 0.063661 0.130549 0.661712 0.640705 2.000000 0.660219 0.628112 2.000000 0.654995 0.605024 2.000000 0.646786 0.572842 2.000000 0.646040 0.546957 2.000000 0.652757 0.527647 2.000000
0 0.332892 0.690365 0.102345 0.253499 0.323087 0.812253 2.000000 0.320818 0.783546 2.000000 0.324977 0.729535 2.000000 0.335562 0.661701 2.000000 0.346525 0.612580 2.000000 0.351061 0.577281 2.000000
0 0.642869 0.817272 0.196344 0.104962 0.705304 0.777391 2.000000 0.687643 0.790964 2.000000 0.659534 0.815030 2.000000 0.629684 0.836019 2.000000 0.570730 0.846373 2.000000 0.547630 0.845800 2.000000
