0 0.182473 0.347366 0.076442 0.135878 0.190403 0.404150 2.000000 0.185446 0.390605 2.000000 0.181904 0.369889 2.000000 0.178363 0.341205 2.000000 0.174114 0.310130 2.000000 0.174114 0.291406 2.000000
0 0.545227 0.522405 0.130710 0.136633 0.579940 0.468689 2.000000 0.571441 0.482633 2.000000 0.560109 0.501756 2.000000 0.544527 0.525659 2.000000 0.527529 0.552351 2.000000 0.517614 0.567092 2.000000
0 0.645208 0.602702 0.075701 0.140921 0.630933 0.661908 2.000000 0.635183 0.645574 2.000000 0.635891 0.623663 2.000000 0.639432 0.598564 2.000000 0.645615 0.569140 2.000000 0.649399 0.548441 2.000000
0 0.172895 0.557847 0.070997 0.142918 0.173470 0.627729 2.000000 0.166013 0.612000 2.000000 0.161819 0.583951 2.000000 0.154829 0.550921 2.000000 0.155295 0.532046 2.000000 0.164615 0.513434 2.000000
0 0.263583 0.534108 0.132292 0.273540 0.274932 0.650152 2.000000 0.266314 0.617835 2.000000 0.261143 0.561928 2.000000 0.253100 0.496649 2.000000 0.244483 0.451406 2.000000 0.236439 0.409394 2.000000
0 0.218385 0.650815 0.064774 0.121049 0.212732 0.705847 2.000000 0.212732 0.691347 2.000000 0.212354 0.663491 2.000000 0.220670 0.625002 2.000000 0.000000 0.000000 0.000000 0.000000 0.000000 0.000000
0 0.238335 0.701365 0.075158 0.126857 0.227356 0.759329 2.000000 0.227050 0.744149 2.000000 0.228890 0.717930 2.000000 0.000000 0.000000 0.000000 0.237169 0.664975 2.000000 0.252809 0.647208 2.000000
0 0.147807 0.789453 0.059207 0.145110 0.148841 0.726240 2.000000 0.148228 0.740729 2.000000 0.151294 0.767466 2.000000 0.158961 0.802309 2.000000 0.151601 0.829046 2.000000 0.143935 0.843880 2.000000
0 0.378126 0.796239 0.182108 0.140646 0.317940 0.853644 2.000000 0.332352 0.842605 2.000000 0.354431 0.822251 2.000000 0.386017 0.797412 2.000000 0.403496 0.772573 2.000000 0.408709 0.750321 2.000000
0 0.501444 0.713435 0.128217 0.213802 0.520422 0.803477 2.000000 0.523368 0.781841 2.000000 0.524361 0.742508 2.000000 0.523605 0.682117 2.000000 0.504704 0.641077 2.000000 0.466900 0.617048 2.000000
0 0.376742 0.898246 0.247260 0.084239 0.281596 0.882406 2.000000 0.299257 0.890522 2.000000 0.343038 0.900176 2.000000 0.394529 0.908991 2.000000 0.442289 0.911650 2.000000 0.474129 0.906473 2.000000
0 0.209715 0.951852 0.260191 0.120819 0.107783 0.916298 2.000000 0.130419 0.929731 2.000000 0.169473 0.941624 2.000000 0.224198 0.956456 2.000000 0.269968 0.977024 2.000000 0.281908 0.992556 2.000000
