0 0.166110 0.135485 0.082310 0.137831 0.000000 0.000000 0.000000 0.000000 0.000000 0.000000 0.161461 0.160147 2.000000 0.171290 0.126879 2.000000 0.176583 0.094769 2.000000 0.189058 0.077545 2.000000
0 0.224290 0.140453 0.107617 0.132335 0.000000 0.000000 0.000000 0.000000 0.000000 0.000000 0.205713 0.155116 2.000000 0.000000 0.000000 0.000000 0.234232 0.112166 2.000000 0.255697 0.091811 2.000000
0 0.303544 0.114338 0.199791 0.062413 0.000000 0.000000 0.000000 0.000000 0.000000 0.000000 0.260486 0.119686 2.000000 0.311084 0.106922 2.000000 0.350643 0.100885 2.000000 0.383148 0.100712 2.000000
0 0.181161 0.185384 0.122791 0.152109 0.147702 0.251421 2.000000 0.154128 0.231220 2.000000 0.163957 0.200387 2.000000 0.179835 0.162748 2.000000 0.200249 0.141059 2.000000 0.225955 0.127875 2.000000
0 0.244619 0.220220 0.079901 0.138873 0.227161 0.286255 2.000000 0.232075 0.269669 2.000000 0.238880 0.242238 2.000000 0.246818 0.212680 2.000000 0.254001 0.185462 2.000000 0.258916 0.167174 2.000000
0 0.366762 0.246808 0.184722 0.109656 0.303301 0.284981 2.000000 0.318800 0.272647 2.000000 0.347531 0.250107 2.000000 0.381554 0.225440 2.000000 0.409529 0.212682 2.000000 0.436369 0.212682 2.000000
0 0.533475 0.281389 0.101919 0.126568 0.562117 0.227087 2.000000 0.553908 0.237721 2.000000 0.540725 0.262488 2.000000 0.521820 0.290752 2.000000 0.509879 0.310621 2.000000 0.511372 0.329370 2.000000
0 0.307512 0.395919 0.149312 0.127527 0.355191 0.448978 2.000000 0.341085 0.436386 2.000000 0.322992 0.415859 2.000000 0.293553 0.384121 2.000000 0.275461 0.362386 2.000000 0.258595 0.344620 2.000000
0 0.543578 0.559945 0.196718 0.192610 0.608559 0.482576 2.000000 0.591925 0.503202 2.000000 0.564706 0.534674 2.000000 0.523879 0.576565 2.000000 0.495526 0.610588 2.000000 0.478892 0.637169 2.000000
0 0.660424 0.581678 0.074599 0.123578 0.666437 0.640543 2.000000 0.664547 0.626934 2.000000 0.658876 0.599078 2.000000 0.650181 0.568244 2.000000 0.652450 0.545491 2.000000 0.658498 0.527204 2.000000
0 0.338848 0.697936 0.120010 0.271316 0.319384 0.821840 2.000000 0.319958 0.792755 2.000000 0.328576 0.736848 2.000000 0.334896 0.662197 2.000000 0.346386 0.621801 2.000000 0.357876 0.583345 2.000000
0 0.631292 0.828326 0.212081 0.070771 0.719748 0.812856 2.000000 0.699508 0.821826 2.000000 0.650137 0.834418 2.000000 0.597086 0.841490 2.000000 0.552243 0.834935 2.000000 0.526526 0.820124 2.000000
