0 0.387261 0.300332 0.137408 0.072738 0.334257 0.324556 2.000000 0.346216 0.317311 2.000000 0.370749 0.301787 2.000000 0.395894 0.287988 2.000000 0.422267 0.280915 2.000000 0.448026 0.281088 2.000000
0 0.363972 0.400000 0.036586 0.087500 0.361105 0.440194 2.000000 0.360608 0.430540 2.000000 0.359613 0.410111 2.000000 0.357623 0.385485 2.000000 0.360110 0.372612 2.000000 0.368070 0.360299 2.000000
0 0.428524 0.450412 0.074925 0.075257 0.405911 0.416761 2.000000 0.413884 0.423488 2.000000 0.424004 0.437633 2.000000 0.436883 0.455054 2.000000 0.442710 0.472131 2.000000 0.434430 0.482826 2.000000
0 0.593376 0.436198 0.061111 0.091500 0.608895 0.397359 2.000000 0.603447 0.407801 2.000000 0.597797 0.420854 2.000000 0.590332 0.442873 2.000000 0.580498 0.459966 2.000000 0.574162 0.475071 2.000000
0 0.575642 0.443631 0.050900 0.074269 0.586977 0.479446 2.000000 0.581903 0.469134 2.000000 0.571427 0.454126 2.000000 0.561115 0.434147 2.000000 0.566332 0.419716 2.000000 0.584522 0.413063 2.000000
0 0.474152 0.609896 0.105093 0.127906 0.444592 0.667241 2.000000 0.453594 0.652417 2.000000 0.466525 0.627374 2.000000 0.480929 0.598464 2.000000 0.490258 0.568265 2.000000 0.491644 0.549883 2.000000
0 0.305860 0.547504 0.112029 0.167041 0.289103 0.624020 2.000000 0.292506 0.605095 2.000000 0.300822 0.573836 2.000000 0.317834 0.536836 2.000000 0.319724 0.494094 2.000000 0.298932 0.468577 2.000000
0 0.243980 0.652859 0.087683 0.085860 0.219640 0.613712 2.000000 0.226351 0.623656 2.000000 0.237809 0.641149 2.000000 0.253195 0.660576 2.000000 0.258269 0.673189 2.000000 0.265662 0.683914 2.000000
0 0.430788 0.712228 0.105708 0.030852 0.380437 0.715649 2.000000 0.402697 0.713439 2.000000 0.432814 0.710953 2.000000 0.000000 0.000000 0.000000 0.000000 0.000000 0.000000 0.000000 0.000000 0.000000
0 0.518781 0.712975 0.146180 0.033862 0.585233 0.721847 2.000000 0.571127 0.719777 2.000000 0.541688 0.715465 2.000000 0.507956 0.709945 2.000000 0.478211 0.707875 2.000000 0.458278 0.711498 2.000000
0 0.513659 0.751252 0.149706 0.035170 0.580696 0.759369 2.000000 0.561954 0.757139 2.000000 0.529870 0.754188 2.000000 0.491935 0.750896 2.000000 0.461668 0.748059 2.000000 0.446938 0.742724 2.000000
0 0.367439 0.758073 0.126417 0.083102 0.318135 0.791014 2.000000 0.331322 0.783597 2.000000 0.357387 0.767038 2.000000 0.384679 0.749099 2.000000 0.395412 0.736507 2.000000 0.401239 0.720637 2.000000
