0 0.290228 0.100383 0.193572 0.043504 0.199305 0.095072 2.000000 0.220747 0.095625 2.000000 0.269196 0.097834 2.000000 0.317482 0.101978 2.000000 0.352837 0.107870 2.000000 0.367483 0.116709 2.000000
0 0.612037 0.155208 0.097222 0.094681 0.642050 0.117004 2.000000 0.633703 0.125475 2.000000 0.620117 0.141587 2.000000 0.600967 0.161290 2.000000 0.585908 0.181638 2.000000 0.585090 0.193331 2.000000
0 0.615452 0.232515 0.054977 0.092581 0.622670 0.191284 2.000000 0.620378 0.200767 2.000000 0.614649 0.220009 2.000000 0.610557 0.238147 2.000000 0.609739 0.258867 2.000000 0.605403 0.271802 2.000000
0 0.284677 0.275799 0.154730 0.084675 0.225353 0.249995 2.000000 0.244012 0.256348 2.000000 0.272820 0.268409 2.000000 0.312922 0.283232 2.000000 0.330436 0.298700 2.000000 0.326835 0.314720 2.000000
0 0.425528 0.231548 0.152647 0.089671 0.369075 0.267532 2.000000 0.385279 0.258417 2.000000 0.411468 0.242213 2.000000 0.449769 0.221589 2.000000 0.463355 0.204832 2.000000 0.469247 0.191574 2.000000
0 0.475232 0.291276 0.043055 0.082032 0.475036 0.252167 2.000000 0.476651 0.259772 2.000000 0.477458 0.285650 2.000000 0.474834 0.306194 2.000000 0.469185 0.319247 2.000000 0.459499 0.328781 2.000000
0 0.355874 0.526431 0.224981 0.188352 0.281903 0.607707 2.000000 0.299995 0.588043 2.000000 0.331887 0.558546 2.000000 0.373899 0.520253 2.000000 0.413457 0.478165 2.000000 0.422044 0.450221 2.000000
0 0.538277 0.631017 0.153505 0.154112 0.493557 0.697758 2.000000 0.507049 0.680336 2.000000 0.524222 0.649978 2.000000 0.543235 0.618584 2.000000 0.559487 0.590640 2.000000 0.573287 0.568906 2.000000
0 0.318721 0.729776 0.137559 0.092240 0.275270 0.695282 2.000000 0.285468 0.706056 2.000000 0.303627 0.720608 2.000000 0.326015 0.740897 2.000000 0.344671 0.754609 2.000000 0.360094 0.760766 2.000000
0 0.482691 0.727483 0.165903 0.042261 0.408398 0.716947 2.000000 0.430004 0.722011 2.000000 0.465522 0.727627 2.000000 0.509388 0.733704 2.000000 0.536559 0.734809 2.000000 0.559475 0.728548 2.000000
0 0.621209 0.692860 0.098794 0.095245 0.593547 0.732489 2.000000 0.600811 0.724203 2.000000 0.615743 0.705702 2.000000 0.631280 0.686861 2.000000 0.638746 0.670517 2.000000 0.635719 0.658258 2.000000
0 0.560186 0.762500 0.140741 0.080532 0.612143 0.791241 2.000000 0.602193 0.784525 2.000000 0.574332 0.766615 2.000000 0.554184 0.751783 2.000000 0.527567 0.742828 2.000000 0.503190 0.737091 2.000000
