0 0.363514 0.285433 0.156021 0.047862 0.290688 0.274583 2.000000 0.309701 0.275790 2.000000 0.346499 0.279585 2.000000 0.389737 0.285967 2.000000 0.417949 0.294419 2.000000 0.424426 0.307184 2.000000
0 0.394765 0.355990 0.052778 0.093229 0.395489 0.401479 2.000000 0.394263 0.388542 2.000000 0.389969 0.360081 2.000000 0.388436 0.339382 2.000000 0.391809 0.325065 2.000000 0.402236 0.314370 2.000000
0 0.619444 0.440625 0.069445 0.093886 0.637764 0.395933 2.000000 0.633038 0.406288 2.000000 0.626073 0.423358 2.000000 0.619108 0.444347 2.000000 0.603418 0.466293 2.000000 0.589488 0.478326 2.000000
0 0.608791 0.397428 0.102458 0.085273 0.574920 0.432320 2.000000 0.583948 0.422312 2.000000 0.598421 0.409541 2.000000 0.617673 0.394529 2.000000 0.628162 0.387061 2.000000 0.639050 0.373841 2.000000
0 0.490278 0.460547 0.110878 0.072656 0.447754 0.433609 2.000000 0.458947 0.440326 2.000000 0.472629 0.449701 2.000000 0.499742 0.467051 2.000000 0.517931 0.479200 2.000000 0.528827 0.484762 2.000000
0 0.493716 0.567721 0.094976 0.130119 0.475387 0.627877 2.000000 0.480362 0.612485 2.000000 0.492053 0.588139 2.000000 0.506232 0.556516 2.000000 0.505734 0.527413 2.000000 0.502998 0.513560 2.000000
0 0.356331 0.556038 0.193764 0.176660 0.416656 0.631847 2.000000 0.401913 0.615473 2.000000 0.381121 0.586979 2.000000 0.354280 0.550829 2.000000 0.324793 0.507024 2.000000 0.307782 0.484059 2.000000
0 0.316572 0.677095 0.135091 0.072209 0.261932 0.650135 2.000000 0.275190 0.657225 2.000000 0.299742 0.670667 2.000000 0.326422 0.684109 2.000000 0.347442 0.693948 2.000000 0.370445 0.701893 2.000000
0 0.560628 0.700666 0.164417 0.027228 0.624526 0.698433 2.000000 0.606433 0.698950 2.000000 0.580674 0.698260 2.000000 0.547556 0.695500 2.000000 0.511984 0.698433 2.000000 0.490211 0.703780 2.000000
0 0.442802 0.700186 0.135408 0.058612 0.392422 0.718632 2.000000 0.404114 0.713734 2.000000 0.428242 0.705199 2.000000 0.471525 0.692886 2.000000 0.479485 0.685610 2.000000 0.484211 0.676375 2.000000
0 0.545721 0.727288 0.154912 0.037612 0.614732 0.736932 2.000000 0.596638 0.734509 2.000000 0.569066 0.731237 2.000000 0.544941 0.727663 2.000000 0.508322 0.722998 2.000000 0.477734 0.718273 2.000000
0 0.434213 0.719421 0.153376 0.098211 0.366054 0.754840 2.000000 0.379984 0.747844 2.000000 0.405356 0.734692 2.000000 0.431973 0.717761 2.000000 0.451127 0.707407 2.000000 0.475753 0.695094 2.000000
