0 0.285862 0.223789 0.213880 0.085200 0.191425 0.249236 2.000000 0.214808 0.241541 2.000000 0.261076 0.232026 2.000000 0.320776 0.216914 2.000000 0.342915 0.206560 2.000000 0.348387 0.192987 2.000000
0 0.519464 0.082350 0.215809 0.092069 0.432966 0.115809 2.000000 0.450752 0.106840 2.000000 0.490924 0.090453 2.000000 0.542748 0.071134 2.000000 0.571267 0.061129 2.000000 0.597333 0.051297 2.000000
0 0.501846 0.143732 0.205123 0.101561 0.420679 0.183069 2.000000 0.440337 0.171160 2.000000 0.477762 0.151172 2.000000 0.526151 0.130120 2.000000 0.551857 0.112045 2.000000 0.570759 0.101200 2.000000
0 0.595861 0.090132 0.162568 0.056446 0.000000 0.000000 0.000000 0.000000 0.000000 0.000000 0.606673 0.081212 2.000000 0.556394 0.092907 2.000000 0.534820 0.107367 2.000000 0.529931 0.117574 2.000000
0 0.641919 0.097526 0.193487 0.117448 0.709266 0.054188 2.000000 0.689640 0.062640 2.000000 0.649468 0.085236 2.000000 0.608070 0.109903 2.000000 0.592124 0.128187 2.000000 0.595497 0.146644 2.000000
0 0.405699 0.477250 0.372439 0.191030 0.258362 0.545743 2.000000 0.295787 0.525329 2.000000 0.356273 0.497473 2.000000 0.433770 0.462599 2.000000 0.502195 0.432829 2.000000 0.540376 0.407311 2.000000
0 0.289605 0.716667 0.059259 0.129687 0.286411 0.658020 2.000000 0.285491 0.673717 2.000000 0.285798 0.701833 2.000000 0.284265 0.725982 2.000000 0.288864 0.754099 2.000000 0.299291 0.771734 2.000000
0 0.343333 0.614372 0.110011 0.128225 0.377295 0.673143 2.000000 0.370490 0.660597 2.000000 0.358015 0.633378 2.000000 0.337223 0.606160 2.000000 0.325882 0.581918 2.000000 0.323236 0.567458 2.000000
0 0.407255 0.678705 0.070254 0.119822 0.398737 0.622812 2.000000 0.398737 0.639065 2.000000 0.401067 0.661871 2.000000 0.403863 0.686251 2.000000 0.414116 0.712989 2.000000 0.421106 0.730029 2.000000
0 0.552349 0.676257 0.178010 0.179925 0.511642 0.757403 2.000000 0.521429 0.733548 2.000000 0.540070 0.695012 2.000000 0.560110 0.641535 2.000000 0.575023 0.619777 2.000000 0.600189 0.595398 2.000000
0 0.631995 0.745397 0.172627 0.102861 0.572747 0.781104 2.000000 0.588080 0.772997 2.000000 0.614759 0.757645 2.000000 0.651864 0.738498 2.000000 0.670263 0.725561 2.000000 0.680383 0.713487 2.000000
0 0.630114 0.815755 0.128026 0.102002 0.587467 0.857346 2.000000 0.601266 0.848549 2.000000 0.624265 0.826815 2.000000 0.652171 0.806633 2.000000 0.654930 0.786451 2.000000 0.641131 0.773859 2.000000
