0 0.345139 0.307032 0.170438 0.026179 0.267737 0.308532 2.000000 0.286704 0.307851 2.000000 0.321209 0.307965 2.000000 0.356520 0.307965 2.000000 0.388805 0.308305 2.000000 0.414633 0.302517 2.000000
0 0.618055 0.369922 0.112665 0.083704 0.582162 0.332636 2.000000 0.593509 0.340571 2.000000 0.608228 0.356095 2.000000 0.622641 0.372999 2.000000 0.634294 0.386454 2.000000 0.644413 0.398528 2.000000
0 0.604265 0.536853 0.052825 0.097468 0.599317 0.494700 2.000000 0.600452 0.505120 2.000000 0.600452 0.518942 2.000000 0.600073 0.542120 2.000000 0.606500 0.567850 2.000000 0.615195 0.581034 2.000000
0 0.341895 0.744625 0.138520 0.024291 0.276262 0.740951 2.000000 0.294220 0.742654 2.000000 0.324285 0.744243 2.000000 0.358992 0.749123 2.000000 0.380179 0.748329 2.000000 0.396927 0.739362 2.000000
0 0.387042 0.575806 0.187572 0.180779 0.434494 0.655239 2.000000 0.421037 0.637312 2.000000 0.408997 0.611815 2.000000 0.383500 0.575562 2.000000 0.357295 0.516998 2.000000 0.348796 0.499868 2.000000
0 0.498631 0.706542 0.184220 0.033409 0.410174 0.700114 2.000000 0.431946 0.701667 2.000000 0.464451 0.703564 2.000000 0.507996 0.707014 2.000000 0.549701 0.709946 2.000000 0.573007 0.708049 2.000000
0 0.649739 0.711655 0.103300 0.096690 0.619562 0.752288 2.000000 0.630507 0.743054 2.000000 0.646924 0.724304 2.000000 0.666078 0.696180 2.000000 0.666576 0.681628 2.000000 0.663840 0.669734 2.000000
0 0.539543 0.698632 0.068136 0.066239 0.522653 0.730083 2.000000 0.526487 0.720776 2.000000 0.000000 0.000000 0.000000 0.540006 0.695919 2.000000 0.551306 0.679801 2.000000 0.562293 0.669481 2.000000
0 0.572380 0.717081 0.140680 0.043962 0.632711 0.704806 2.000000 0.615050 0.709424 2.000000 0.586443 0.714181 2.000000 0.551121 0.718099 2.000000 0.529728 0.724255 2.000000 0.509324 0.732283 2.000000
0 0.455301 0.690786 0.121806 0.067126 0.405762 0.717481 2.000000 0.420367 0.711581 2.000000 0.000000 0.000000 0.000000 0.458341 0.693283 2.000000 0.488480 0.671027 2.000000 0.500828 0.660272 2.000000
0 0.579908 0.756387 0.143118 0.078893 0.635919 0.787132 2.000000 0.623233 0.779856 2.000000 0.604079 0.768942 2.000000 0.577960 0.754670 2.000000 0.543384 0.737040 2.000000 0.523981 0.727805 2.000000
0 0.543399 0.426911 0.098632 0.119837 0.521876 0.482073 2.000000 0.532791 0.465915 2.000000 0.551176 0.437153 2.000000 0.568411 0.407099 2.000000 0.557495 0.381569 2.000000 0.533940 0.370904 2.000000
