0 0.231419 0.185073 0.073275 0.117261 0.216610 0.236731 2.000000 0.218500 0.223334 2.000000 0.226817 0.202495 2.000000 0.240048 0.171236 2.000000 0.246853 0.153162 2.000000 0.245719 0.135299 2.000000
0 0.282562 0.258854 0.165123 0.103345 0.222474 0.293011 2.000000 0.235660 0.281109 2.000000 0.261419 0.263170 2.000000 0.294231 0.241780 2.000000 0.319070 0.231086 2.000000 0.340866 0.223682 2.000000
0 0.613050 0.150222 0.134435 0.098757 0.657399 0.109210 2.000000 0.644713 0.118865 2.000000 0.621582 0.137612 2.000000 0.598792 0.156955 2.000000 0.577490 0.180078 2.000000 0.575781 0.194056 2.000000
0 0.604310 0.165307 0.103031 0.084281 0.573270 0.128951 2.000000 0.580130 0.139620 2.000000 0.591430 0.152332 2.000000 0.606041 0.168973 2.000000 0.616161 0.180875 2.000000 0.628120 0.191397 2.000000
0 0.453936 0.215494 0.167743 0.094993 0.387751 0.252320 2.000000 0.407154 0.241266 2.000000 0.430287 0.228113 2.000000 0.460635 0.212862 2.000000 0.491978 0.192993 2.000000 0.504913 0.182079 2.000000
0 0.504335 0.215360 0.117004 0.090011 0.538167 0.179798 2.000000 0.527069 0.187630 2.000000 0.508303 0.201591 2.000000 0.488327 0.217027 2.000000 0.475615 0.235414 2.000000 0.469593 0.250256 2.000000
0 0.378740 0.504729 0.257334 0.190460 0.290113 0.581201 2.000000 0.311578 0.561019 2.000000 0.343164 0.535663 2.000000 0.391615 0.497369 2.000000 0.442520 0.456143 2.000000 0.463066 0.434064 2.000000
0 0.541252 0.633095 0.143422 0.159261 0.500399 0.701105 2.000000 0.510711 0.683151 2.000000 0.528061 0.657740 2.000000 0.548848 0.617597 2.000000 0.565216 0.591817 2.000000 0.576837 0.570825 2.000000
0 0.308049 0.717824 0.125401 0.103662 0.269054 0.674549 2.000000 0.277551 0.687843 2.000000 0.294148 0.707410 2.000000 0.313135 0.727650 2.000000 0.332785 0.748189 2.000000 0.354194 0.752212 2.000000
0 0.429632 0.709229 0.059760 0.107011 0.422343 0.663966 2.000000 0.422545 0.673500 2.000000 0.423352 0.689391 2.000000 0.422747 0.713793 2.000000 0.425773 0.737175 2.000000 0.442320 0.753065 2.000000
0 0.626460 0.704314 0.115598 0.092865 0.590944 0.740224 2.000000 0.604463 0.729327 2.000000 0.624439 0.711848 2.000000 0.650066 0.689375 2.000000 0.652891 0.677230 2.000000 0.648250 0.661340 2.000000
0 0.566666 0.753386 0.137963 0.077151 0.617483 0.782506 2.000000 0.605780 0.775469 2.000000 0.584593 0.762189 2.000000 0.561388 0.745051 2.000000 0.541613 0.734495 2.000000 0.518610 0.732111 2.000000
