0 0.341987 0.316406 0.167808 0.040671 0.262808 0.310397 2.000000 0.280968 0.311759 2.000000 0.316482 0.312781 2.000000 0.360997 0.314256 2.000000 0.382201 0.317417 2.000000 0.409287 0.322507 2.000000
0 0.621557 0.372635 0.078826 0.084994 0.601537 0.339739 2.000000 0.607756 0.348274 2.000000 0.617208 0.362966 2.000000 0.627407 0.379197 2.000000 0.630392 0.391790 2.000000 0.625417 0.405923 2.000000
0 0.535424 0.402652 0.170620 0.123535 0.591196 0.454808 2.000000 0.577397 0.439801 2.000000 0.556851 0.417204 2.000000 0.533545 0.393055 2.000000 0.500733 0.367526 2.000000 0.477734 0.357349 2.000000
0 0.351878 0.550592 0.141331 0.181939 0.380819 0.633930 2.000000 0.372502 0.614154 2.000000 0.362673 0.585659 2.000000 0.348685 0.549510 2.000000 0.335832 0.495073 2.000000 0.330335 0.470276 2.000000
0 0.610780 0.581861 0.081391 0.089390 0.595998 0.545413 2.000000 0.601470 0.557447 2.000000 0.609430 0.572698 2.000000 0.617639 0.590748 2.000000 0.622863 0.601662 2.000000 0.627838 0.616774 2.000000
0 0.315741 0.741818 0.148344 0.045874 0.251388 0.752943 2.000000 0.266938 0.749997 2.000000 0.290017 0.744749 2.000000 0.317679 0.739317 2.000000 0.348063 0.735025 2.000000 0.375887 0.731168 2.000000
0 0.548795 0.723957 0.181833 0.033154 0.462207 0.716947 2.000000 0.486903 0.718292 2.000000 0.517043 0.720458 2.000000 0.561655 0.724939 2.000000 0.593122 0.727926 2.000000 0.624324 0.725013 2.000000
0 0.468718 0.685836 0.108783 0.072899 0.428901 0.713935 2.000000 0.439377 0.706017 2.000000 0.452635 0.695245 2.000000 0.472113 0.677936 2.000000 0.492737 0.665598 2.000000 0.508614 0.658969 2.000000
0 0.540053 0.672986 0.055697 0.083158 0.524601 0.712361 2.000000 0.531347 0.703046 2.000000 0.538094 0.686659 2.000000 0.544840 0.669928 2.000000 0.551586 0.651816 2.000000 0.549747 0.640776 2.000000
0 0.552123 0.724137 0.138127 0.047906 0.608931 0.712878 2.000000 0.593598 0.715983 2.000000 0.572439 0.720468 2.000000 0.000000 0.000000 0.000000 0.516073 0.731451 2.000000 0.491176 0.741512 2.000000
0 0.636864 0.715122 0.050596 0.093852 0.626477 0.757979 2.000000 0.630714 0.746628 2.000000 0.634952 0.729603 2.000000 0.642418 0.708378 2.000000 0.643830 0.686813 2.000000 0.638259 0.673845 2.000000
0 0.564238 0.760845 0.156538 0.073748 0.625147 0.787544 2.000000 0.609647 0.780952 2.000000 0.583941 0.769894 2.000000 0.554076 0.758837 2.000000 0.523455 0.743101 2.000000 0.503797 0.731193 2.000000
