0 0.243916 0.188932 0.104933 0.101302 0.211889 0.146628 2.000000 0.218606 0.156282 2.000000 0.231043 0.175312 2.000000 0.245720 0.196020 2.000000 0.262137 0.215749 2.000000 0.272087 0.230161 2.000000
0 0.399867 0.227463 0.126378 0.091429 0.356757 0.262872 2.000000 0.370833 0.252191 2.000000 0.394193 0.237962 2.000000 0.423519 0.217038 2.000000 0.438597 0.198330 2.000000 0.447677 0.187126 2.000000
0 0.592364 0.206948 0.068845 0.094226 0.579482 0.164412 2.000000 0.582508 0.175308 2.000000 0.586544 0.195739 2.000000 0.590983 0.217531 2.000000 0.597844 0.231265 2.000000 0.614793 0.244885 2.000000
0 0.581356 0.375576 0.063269 0.076971 0.566511 0.337905 2.000000 0.569964 0.348660 2.000000 0.574957 0.364816 2.000000 0.583166 0.383985 2.000000 0.582668 0.397278 2.000000 0.569982 0.408472 2.000000
0 0.262312 0.412687 0.135140 0.093362 0.216197 0.376221 2.000000 0.231060 0.386641 2.000000 0.246412 0.399526 2.000000 0.276771 0.422985 2.000000 0.291490 0.440234 2.000000 0.286584 0.455241 2.000000
0 0.373170 0.399610 0.135149 0.040299 0.429151 0.390712 2.000000 0.415833 0.398203 2.000000 0.383347 0.410461 2.000000 0.346487 0.412732 2.000000 0.315952 0.399225 2.000000 0.311916 0.384583 2.000000
0 0.320222 0.540976 0.249370 0.200149 0.250699 0.625177 2.000000 0.270632 0.602753 2.000000 0.300684 0.565150 2.000000 0.333803 0.524442 2.000000 0.367228 0.487011 2.000000 0.401880 0.463379 2.000000
0 0.519154 0.605815 0.152432 0.147628 0.475009 0.670741 2.000000 0.487776 0.654905 2.000000 0.503742 0.629991 2.000000 0.520402 0.600260 2.000000 0.540510 0.568266 2.000000 0.558895 0.549846 2.000000
0 0.583354 0.691797 0.107503 0.087760 0.601293 0.728774 2.000000 0.597708 0.720110 2.000000 0.593592 0.702037 2.000000 0.589211 0.678959 2.000000 0.574340 0.667009 2.000000 0.556017 0.661482 2.000000
0 0.488108 0.706750 0.175049 0.021700 0.402098 0.710985 2.000000 0.424496 0.708488 2.000000 0.455571 0.707126 2.000000 0.496129 0.705764 2.000000 0.528010 0.705310 2.000000 0.558277 0.703494 2.000000
0 0.363467 0.750182 0.170287 0.065183 0.295485 0.730012 2.000000 0.316729 0.736883 2.000000 0.340311 0.743908 2.000000 0.380856 0.759374 2.000000 0.413012 0.765404 2.000000 0.437811 0.768449 2.000000
0 0.562731 0.750260 0.169429 0.055209 0.635498 0.768933 2.000000 0.615529 0.763317 2.000000 0.590813 0.755767 2.000000 0.554640 0.742693 2.000000 0.518794 0.737906 2.000000 0.492932 0.737169 2.000000
