0 0.271108 0.185613 0.150461 0.121377 0.217769 0.133020 2.000000 0.230622 0.142376 2.000000 0.251792 0.163003 2.000000 0.277498 0.184054 2.000000 0.303583 0.213825 2.000000 0.305473 0.231687 2.000000
0 0.334442 0.125577 0.206702 0.128012 0.258696 0.079175 2.000000 0.277850 0.089809 2.000000 0.309441 0.111217 2.000000 0.351978 0.141860 2.000000 0.390037 0.157392 2.000000 0.423121 0.154733 2.000000
0 0.614232 0.125954 0.266382 0.043926 0.737215 0.120005 2.000000 0.711149 0.120522 2.000000 0.659325 0.122247 2.000000 0.600140 0.125007 2.000000 0.545556 0.131044 2.000000 0.513970 0.138116 2.000000
0 0.634843 0.133965 0.135634 0.120089 0.664939 0.088967 2.000000 0.659217 0.105757 2.000000 0.000000 0.000000 0.000000 0.644292 0.141997 2.000000 0.613199 0.159208 2.000000 0.592055 0.163825 2.000000
0 0.369098 0.501371 0.432342 0.129028 0.186675 0.536033 2.000000 0.231294 0.524878 2.000000 0.313451 0.508145 2.000000 0.422521 0.488624 2.000000 0.500428 0.474282 2.000000 0.541507 0.458745 2.000000
0 0.538045 0.541624 0.171442 0.115124 0.486310 0.583576 2.000000 0.501053 0.571881 2.000000 0.525625 0.551892 2.000000 0.551710 0.530202 2.000000 0.572124 0.511064 2.000000 0.573258 0.498731 2.000000
0 0.279784 0.601692 0.218518 0.039323 0.172070 0.594989 2.000000 0.194734 0.597379 2.000000 0.243603 0.598176 2.000000 0.315136 0.601761 2.000000 0.337800 0.607737 2.000000 0.352673 0.616900 2.000000
0 0.551199 0.699968 0.164268 0.193862 0.521136 0.787047 2.000000 0.531721 0.762168 2.000000 0.547977 0.719214 2.000000 0.559318 0.675409 2.000000 0.572549 0.644362 2.000000 0.585402 0.620334 2.000000
0 0.251140 0.818229 0.252243 0.076661 0.158707 0.800423 2.000000 0.189328 0.808078 2.000000 0.239985 0.815733 2.000000 0.298202 0.822751 2.000000 0.324665 0.829555 2.000000 0.346213 0.835297 2.000000
0 0.616358 0.680729 0.218078 0.097548 0.687427 0.707720 2.000000 0.672514 0.700905 2.000000 0.633833 0.685963 2.000000 0.592822 0.667350 2.000000 0.567656 0.661845 2.000000 0.547151 0.655030 2.000000
0 0.573538 0.819047 0.179672 0.117503 0.513098 0.857064 2.000000 0.525573 0.848770 2.000000 0.553548 0.830058 2.000000 0.594376 0.804965 2.000000 0.608741 0.792632 2.000000 0.620082 0.778385 2.000000
0 0.273539 0.908614 0.254766 0.080937 0.168983 0.894086 2.000000 0.196479 0.899329 2.000000 0.245413 0.902999 2.000000 0.306463 0.907193 2.000000 0.342814 0.917417 2.000000 0.362387 0.932359 2.000000
