0 0.401052 0.287057 0.129431 0.084088 0.354164 0.321028 2.000000 0.365358 0.312352 2.000000 0.383019 0.296961 2.000000 0.405158 0.278351 2.000000 0.428043 0.264779 2.000000 0.444958 0.260161 2.000000
0 0.605424 0.425706 0.063584 0.085699 0.617876 0.382904 2.000000 0.613129 0.394321 2.000000 0.606418 0.409733 2.000000 0.597377 0.432753 2.000000 0.592052 0.452307 2.000000 0.587703 0.466864 2.000000
0 0.362500 0.398046 0.034260 0.090211 0.365757 0.441166 2.000000 0.363280 0.430807 2.000000 0.361988 0.415297 2.000000 0.357464 0.394154 2.000000 0.360157 0.372889 2.000000 0.370927 0.359016 2.000000
0 0.403130 0.405051 0.111299 0.068848 0.362288 0.376290 2.000000 0.369981 0.381630 2.000000 0.386349 0.392126 2.000000 0.410901 0.407870 2.000000 0.427597 0.419563 2.000000 0.429725 0.433466 2.000000
0 0.240278 0.592839 0.060167 0.085677 0.223874 0.553289 2.000000 0.230585 0.565534 2.000000 0.235987 0.582475 2.000000 0.244334 0.598955 2.000000 0.251546 0.620690 2.000000 0.254185 0.631778 2.000000
0 0.312706 0.539305 0.152188 0.172441 0.264982 0.614777 2.000000 0.274488 0.596493 2.000000 0.296261 0.564582 2.000000 0.325700 0.528358 2.000000 0.340112 0.486615 2.000000 0.329073 0.462293 2.000000
0 0.484460 0.607842 0.118622 0.136987 0.447386 0.669048 2.000000 0.457698 0.655790 2.000000 0.473902 0.632404 2.000000 0.488142 0.605980 2.000000 0.500745 0.575136 2.000000 0.505165 0.555894 2.000000
0 0.447706 0.713282 0.128824 0.032013 0.387482 0.717824 2.000000 0.403402 0.716704 2.000000 0.434247 0.713766 2.000000 0.467828 0.713906 2.000000 0.498673 0.707749 2.000000 0.509867 0.703692 2.000000
0 0.540524 0.712272 0.119537 0.048894 0.586546 0.728873 2.000000 0.570296 0.724057 2.000000 0.548542 0.714965 2.000000 0.524167 0.703613 2.000000 0.497520 0.698551 2.000000 0.484066 0.699682 2.000000
0 0.523629 0.753872 0.157372 0.037459 0.590878 0.764303 2.000000 0.569893 0.760444 2.000000 0.536599 0.754315 2.000000 0.505121 0.747505 2.000000 0.479696 0.746824 2.000000 0.455281 0.747732 2.000000
0 0.370391 0.763672 0.130491 0.082630 0.323182 0.796334 2.000000 0.333381 0.790318 2.000000 0.356266 0.776046 2.000000 0.383877 0.757856 2.000000 0.397807 0.742184 2.000000 0.405519 0.726233 2.000000
0 0.568540 0.440234 0.110636 0.075781 0.604361 0.471417 2.000000 0.593558 0.460829 2.000000 0.576863 0.449228 2.000000 0.548546 0.433207 2.000000 0.535452 0.417279 2.000000 0.548546 0.405310 2.000000
