0 0.355063 0.304125 0.140080 0.049687 0.291213 0.304930 2.000000 0.308386 0.299927 2.000000 0.335985 0.294753 2.000000 0.381370 0.290268 2.000000 0.408049 0.299755 2.000000 0.419088 0.314417 2.000000
0 0.364998 0.385366 0.048284 0.089684 0.364515 0.427992 2.000000 0.363003 0.418423 2.000000 0.361112 0.397158 2.000000 0.358844 0.372279 2.000000 0.363381 0.358244 2.000000 0.375478 0.343146 2.000000
0 0.453253 0.486057 0.075501 0.084656 0.429276 0.447580 2.000000 0.437236 0.457795 2.000000 0.444201 0.470947 2.000000 0.454515 0.490921 2.000000 0.462383 0.508904 2.000000 0.476296 0.518444 2.000000
0 0.582496 0.421875 0.091203 0.080656 0.555165 0.452917 2.000000 0.566205 0.443602 2.000000 0.581231 0.427560 2.000000 0.000000 0.000000 0.000000 0.601163 0.403929 2.000000 0.603923 0.392717 2.000000
0 0.591755 0.442709 0.067129 0.091235 0.610685 0.402553 2.000000 0.606436 0.412636 2.000000 0.599133 0.426004 2.000000 0.588644 0.445572 2.000000 0.576296 0.467081 2.000000 0.577503 0.480296 2.000000
0 0.312578 0.553516 0.148791 0.177085 0.340173 0.635342 2.000000 0.330974 0.617920 2.000000 0.313494 0.583076 2.000000 0.296628 0.544093 2.000000 0.287122 0.503385 2.000000 0.284975 0.477166 2.000000
0 0.467164 0.591881 0.097769 0.140517 0.446563 0.657798 2.000000 0.452990 0.641849 2.000000 0.462819 0.614843 2.000000 0.473404 0.580395 2.000000 0.477184 0.556366 2.000000 0.481343 0.538504 2.000000
0 0.263561 0.670227 0.129888 0.084204 0.222544 0.641295 2.000000 0.230401 0.650778 2.000000 0.243004 0.665325 2.000000 0.263300 0.687606 2.000000 0.285070 0.695432 2.000000 0.317098 0.691475 2.000000
0 0.435549 0.709950 0.151742 0.045253 0.369578 0.722039 2.000000 0.386931 0.718066 2.000000 0.415786 0.713413 2.000000 0.456344 0.707965 2.000000 0.474908 0.703652 2.000000 0.494682 0.693096 2.000000
0 0.511425 0.713411 0.162281 0.015755 0.586698 0.715252 2.000000 0.569675 0.714976 2.000000 0.542177 0.713503 2.000000 0.506986 0.711477 2.000000 0.462388 0.712729 2.000000 0.432519 0.715952 2.000000
0 0.512290 0.748553 0.153200 0.036967 0.581465 0.757944 2.000000 0.562062 0.755285 2.000000 0.531715 0.751228 2.000000 0.502859 0.747450 2.000000 0.465298 0.743252 2.000000 0.447388 0.735556 2.000000
0 0.372182 0.750582 0.131382 0.079706 0.317789 0.782990 2.000000 0.332714 0.775014 2.000000 0.355350 0.760043 2.000000 0.382464 0.744511 2.000000 0.396145 0.733737 2.000000 0.406344 0.722404 2.000000
