0 0.265064 0.089885 0.241545 0.084048 0.165389 0.069064 2.000000 0.190535 0.075274 2.000000 0.231626 0.087348 2.000000 0.286824 0.101148 2.000000 0.335275 0.109945 2.000000 0.359268 0.114731 2.000000
0 0.267735 0.162239 0.210186 0.039063 0.172840 0.160834 2.000000 0.197539 0.158737 2.000000 0.241813 0.162407 2.000000 0.301465 0.166077 2.000000 0.341544 0.161883 2.000000 0.355525 0.154281 2.000000
0 0.510037 0.102313 0.122482 0.137960 0.534204 0.163590 2.000000 0.529544 0.148910 2.000000 0.519757 0.117715 2.000000 0.501582 0.083112 2.000000 0.499718 0.052704 2.000000 0.510436 0.041431 2.000000
0 0.619719 0.084904 0.260845 0.074721 0.736590 0.069441 2.000000 0.710385 0.070636 2.000000 0.665057 0.077409 2.000000 0.597065 0.085377 2.000000 0.544655 0.092548 2.000000 0.513492 0.096133 2.000000
0 0.655072 0.327408 0.156809 0.129513 0.618816 0.379905 2.000000 0.630857 0.365563 2.000000 0.647146 0.340066 2.000000 0.665561 0.313374 2.000000 0.674060 0.291861 2.000000 0.690349 0.275926 2.000000
0 0.329068 0.570321 0.227811 0.066527 0.223954 0.561282 2.000000 0.250052 0.564427 2.000000 0.300384 0.567573 2.000000 0.366094 0.571505 2.000000 0.395921 0.575437 2.000000 0.424349 0.581729 2.000000
0 0.406120 0.458466 0.436343 0.188534 0.229297 0.516977 2.000000 0.271791 0.499448 2.000000 0.343325 0.477138 2.000000 0.438230 0.445665 2.000000 0.500556 0.426144 2.000000 0.555799 0.405826 2.000000
0 0.490922 0.621647 0.222301 0.050391 0.593301 0.625591 2.000000 0.568022 0.625591 2.000000 0.524359 0.621713 2.000000 0.464610 0.617835 2.000000 0.428415 0.617512 2.000000 0.393944 0.617512 2.000000
0 0.554739 0.653057 0.163465 0.192323 0.522303 0.740710 2.000000 0.532645 0.714533 2.000000 0.548731 0.674461 2.000000 0.561945 0.637620 2.000000 0.580904 0.594962 2.000000 0.589521 0.572341 2.000000
0 0.404624 0.776693 0.179376 0.062793 0.330384 0.792376 2.000000 0.352215 0.788175 2.000000 0.383239 0.784620 2.000000 0.426902 0.780096 2.000000 0.459075 0.768462 2.000000 0.479183 0.759736 2.000000
0 0.596787 0.748592 0.185414 0.113659 0.530938 0.787321 2.000000 0.548181 0.778409 2.000000 0.573347 0.761893 2.000000 0.605503 0.740660 2.000000 0.634398 0.723358 2.000000 0.645582 0.706843 2.000000
0 0.315014 0.873819 0.238845 0.124757 0.232437 0.834421 2.000000 0.250247 0.845409 2.000000 0.282419 0.860275 2.000000 0.322635 0.875463 2.000000 0.354808 0.892591 2.000000 0.376640 0.911981 2.000000
