0 0.244324 0.148098 0.087362 0.120470 0.226208 0.203779 2.000000 0.227418 0.190613 2.000000 0.232665 0.168934 2.000000 0.239525 0.143396 2.000000 0.256677 0.116382 2.000000 0.263941 0.099244 2.000000
0 0.291050 0.255090 0.169817 0.064566 0.223330 0.271410 2.000000 0.238006 0.264693 2.000000 0.264871 0.256018 2.000000 0.305915 0.243285 2.000000 0.346213 0.243285 2.000000 0.373078 0.243425 2.000000
0 0.615341 0.155645 0.125938 0.103294 0.654863 0.113411 2.000000 0.644201 0.123286 2.000000 0.627921 0.138749 2.000000 0.605533 0.158338 2.000000 0.586131 0.179047 2.000000 0.576893 0.192935 2.000000
0 0.617228 0.177368 0.089757 0.085367 0.595901 0.143141 2.000000 0.600157 0.152624 2.000000 0.609159 0.167631 2.000000 0.622908 0.180982 2.000000 0.632350 0.195613 2.000000 0.638071 0.207646 2.000000
0 0.493134 0.232751 0.097379 0.080848 0.517248 0.197240 2.000000 0.506150 0.206093 2.000000 0.491016 0.221189 2.000000 0.473663 0.236739 2.000000 0.472452 0.252742 2.000000 0.477901 0.264206 2.000000
0 0.441605 0.226036 0.150801 0.086569 0.381422 0.259369 2.000000 0.399084 0.249014 2.000000 0.425451 0.236981 2.000000 0.472465 0.214174 2.000000 0.487888 0.201021 2.000000 0.495848 0.189547 2.000000
0 0.379869 0.509605 0.265262 0.194846 0.292087 0.587903 2.000000 0.314779 0.567377 2.000000 0.352805 0.534603 2.000000 0.397883 0.494930 2.000000 0.436828 0.464571 2.000000 0.461053 0.446114 2.000000
0 0.541816 0.634794 0.162665 0.157581 0.501250 0.701170 2.000000 0.512444 0.682281 2.000000 0.532095 0.651078 2.000000 0.552244 0.617497 2.000000 0.566920 0.590771 2.000000 0.578363 0.571462 2.000000
0 0.634231 0.700416 0.118568 0.095483 0.597530 0.739052 2.000000 0.606662 0.730658 2.000000 0.619348 0.716805 2.000000 0.645467 0.694698 2.000000 0.653427 0.675388 2.000000 0.648700 0.662236 2.000000
0 0.313466 0.718761 0.131402 0.102989 0.277371 0.679434 2.000000 0.283627 0.690897 2.000000 0.296944 0.706334 2.000000 0.318131 0.729261 2.000000 0.338108 0.747648 2.000000 0.356671 0.754458 2.000000
0 0.440101 0.712161 0.104984 0.099218 0.411890 0.672767 2.000000 0.416119 0.684101 2.000000 0.422089 0.702571 2.000000 0.430546 0.722859 2.000000 0.455919 0.740909 2.000000 0.480545 0.749445 2.000000
0 0.568986 0.753758 0.155242 0.085121 0.618044 0.782895 2.000000 0.606850 0.776599 2.000000 0.584711 0.762607 2.000000 0.559587 0.745116 2.000000 0.536951 0.736301 2.000000 0.518792 0.732663 2.000000
