0 0.327623 0.308464 0.072223 0.100971 0.310917 0.351644 2.000000 0.311846 0.339993 2.000000 0.316095 0.318111 2.000000 0.324327 0.291896 2.000000 0.333090 0.281440 2.000000 0.347164 0.268445 2.000000
0 0.448699 0.468465 0.068961 0.107173 0.432049 0.420912 2.000000 0.435283 0.432386 2.000000 0.441999 0.451275 2.000000 0.448964 0.473243 2.000000 0.455183 0.501787 2.000000 0.449711 0.515499 2.000000
0 0.557457 0.386459 0.136631 0.084667 0.506620 0.419471 2.000000 0.517966 0.410157 2.000000 0.541271 0.396185 2.000000 0.570097 0.380833 2.000000 0.587576 0.366344 2.000000 0.598002 0.355304 2.000000
0 0.566766 0.466185 0.161861 0.046797 0.640004 0.450417 2.000000 0.624265 0.455071 2.000000 0.594805 0.461427 2.000000 0.560301 0.469486 2.000000 0.527410 0.475388 2.000000 0.506627 0.474253 2.000000
0 0.615144 0.586998 0.044404 0.085470 0.618778 0.549509 2.000000 0.617848 0.558920 2.000000 0.614396 0.577367 2.000000 0.608421 0.595515 2.000000 0.604244 0.612993 2.000000 0.599948 0.624415 2.000000
0 0.382947 0.684766 0.151529 0.035083 0.320893 0.676641 2.000000 0.341249 0.680639 2.000000 0.370436 0.686213 2.000000 0.407163 0.693180 2.000000 0.433766 0.694149 2.000000 0.453583 0.692392 2.000000
0 0.556984 0.697223 0.154243 0.034438 0.621862 0.689134 2.000000 0.606930 0.691745 2.000000 0.578882 0.695377 2.000000 0.546396 0.699803 2.000000 0.509268 0.702301 2.000000 0.485660 0.702528 2.000000
0 0.306596 0.709738 0.151988 0.059487 0.245243 0.730641 2.000000 0.256794 0.726160 2.000000 0.285871 0.715928 2.000000 0.313223 0.703829 2.000000 0.339778 0.697107 2.000000 0.369253 0.696584 2.000000
0 0.480106 0.692060 0.151517 0.069357 0.421395 0.718634 2.000000 0.437927 0.711084 2.000000 0.466664 0.699933 2.000000 0.507300 0.683628 2.000000 0.516657 0.676558 2.000000 0.523696 0.667996 2.000000
0 0.535138 0.719207 0.142651 0.054817 0.596886 0.701431 2.000000 0.580084 0.706459 2.000000 0.553804 0.713911 2.000000 0.526340 0.721302 2.000000 0.496614 0.729662 2.000000 0.474606 0.734168 2.000000
0 0.450578 0.552112 0.178166 0.126036 0.506531 0.601606 2.000000 0.494840 0.589293 2.000000 0.472486 0.568241 2.000000 0.441137 0.539190 2.000000 0.416996 0.523047 2.000000 0.384110 0.509802 2.000000
0 0.409488 0.595620 0.235343 0.166946 0.492397 0.663884 2.000000 0.469561 0.647107 2.000000 0.428551 0.615912 2.000000 0.389404 0.583406 2.000000 0.360510 0.554046 2.000000 0.340936 0.534647 2.000000
