0 0.216469 0.226658 0.091561 0.111649 0.199163 0.278474 2.000000 0.203444 0.264567 2.000000 0.212197 0.245170 2.000000 0.229551 0.217816 2.000000 0.236411 0.193299 2.000000 0.223699 0.176388 2.000000
0 0.265895 0.252501 0.155644 0.105935 0.206464 0.295698 2.000000 0.220790 0.282759 2.000000 0.250048 0.262556 2.000000 0.278500 0.241558 2.000000 0.298879 0.228732 2.000000 0.314215 0.213750 2.000000
0 0.451874 0.194907 0.171003 0.095603 0.383458 0.230547 2.000000 0.401550 0.220542 2.000000 0.434056 0.206053 2.000000 0.481280 0.185526 2.000000 0.503973 0.168104 2.000000 0.508094 0.155512 2.000000
0 0.520446 0.176832 0.123571 0.094232 0.559993 0.137675 2.000000 0.547482 0.146187 2.000000 0.532458 0.161066 2.000000 0.517336 0.178503 2.000000 0.491076 0.200015 2.000000 0.472668 0.207504 2.000000
0 0.557975 0.113327 0.105201 0.059466 0.520540 0.092805 2.000000 0.532977 0.099381 2.000000 0.549892 0.110435 2.000000 0.581235 0.126526 2.000000 0.000000 0.000000 0.000000 0.000000 0.000000 0.000000
0 0.619619 0.124696 0.137544 0.110366 0.667126 0.080629 2.000000 0.654522 0.091217 2.000000 0.634553 0.107145 2.000000 0.607453 0.129766 2.000000 0.585314 0.148656 2.000000 0.570493 0.162814 2.000000
0 0.370187 0.491556 0.281572 0.187277 0.275433 0.568189 2.000000 0.303009 0.548153 2.000000 0.343225 0.524239 2.000000 0.405847 0.486752 2.000000 0.452958 0.447972 2.000000 0.458128 0.419856 2.000000
0 0.294599 0.718420 0.133024 0.113842 0.255493 0.672567 2.000000 0.261319 0.688264 2.000000 0.276039 0.708618 2.000000 0.292905 0.733284 2.000000 0.308851 0.746911 2.000000 0.328170 0.759158 2.000000
0 0.417824 0.706511 0.040278 0.109895 0.420700 0.656381 2.000000 0.419208 0.671213 2.000000 0.417715 0.692621 2.000000 0.416471 0.716408 2.000000 0.416223 0.734458 2.000000 0.416471 0.748450 2.000000
0 0.536280 0.642445 0.145958 0.164566 0.494457 0.712216 2.000000 0.508820 0.692826 2.000000 0.528928 0.660833 2.000000 0.546163 0.619145 2.000000 0.561675 0.594584 2.000000 0.577187 0.575841 2.000000
0 0.622222 0.713542 0.127778 0.084895 0.572315 0.747521 2.000000 0.587436 0.739653 2.000000 0.615033 0.726469 2.000000 0.644519 0.712009 2.000000 0.658507 0.695848 2.000000 0.652836 0.679474 2.000000
0 0.560685 0.763956 0.142157 0.087287 0.616357 0.795641 2.000000 0.602838 0.788036 2.000000 0.583870 0.772600 2.000000 0.564701 0.756369 2.000000 0.534030 0.742863 2.000000 0.507597 0.742863 2.000000
