0 0.377960 0.351370 0.044476 0.085820 0.383419 0.390967 2.000000 0.381127 0.380379 2.000000 0.378672 0.362701 2.000000 0.374744 0.339407 2.000000 0.372452 0.321178 2.000000 0.372125 0.309485 2.000000
0 0.395406 0.317095 0.134741 0.076226 0.342936 0.290497 2.000000 0.357583 0.297342 2.000000 0.382463 0.307460 2.000000 0.422421 0.325635 2.000000 0.430929 0.343264 2.000000 0.424682 0.356653 2.000000
0 0.590833 0.395302 0.118815 0.080676 0.543322 0.426673 2.000000 0.557003 0.417718 2.000000 0.579888 0.402746 2.000000 0.604017 0.386935 2.000000 0.617947 0.374902 2.000000 0.619440 0.360909 2.000000
0 0.594229 0.445640 0.106612 0.088928 0.633872 0.408509 2.000000 0.625912 0.416065 2.000000 0.608002 0.432296 2.000000 0.588350 0.451325 2.000000 0.569062 0.471772 2.000000 0.551682 0.479503 2.000000
0 0.529188 0.478255 0.123156 0.081510 0.484081 0.448630 2.000000 0.495274 0.455766 2.000000 0.511692 0.468639 2.000000 0.532836 0.485149 2.000000 0.556958 0.497850 2.000000 0.572178 0.502672 2.000000
0 0.473606 0.560157 0.146813 0.122053 0.500387 0.613114 2.000000 0.498646 0.596183 2.000000 0.494417 0.563721 2.000000 0.480238 0.539234 2.000000 0.445413 0.522304 2.000000 0.416558 0.510830 2.000000
0 0.557610 0.694253 0.156076 0.029147 0.623592 0.691045 2.000000 0.607388 0.691597 2.000000 0.574160 0.691321 2.000000 0.539296 0.690492 2.000000 0.508688 0.695925 2.000000 0.491993 0.702646 2.000000
0 0.548863 0.718099 0.145245 0.020950 0.615600 0.717548 2.000000 0.595855 0.716860 2.000000 0.564928 0.715287 2.000000 0.529719 0.713027 2.000000 0.501613 0.716047 2.000000 0.481316 0.722860 2.000000
0 0.397537 0.583800 0.225657 0.168455 0.471418 0.649591 2.000000 0.453740 0.633939 2.000000 0.419040 0.603556 2.000000 0.383685 0.571240 2.000000 0.350294 0.536621 2.000000 0.321814 0.517931 2.000000
0 0.355154 0.685350 0.145917 0.040709 0.290472 0.670128 2.000000 0.311861 0.675349 2.000000 0.337890 0.682840 2.000000 0.371386 0.693395 2.000000 0.404276 0.694984 2.000000 0.426876 0.691693 2.000000
0 0.391417 0.707259 0.125079 0.051077 0.339994 0.720845 2.000000 0.355330 0.716078 2.000000 0.386202 0.707906 2.000000 0.416873 0.699620 2.000000 0.432006 0.695648 2.000000 0.447544 0.689632 2.000000
0 0.444058 0.704951 0.139662 0.067715 0.385090 0.732957 2.000000 0.398512 0.725959 2.000000 0.426501 0.712425 2.000000 0.455145 0.699903 2.000000 0.478088 0.688068 2.000000 0.496393 0.677346 2.000000
