0 0.362912 0.325651 0.079691 0.093420 0.379468 0.366681 2.000000 0.374990 0.356187 2.000000 0.367776 0.335058 2.000000 0.361806 0.309732 2.000000 0.352105 0.296999 2.000000 0.335688 0.284406 2.000000
0 0.425102 0.400981 0.045289 0.094671 0.415561 0.357869 2.000000 0.418507 0.366432 2.000000 0.422535 0.383107 2.000000 0.426828 0.403978 2.000000 0.426231 0.434952 2.000000 0.438791 0.438641 2.000000
0 0.587271 0.383341 0.142095 0.089884 0.533201 0.418375 2.000000 0.545156 0.410317 2.000000 0.567774 0.396201 2.000000 0.595023 0.378208 2.000000 0.616984 0.363249 2.000000 0.625287 0.350279 2.000000
0 0.605899 0.443338 0.121568 0.086881 0.642905 0.410451 2.000000 0.630762 0.419543 2.000000 0.612459 0.434345 2.000000 0.595070 0.448805 2.000000 0.577478 0.463109 2.000000 0.559092 0.479376 2.000000
0 0.605015 0.524548 0.090506 0.092978 0.576889 0.484944 2.000000 0.585290 0.496151 2.000000 0.595414 0.511358 2.000000 0.612538 0.530017 2.000000 0.622674 0.544186 2.000000 0.625753 0.555623 2.000000
0 0.499556 0.566449 0.156445 0.128209 0.553801 0.618716 2.000000 0.541492 0.606571 2.000000 0.520507 0.586595 2.000000 0.490442 0.558900 2.000000 0.465219 0.537222 2.000000 0.447059 0.523488 2.000000
0 0.422633 0.585630 0.228524 0.165517 0.501907 0.652044 2.000000 0.483732 0.638150 2.000000 0.447847 0.609576 2.000000 0.400312 0.571565 2.000000 0.366757 0.540895 2.000000 0.343922 0.524642 2.000000
0 0.570929 0.688284 0.153361 0.033861 0.633574 0.682032 2.000000 0.616624 0.683962 2.000000 0.586155 0.685097 2.000000 0.547212 0.686686 2.000000 0.521182 0.693723 2.000000 0.505039 0.698717 2.000000
0 0.384173 0.680818 0.153365 0.041845 0.320747 0.669420 2.000000 0.338261 0.673103 2.000000 0.368050 0.678995 2.000000 0.406188 0.686729 2.000000 0.430413 0.690780 2.000000 0.453492 0.689952 2.000000
0 0.341581 0.704649 0.138883 0.046677 0.279382 0.718428 2.000000 0.293459 0.715205 2.000000 0.324067 0.709129 2.000000 0.354348 0.702592 2.000000 0.377099 0.695502 2.000000 0.393140 0.687953 2.000000
0 0.470604 0.691147 0.146235 0.071262 0.410091 0.716339 2.000000 0.423196 0.710737 2.000000 0.447571 0.700269 2.000000 0.477276 0.687050 2.000000 0.497620 0.677965 2.000000 0.517786 0.666572 2.000000
0 0.546367 0.712133 0.140946 0.053859 0.605088 0.695785 2.000000 0.587748 0.700511 2.000000 0.564484 0.704873 2.000000 0.522803 0.712567 2.000000 0.498783 0.724037 2.000000 0.487437 0.732489 2.000000
