0 0.406792 0.285172 0.120760 0.086415 0.364953 0.317639 2.000000 0.374406 0.309383 2.000000 0.392564 0.293992 2.000000 0.414703 0.276222 2.000000 0.435847 0.260550 2.000000 0.448782 0.252435 2.000000
0 0.618434 0.404037 0.034512 0.085157 0.618405 0.368150 2.000000 0.617271 0.378995 2.000000 0.615003 0.397707 2.000000 0.611601 0.413868 2.000000 0.612905 0.434979 2.000000 0.615890 0.446452 2.000000
0 0.565169 0.434922 0.124679 0.084844 0.604415 0.465084 2.000000 0.591184 0.455940 2.000000 0.570392 0.441480 2.000000 0.547332 0.424256 2.000000 0.534101 0.412560 2.000000 0.535613 0.400439 2.000000
0 0.370080 0.399934 0.055395 0.086411 0.375767 0.439680 2.000000 0.373437 0.430243 2.000000 0.367378 0.410844 2.000000 0.363184 0.388824 2.000000 0.366446 0.370998 2.000000 0.377631 0.358940 2.000000
0 0.375172 0.378015 0.113374 0.072920 0.336261 0.348746 2.000000 0.346957 0.356162 2.000000 0.361136 0.366936 2.000000 0.378548 0.382887 2.000000 0.400190 0.397299 2.000000 0.423075 0.400657 2.000000
0 0.253667 0.566194 0.062822 0.089286 0.241024 0.524930 2.000000 0.245999 0.536963 2.000000 0.252716 0.556552 2.000000 0.260427 0.575022 2.000000 0.257940 0.594611 2.000000 0.246746 0.606785 2.000000
0 0.492117 0.606086 0.127889 0.136276 0.457203 0.668609 2.000000 0.468704 0.652946 2.000000 0.482224 0.632516 2.000000 0.502200 0.601303 2.000000 0.515719 0.573041 2.000000 0.518746 0.550454 2.000000
0 0.553616 0.709974 0.120578 0.059219 0.595262 0.728539 2.000000 0.579342 0.722523 2.000000 0.558695 0.712168 2.000000 0.536805 0.699575 2.000000 0.519393 0.696217 2.000000 0.497503 0.695378 2.000000
0 0.320286 0.538933 0.178956 0.178951 0.264195 0.615113 2.000000 0.279574 0.594404 2.000000 0.298216 0.562685 2.000000 0.325246 0.525198 2.000000 0.355538 0.487187 2.000000 0.374179 0.464119 2.000000
0 0.463550 0.709842 0.143776 0.025885 0.395257 0.713354 2.000000 0.412005 0.713013 2.000000 0.444492 0.712219 2.000000 0.485857 0.711084 2.000000 0.508860 0.707792 2.000000 0.528635 0.701777 2.000000
0 0.381860 0.762511 0.140069 0.084708 0.328800 0.793363 2.000000 0.344720 0.788185 2.000000 0.378550 0.773773 2.000000 0.400440 0.758102 2.000000 0.402928 0.737674 2.000000 0.418848 0.725780 2.000000
0 0.537957 0.750497 0.156808 0.046923 0.602006 0.762527 2.000000 0.586060 0.758560 2.000000 0.552328 0.750798 2.000000 0.516143 0.743380 2.000000 0.485477 0.740966 2.000000 0.467998 0.743208 2.000000
