0 0.280967 0.115949 0.217530 0.098811 0.194217 0.086241 2.000000 0.216521 0.093683 2.000000 0.255459 0.110695 2.000000 0.306116 0.134724 2.000000 0.354126 0.141103 2.000000 0.378321 0.137913 2.000000
0 0.267577 0.197756 0.183616 0.099943 0.196203 0.164910 2.000000 0.214727 0.172990 2.000000 0.242323 0.191703 2.000000 0.279749 0.214881 2.000000 0.317174 0.224663 2.000000 0.345905 0.221473 2.000000
0 0.517247 0.152018 0.219492 0.127300 0.587373 0.200754 2.000000 0.571528 0.188695 2.000000 0.532848 0.165364 2.000000 0.487176 0.145179 2.000000 0.454088 0.126043 2.000000 0.443835 0.113460 2.000000
0 0.617204 0.122360 0.252630 0.069796 0.729718 0.111737 2.000000 0.699053 0.113980 2.000000 0.642935 0.118464 2.000000 0.580685 0.125709 2.000000 0.545726 0.132781 2.000000 0.523034 0.139164 2.000000
0 0.620335 0.397249 0.129393 0.116235 0.583942 0.444256 2.000000 0.592067 0.432756 2.000000 0.608323 0.410003 2.000000 0.627225 0.382997 2.000000 0.646504 0.363434 2.000000 0.658980 0.350463 2.000000
0 0.394078 0.494906 0.426019 0.175070 0.215129 0.546140 2.000000 0.257643 0.531920 2.000000 0.335203 0.508006 2.000000 0.444361 0.476659 2.000000 0.500663 0.459855 2.000000 0.536857 0.434002 2.000000
0 0.287983 0.605065 0.223643 0.063117 0.186223 0.593407 2.000000 0.210756 0.596685 2.000000 0.257674 0.602377 2.000000 0.312871 0.610312 2.000000 0.355190 0.610139 2.000000 0.384015 0.604102 2.000000
0 0.548186 0.663552 0.201830 0.074980 0.631590 0.683357 2.000000 0.611554 0.677829 2.000000 0.560520 0.662944 2.000000 0.520448 0.653587 2.000000 0.484534 0.653800 2.000000 0.460340 0.656139 2.000000
0 0.550538 0.685684 0.152452 0.187020 0.517104 0.773379 2.000000 0.526917 0.749230 2.000000 0.543170 0.707659 2.000000 0.556663 0.669021 2.000000 0.570462 0.630555 2.000000 0.579049 0.610028 2.000000
0 0.389980 0.815217 0.197889 0.037756 0.297377 0.811060 2.000000 0.321193 0.813824 2.000000 0.358618 0.816376 2.000000 0.406251 0.820416 2.000000 0.450481 0.822968 2.000000 0.472029 0.817439 2.000000
0 0.250982 0.883876 0.222089 0.097874 0.158883 0.851118 2.000000 0.178163 0.861112 2.000000 0.214832 0.873658 2.000000 0.267757 0.889394 2.000000 0.302915 0.903003 2.000000 0.326353 0.917888 2.000000
0 0.586147 0.783797 0.172436 0.114294 0.522715 0.826899 2.000000 0.540808 0.817240 2.000000 0.565340 0.797920 2.000000 0.596926 0.777911 2.000000 0.614405 0.763249 2.000000 0.634338 0.746863 2.000000
