0 0.301851 0.103776 0.212963 0.031510 0.204602 0.105429 2.000000 0.226150 0.102665 2.000000 0.263198 0.100325 2.000000 0.314989 0.097986 2.000000 0.355439 0.099475 2.000000 0.380767 0.105004 2.000000
0 0.608429 0.155090 0.112526 0.099194 0.644881 0.113650 2.000000 0.637415 0.124773 2.000000 0.625914 0.142593 2.000000 0.609166 0.161321 2.000000 0.592216 0.175168 2.000000 0.575673 0.186248 2.000000
0 0.619533 0.217709 0.085649 0.097139 0.635977 0.178310 2.000000 0.631394 0.187149 2.000000 0.623701 0.205195 2.000000 0.609952 0.226187 2.000000 0.602259 0.242391 2.000000 0.603896 0.257767 2.000000
0 0.289411 0.269574 0.169815 0.085332 0.222936 0.240741 2.000000 0.240895 0.247891 2.000000 0.267933 0.258674 2.000000 0.303850 0.274791 2.000000 0.333311 0.288866 2.000000 0.350664 0.301010 2.000000
0 0.432052 0.230086 0.160612 0.094264 0.374135 0.265764 2.000000 0.388501 0.256833 2.000000 0.410049 0.245776 2.000000 0.445962 0.226637 2.000000 0.473181 0.204522 2.000000 0.478095 0.191551 2.000000
0 0.480785 0.273925 0.059443 0.096534 0.474906 0.232299 2.000000 0.476520 0.241379 2.000000 0.479748 0.260561 2.000000 0.483784 0.278721 2.000000 0.484389 0.298130 2.000000 0.484995 0.308118 2.000000
0 0.370683 0.526172 0.234559 0.186299 0.286070 0.603771 2.000000 0.303779 0.585683 2.000000 0.338265 0.552653 2.000000 0.384869 0.506777 2.000000 0.420753 0.474796 2.000000 0.439395 0.454873 2.000000
0 0.536615 0.630673 0.145052 0.151740 0.497271 0.697060 2.000000 0.508465 0.681389 2.000000 0.529858 0.651305 2.000000 0.549509 0.617444 2.000000 0.562444 0.592258 2.000000 0.572394 0.572389 2.000000
0 0.626334 0.696722 0.101036 0.094250 0.596523 0.735053 2.000000 0.604483 0.725958 2.000000 0.618164 0.707629 2.000000 0.638562 0.688179 2.000000 0.644780 0.671109 2.000000 0.642044 0.658236 2.000000
0 0.324932 0.730917 0.133206 0.097930 0.276213 0.692157 2.000000 0.286361 0.703113 2.000000 0.300765 0.718489 2.000000 0.324499 0.737823 2.000000 0.345941 0.754120 2.000000 0.368856 0.761762 2.000000
0 0.480903 0.727068 0.175053 0.038670 0.404729 0.716291 2.000000 0.424662 0.720258 2.000000 0.456861 0.725606 2.000000 0.493966 0.732505 2.000000 0.518498 0.736128 2.000000 0.554683 0.736473 2.000000
0 0.567408 0.758501 0.149472 0.071827 0.615094 0.787703 2.000000 0.606201 0.782183 2.000000 0.588415 0.770109 2.000000 0.562043 0.751997 2.000000 0.532911 0.740268 2.000000 0.510832 0.739405 2.000000
