0 0.194676 0.244010 0.099537 0.110534 0.188428 0.293382 2.000000 0.184796 0.277378 2.000000 0.183182 0.245370 2.000000 0.185805 0.220173 2.000000 0.202957 0.207347 2.000000 0.231994 0.198048 2.000000
0 0.246389 0.249679 0.139999 0.100052 0.199657 0.288400 2.000000 0.211377 0.271389 2.000000 0.230656 0.252676 2.000000 0.254095 0.231199 2.000000 0.276777 0.219716 2.000000 0.303239 0.212273 2.000000
0 0.433187 0.186963 0.170077 0.092528 0.366917 0.220005 2.000000 0.388689 0.208103 2.000000 0.422115 0.192924 2.000000 0.462900 0.176882 2.000000 0.489272 0.159633 2.000000 0.498165 0.147386 2.000000
0 0.606905 0.108791 0.146376 0.105571 0.658460 0.064249 2.000000 0.645773 0.073764 2.000000 0.628609 0.088316 2.000000 0.602491 0.110983 2.000000 0.580352 0.128614 2.000000 0.562442 0.142746 2.000000
0 0.538276 0.098773 0.130529 0.067038 0.490801 0.074464 2.000000 0.507219 0.081180 2.000000 0.531099 0.095172 2.000000 0.561944 0.109724 2.000000 0.000000 0.000000 0.000000 0.000000 0.000000 0.000000
0 0.522699 0.149544 0.107435 0.073641 0.000000 0.000000 0.000000 0.549258 0.125955 2.000000 0.533089 0.138268 2.000000 0.507965 0.154919 2.000000 0.000000 0.000000 0.000000 0.000000 0.000000 0.000000
0 0.362450 0.493859 0.295438 0.191874 0.247268 0.569271 2.000000 0.277334 0.549068 2.000000 0.319304 0.522395 2.000000 0.384883 0.484372 2.000000 0.438557 0.446121 2.000000 0.462972 0.425464 2.000000
0 0.262833 0.724102 0.112013 0.112284 0.235606 0.677231 2.000000 0.239834 0.690523 2.000000 0.248541 0.708573 2.000000 0.262719 0.733060 2.000000 0.283405 0.758989 2.000000 0.303515 0.767341 2.000000
0 0.400518 0.711329 0.057012 0.120573 0.403080 0.659650 2.000000 0.401946 0.674322 2.000000 0.401568 0.699627 2.000000 0.401190 0.724932 2.000000 0.398922 0.744708 2.000000 0.400056 0.761294 2.000000
0 0.529719 0.649479 0.153284 0.171354 0.485298 0.726080 2.000000 0.496261 0.704816 2.000000 0.513272 0.669091 2.000000 0.531418 0.634005 2.000000 0.549942 0.605511 2.000000 0.565441 0.582757 2.000000
0 0.604585 0.729715 0.144394 0.084063 0.552126 0.758151 2.000000 0.568378 0.750734 2.000000 0.591377 0.741937 2.000000 0.630016 0.724342 2.000000 0.648108 0.708473 2.000000 0.643815 0.694501 2.000000
0 0.556830 0.776141 0.141108 0.086929 0.607933 0.812343 2.000000 0.596970 0.803838 2.000000 0.576178 0.786401 2.000000 0.552362 0.765987 2.000000 0.522119 0.753015 2.000000 0.500949 0.749400 2.000000
