0 0.267024 0.125130 0.224789 0.028906 0.165704 0.124103 2.000000 0.190655 0.123677 2.000000 0.239043 0.123677 2.000000 0.281761 0.123677 2.000000 0.341491 0.126442 2.000000 0.370222 0.126867 2.000000
0 0.273202 0.166222 0.250340 0.037867 0.168044 0.164931 2.000000 0.194885 0.164293 2.000000 0.246297 0.165356 2.000000 0.299978 0.167270 2.000000 0.344587 0.171310 2.000000 0.363867 0.174500 2.000000
0 0.610119 0.074207 0.270141 0.048814 0.730322 0.064541 2.000000 0.705789 0.065921 2.000000 0.645992 0.070578 2.000000 0.593247 0.077478 2.000000 0.539583 0.084550 2.000000 0.515050 0.090242 2.000000
0 0.542631 0.089551 0.211413 0.125978 0.466748 0.139695 2.000000 0.482917 0.125982 2.000000 0.515503 0.100377 2.000000 0.552318 0.073651 2.000000 0.590626 0.055042 2.000000 0.618752 0.052879 2.000000
0 0.674284 0.246669 0.084344 0.134591 0.663272 0.305866 2.000000 0.666032 0.291550 2.000000 0.670938 0.266193 2.000000 0.678298 0.240837 2.000000 0.678911 0.209615 2.000000 0.668178 0.193919 2.000000
0 0.397370 0.457614 0.420530 0.187350 0.227145 0.516608 2.000000 0.264817 0.500866 2.000000 0.329398 0.478465 2.000000 0.430575 0.444560 2.000000 0.499461 0.426396 2.000000 0.547897 0.407628 2.000000
0 0.374095 0.575168 0.206546 0.100939 0.301789 0.540245 2.000000 0.327286 0.551002 2.000000 0.366240 0.565742 2.000000 0.410859 0.582474 2.000000 0.427149 0.599605 2.000000 0.428565 0.613947 2.000000
0 0.333168 0.646024 0.235277 0.081033 0.431586 0.621642 2.000000 0.404584 0.627136 2.000000 0.359771 0.631983 2.000000 0.310938 0.642001 2.000000 0.274743 0.661391 2.000000 0.253486 0.669793 2.000000
0 0.559419 0.646545 0.170557 0.197553 0.514063 0.733594 2.000000 0.527520 0.708495 2.000000 0.543809 0.670648 2.000000 0.566473 0.630411 2.000000 0.579930 0.598540 2.000000 0.590554 0.568661 2.000000
0 0.439680 0.745685 0.166116 0.093007 0.384650 0.781385 2.000000 0.399523 0.771824 2.000000 0.428561 0.755091 2.000000 0.459724 0.734773 2.000000 0.490887 0.719634 2.000000 0.510010 0.711268 2.000000
0 0.598842 0.742188 0.173701 0.107413 0.540206 0.780526 2.000000 0.556867 0.769216 2.000000 0.587316 0.748210 2.000000 0.621212 0.727850 2.000000 0.640171 0.715893 2.000000 0.658556 0.701997 2.000000
0 0.457155 0.862391 0.225084 0.040576 0.354137 0.872638 2.000000 0.376801 0.868654 2.000000 0.422129 0.863874 2.000000 0.475956 0.860687 2.000000 0.511368 0.862280 2.000000 0.543948 0.865467 2.000000
