0 0.269657 0.172981 0.172081 0.121807 0.219978 0.127507 2.000000 0.232551 0.137167 2.000000 0.252177 0.157866 2.000000 0.287442 0.180808 2.000000 0.306761 0.202197 2.000000 0.308908 0.221344 2.000000
0 0.344549 0.132683 0.216704 0.134635 0.267970 0.089423 2.000000 0.287745 0.097822 2.000000 0.319021 0.118253 2.000000 0.354534 0.142088 2.000000 0.404980 0.163199 2.000000 0.427377 0.169555 2.000000
0 0.629309 0.127864 0.234259 0.036979 0.737744 0.122737 2.000000 0.712905 0.121702 2.000000 0.662307 0.122047 2.000000 0.610483 0.123427 2.000000 0.542405 0.129637 2.000000 0.514500 0.137226 2.000000
0 0.644587 0.117969 0.048148 0.088021 0.649121 0.080994 2.000000 0.646974 0.093585 2.000000 0.642068 0.110145 2.000000 0.000000 0.000000 0.000000 0.640535 0.144816 2.000000 0.656481 0.160858 2.000000
0 0.365525 0.497773 0.444978 0.077369 0.161221 0.510513 2.000000 0.212019 0.506581 2.000000 0.306623 0.498716 2.000000 0.401694 0.496095 2.000000 0.486978 0.493736 2.000000 0.544766 0.471453 2.000000
0 0.274838 0.603708 0.210795 0.081257 0.182956 0.625834 2.000000 0.203748 0.619454 2.000000 0.244198 0.607121 2.000000 0.287294 0.594362 2.000000 0.330390 0.588196 2.000000 0.361011 0.591811 2.000000
0 0.508390 0.563296 0.177951 0.115963 0.446555 0.606974 2.000000 0.461888 0.595935 2.000000 0.486727 0.573683 2.000000 0.525979 0.549362 2.000000 0.541618 0.537805 2.000000 0.565537 0.520728 2.000000
0 0.246007 0.820583 0.215662 0.077584 0.157025 0.799289 2.000000 0.178195 0.805881 2.000000 0.226206 0.815875 2.000000 0.274594 0.829059 2.000000 0.302947 0.834163 2.000000 0.326007 0.835438 2.000000
0 0.284402 0.914974 0.203704 0.050782 0.189158 0.909014 2.000000 0.213731 0.908801 2.000000 0.260229 0.907738 2.000000 0.324495 0.905611 2.000000 0.362299 0.916881 2.000000 0.378932 0.933680 2.000000
0 0.560640 0.824928 0.175316 0.105941 0.505952 0.860318 2.000000 0.521034 0.852212 2.000000 0.548327 0.834445 2.000000 0.579299 0.815816 2.000000 0.602604 0.801327 2.000000 0.611191 0.785112 2.000000
0 0.554423 0.696371 0.152551 0.198616 0.523086 0.787072 2.000000 0.531008 0.767673 2.000000 0.542659 0.734905 2.000000 0.555242 0.686671 2.000000 0.571087 0.644466 2.000000 0.585888 0.619526 2.000000
0 0.616383 0.667624 0.233237 0.108502 0.699712 0.705021 2.000000 0.683867 0.696894 2.000000 0.642856 0.679069 2.000000 0.597651 0.662291 2.000000 0.559902 0.652592 2.000000 0.531008 0.643155 2.000000
