0 0.256958 0.233430 0.206035 0.092661 0.175283 0.263464 2.000000 0.196749 0.253632 2.000000 0.236921 0.239487 2.000000 0.283532 0.224998 2.000000 0.317877 0.213613 2.000000 0.336890 0.206541 2.000000
0 0.473663 0.148578 0.205040 0.099207 0.395318 0.185049 2.000000 0.414487 0.174493 2.000000 0.449395 0.158149 2.000000 0.492173 0.136810 2.000000 0.533134 0.117856 2.000000 0.554926 0.105257 2.000000
0 0.541314 0.075208 0.193700 0.030314 0.453708 0.080424 2.000000 0.479578 0.075246 2.000000 0.527338 0.073567 2.000000 0.584799 0.073847 2.000000 0.624848 0.075946 2.000000 0.000000 0.000000 0.000000
0 0.626807 0.093897 0.183509 0.131476 0.694113 0.039465 2.000000 0.679686 0.048420 2.000000 0.647845 0.072487 2.000000 0.623965 0.093475 2.000000 0.600583 0.109706 2.000000 0.584071 0.121160 2.000000
0 0.597079 0.093674 0.137992 0.075415 0.000000 0.000000 0.000000 0.632673 0.071464 2.000000 0.000000 0.000000 0.000000 0.589896 0.090873 2.000000 0.551759 0.114368 2.000000 0.554455 0.130247 2.000000
0 0.293188 0.534600 0.102547 0.130692 0.313447 0.591884 2.000000 0.308847 0.576187 2.000000 0.299034 0.549278 2.000000 0.287995 0.518230 2.000000 0.285235 0.494943 2.000000 0.278489 0.479936 2.000000
0 0.376088 0.484189 0.350179 0.179143 0.237182 0.555549 2.000000 0.273096 0.536199 2.000000 0.318082 0.511957 2.000000 0.388396 0.479210 2.000000 0.474211 0.436681 2.000000 0.506344 0.418181 2.000000
0 0.275947 0.724218 0.063380 0.131323 0.269821 0.666788 2.000000 0.269514 0.682657 2.000000 0.270128 0.707668 2.000000 0.270434 0.743547 2.000000 0.277794 0.765453 2.000000 0.291593 0.780115 2.000000
0 0.400592 0.689542 0.093766 0.122745 0.385250 0.634990 2.000000 0.388317 0.649479 2.000000 0.392303 0.678630 2.000000 0.397516 0.711231 2.000000 0.406103 0.726411 2.000000 0.425422 0.738658 2.000000
0 0.546956 0.669996 0.172972 0.189928 0.499939 0.756942 2.000000 0.513125 0.733483 2.000000 0.532751 0.692775 2.000000 0.551150 0.648272 2.000000 0.564336 0.623260 2.000000 0.585495 0.598939 2.000000
0 0.627745 0.744384 0.158903 0.096720 0.565375 0.783298 2.000000 0.580119 0.776068 2.000000 0.607715 0.760120 2.000000 0.646653 0.740131 2.000000 0.662531 0.730562 2.000000 0.675006 0.715677 2.000000
0 0.608658 0.818489 0.057552 0.101041 0.606370 0.860650 2.000000 0.606975 0.850322 2.000000 0.608779 0.830753 2.000000 0.618828 0.810562 2.000000 0.616409 0.785645 2.000000 0.598018 0.773249 2.000000
