0 0.263126 0.183657 0.156716 0.122790 0.216893 0.135213 2.000000 0.232738 0.146485 2.000000 0.257438 0.169029 2.000000 0.284001 0.188690 2.000000 0.300313 0.218050 2.000000 0.303109 0.234828 2.000000
0 0.322331 0.115714 0.216069 0.134201 0.246719 0.074920 2.000000 0.271885 0.084881 2.000000 0.302643 0.103493 2.000000 0.337595 0.130756 2.000000 0.387927 0.153301 2.000000 0.414957 0.156971 2.000000
0 0.622685 0.125131 0.253346 0.046759 0.739313 0.118152 2.000000 0.712310 0.119768 2.000000 0.658881 0.122354 2.000000 0.592237 0.125262 2.000000 0.542254 0.128494 2.000000 0.516401 0.140774 2.000000
0 0.629706 0.142505 0.187011 0.101503 0.694983 0.105646 2.000000 0.000000 0.000000 0.000000 0.000000 0.000000 0.000000 0.631473 0.151152 2.000000 0.590267 0.169227 2.000000 0.561158 0.175181 2.000000
0 0.377398 0.495208 0.425759 0.140807 0.191677 0.541385 2.000000 0.235908 0.529264 2.000000 0.318697 0.510552 2.000000 0.418877 0.489075 2.000000 0.500533 0.473764 2.000000 0.552702 0.455477 2.000000
0 0.557006 0.519570 0.142469 0.119803 0.509332 0.569327 2.000000 0.520295 0.557206 2.000000 0.540331 0.535942 2.000000 0.566037 0.505746 2.000000 0.578512 0.490861 2.000000 0.593256 0.478102 2.000000
0 0.265640 0.604850 0.223823 0.074257 0.170337 0.587085 2.000000 0.196421 0.590275 2.000000 0.246700 0.597292 2.000000 0.296601 0.604309 2.000000 0.321173 0.615367 2.000000 0.354440 0.625149 2.000000
0 0.636574 0.685416 0.187948 0.089021 0.698286 0.715693 2.000000 0.681868 0.708837 2.000000 0.658442 0.696816 2.000000 0.624209 0.681825 2.000000 0.592463 0.669832 2.000000 0.567359 0.661700 2.000000
0 0.558329 0.696368 0.164169 0.193782 0.523446 0.784924 2.000000 0.531419 0.762155 2.000000 0.544912 0.727139 2.000000 0.559018 0.681256 2.000000 0.570671 0.646068 2.000000 0.586311 0.621056 2.000000
0 0.280257 0.815239 0.238647 0.067960 0.175319 0.802324 2.000000 0.201883 0.807567 2.000000 0.248020 0.813858 2.000000 0.304410 0.818577 2.000000 0.339363 0.823033 2.000000 0.368257 0.827752 2.000000
0 0.265568 0.901997 0.244812 0.079058 0.164739 0.882137 2.000000 0.194226 0.890643 2.000000 0.244126 0.899149 2.000000 0.305368 0.906804 2.000000 0.338257 0.914885 2.000000 0.353757 0.928494 2.000000
0 0.575537 0.810396 0.178285 0.116550 0.514752 0.854851 2.000000 0.533275 0.844219 2.000000 0.561628 0.823805 2.000000 0.598676 0.801477 2.000000 0.613041 0.789356 2.000000 0.621736 0.776810 2.000000
