0 0.237500 0.165755 0.069552 0.100260 0.221729 0.124171 2.000000 0.226640 0.135679 2.000000 0.232911 0.155025 2.000000 0.237825 0.179054 2.000000 0.248032 0.197767 2.000000 0.260885 0.208824 2.000000
0 0.589700 0.195516 0.049771 0.099532 0.587413 0.150500 2.000000 0.587679 0.161329 2.000000 0.586226 0.178540 2.000000 0.586840 0.204931 2.000000 0.585920 0.220283 2.000000 0.596959 0.235117 2.000000
0 0.413511 0.226941 0.144275 0.099883 0.359363 0.263296 2.000000 0.374484 0.253727 2.000000 0.394520 0.238842 2.000000 0.424385 0.220555 2.000000 0.446311 0.200779 2.000000 0.451225 0.189296 2.000000
0 0.572146 0.375286 0.065894 0.092841 0.559380 0.336535 2.000000 0.562654 0.347675 2.000000 0.567564 0.365813 2.000000 0.576795 0.387176 2.000000 0.581724 0.404387 2.000000 0.592620 0.412105 2.000000
0 0.393981 0.405339 0.165887 0.083027 0.454726 0.378100 2.000000 0.440007 0.386035 2.000000 0.416395 0.400352 2.000000 0.390636 0.412599 2.000000 0.355064 0.421741 2.000000 0.331758 0.427433 2.000000
0 0.267630 0.409957 0.120035 0.098981 0.220439 0.371122 2.000000 0.234483 0.380885 2.000000 0.255145 0.396161 2.000000 0.284150 0.415446 2.000000 0.297336 0.431143 2.000000 0.290590 0.443390 2.000000
0 0.325694 0.542058 0.218055 0.203199 0.256610 0.625654 2.000000 0.275623 0.600987 2.000000 0.302915 0.565281 2.000000 0.338180 0.522330 2.000000 0.373139 0.490074 2.000000 0.390618 0.469548 2.000000
0 0.518153 0.611945 0.164334 0.143554 0.476964 0.673606 2.000000 0.491010 0.655627 2.000000 0.506522 0.628482 2.000000 0.526056 0.592610 2.000000 0.540993 0.572897 2.000000 0.559377 0.555446 2.000000
0 0.590278 0.688672 0.081779 0.093490 0.601248 0.729980 2.000000 0.599309 0.720711 2.000000 0.596437 0.702332 2.000000 0.592416 0.678741 2.000000 0.579202 0.664845 2.000000 0.568861 0.658382 2.000000
0 0.487429 0.708072 0.173932 0.021875 0.408092 0.708598 2.000000 0.427059 0.708257 2.000000 0.457326 0.708030 2.000000 0.505956 0.709165 2.000000 0.535214 0.708938 2.000000 0.559226 0.706328 2.000000
0 0.364548 0.748012 0.171668 0.069081 0.296977 0.724738 2.000000 0.316549 0.732683 2.000000 0.348431 0.744487 2.000000 0.380514 0.756632 2.000000 0.409974 0.763102 2.000000 0.433986 0.760037 2.000000
0 0.567742 0.752784 0.168715 0.063381 0.637440 0.771062 2.000000 0.616296 0.764626 2.000000 0.582217 0.754691 2.000000 0.542168 0.741958 2.000000 0.517542 0.738320 2.000000 0.498885 0.737481 2.000000
