0 0.256014 0.112640 0.143981 0.108054 0.199852 0.069997 2.000000 0.214985 0.079077 2.000000 0.253727 0.106204 2.000000 0.279757 0.124251 2.000000 0.287828 0.137531 2.000000 0.292031 0.155656 2.000000
0 0.600104 0.162356 0.116233 0.100369 0.635309 0.121302 2.000000 0.626633 0.131063 2.000000 0.609280 0.148316 2.000000 0.590716 0.166930 2.000000 0.572152 0.185771 2.000000 0.570134 0.199732 2.000000
0 0.416858 0.234401 0.141190 0.095665 0.360205 0.270492 2.000000 0.375100 0.260272 2.000000 0.402271 0.243515 2.000000 0.431079 0.228324 2.000000 0.451866 0.206043 2.000000 0.452521 0.193061 2.000000
0 0.596468 0.336029 0.071925 0.091381 0.613313 0.296700 2.000000 0.608251 0.305606 2.000000 0.600361 0.319833 2.000000 0.593894 0.338583 2.000000 0.594142 0.360271 2.000000 0.584690 0.375802 2.000000
0 0.252636 0.346674 0.088353 0.102486 0.234104 0.302243 2.000000 0.241306 0.312279 2.000000 0.249327 0.331890 2.000000 0.260293 0.351593 2.000000 0.265797 0.372179 2.000000 0.260410 0.385948 2.000000
0 0.445385 0.378041 0.055765 0.097122 0.440323 0.333782 2.000000 0.441916 0.344835 2.000000 0.444306 0.360967 2.000000 0.450281 0.383373 2.000000 0.450414 0.404583 2.000000 0.444306 0.415711 2.000000
0 0.339689 0.545320 0.231733 0.192206 0.270592 0.630006 2.000000 0.285336 0.609167 2.000000 0.310664 0.577270 2.000000 0.353382 0.531338 2.000000 0.386271 0.491574 2.000000 0.402527 0.467120 2.000000
0 0.527248 0.629514 0.160318 0.142103 0.483805 0.691460 2.000000 0.495146 0.676788 2.000000 0.515938 0.642339 2.000000 0.536352 0.603212 2.000000 0.551473 0.585776 2.000000 0.568107 0.568764 2.000000
0 0.336911 0.739514 0.157365 0.089132 0.277800 0.704585 2.000000 0.291521 0.715141 2.000000 0.305848 0.726037 2.000000 0.336720 0.745219 2.000000 0.358513 0.756115 2.000000 0.376673 0.763833 2.000000
0 0.486895 0.722266 0.180175 0.037239 0.408200 0.714608 2.000000 0.427678 0.717462 2.000000 0.457631 0.720500 2.000000 0.504935 0.726393 2.000000 0.533742 0.727866 2.000000 0.561241 0.727866 2.000000
0 0.608654 0.689714 0.075926 0.093379 0.588532 0.729847 2.000000 0.593576 0.721221 2.000000 0.601850 0.704309 2.000000 0.614360 0.682630 2.000000 0.617588 0.667421 2.000000 0.623440 0.653120 2.000000
0 0.577635 0.769792 0.164815 0.068252 0.641610 0.791947 2.000000 0.621634 0.785364 2.000000 0.592779 0.774921 2.000000 0.558072 0.758123 2.000000 0.529621 0.752562 2.000000 0.510685 0.750405 2.000000
