0 0.291955 0.211080 0.225678 0.048691 0.190185 0.222178 2.000000 0.213245 0.218563 2.000000 0.263146 0.215586 2.000000 0.330058 0.210270 2.000000 0.352362 0.205167 2.000000 0.376178 0.197299 2.000000
0 0.417261 0.126110 0.180292 0.111647 0.354630 0.165402 2.000000 0.369374 0.152218 2.000000 0.394324 0.135207 2.000000 0.426457 0.114155 2.000000 0.458212 0.095442 2.000000 0.478626 0.084810 2.000000
0 0.524350 0.125971 0.188866 0.118370 0.457197 0.175742 2.000000 0.473509 0.162634 2.000000 0.507995 0.137206 2.000000 0.545278 0.113614 2.000000 0.572308 0.094477 2.000000 0.589551 0.076389 2.000000
0 0.633796 0.101042 0.231781 0.100000 0.725814 0.064466 2.000000 0.702978 0.070233 2.000000 0.654977 0.088059 2.000000 0.605577 0.106409 2.000000 0.574819 0.117943 2.000000 0.555712 0.133934 2.000000
0 0.627978 0.085597 0.186149 0.113383 0.694217 0.133052 2.000000 0.679851 0.120931 2.000000 0.656791 0.103920 2.000000 0.623902 0.080741 2.000000 0.588367 0.059264 2.000000 0.555099 0.048207 2.000000
0 0.414791 0.474314 0.395287 0.185184 0.261637 0.542486 2.000000 0.304262 0.521096 2.000000 0.366819 0.490738 2.000000 0.441950 0.456239 2.000000 0.510333 0.430883 2.000000 0.554185 0.413633 2.000000
0 0.295932 0.711588 0.065013 0.136197 0.296166 0.651101 2.000000 0.292793 0.669385 2.000000 0.291566 0.700434 2.000000 0.290340 0.732517 2.000000 0.292486 0.750284 2.000000 0.301992 0.768741 2.000000
0 0.408420 0.684864 0.092908 0.103671 0.428314 0.737466 2.000000 0.423889 0.726540 2.000000 0.416952 0.701177 2.000000 0.409890 0.669354 2.000000 0.391948 0.656482 2.000000 0.386822 0.645996 2.000000
0 0.404167 0.651954 0.053704 0.125781 0.399615 0.591265 2.000000 0.400548 0.606732 2.000000 0.401480 0.628228 2.000000 0.000000 0.000000 0.000000 0.000000 0.000000 0.000000 0.000000 0.000000 0.000000
0 0.556088 0.673780 0.178432 0.194794 0.516384 0.762727 2.000000 0.529568 0.737960 2.000000 0.544244 0.705778 2.000000 0.558423 0.667300 2.000000 0.576333 0.627422 2.000000 0.594741 0.603635 2.000000
0 0.636205 0.739147 0.182088 0.104274 0.569081 0.777798 2.000000 0.586093 0.769504 2.000000 0.615202 0.753343 2.000000 0.652249 0.735056 2.000000 0.674931 0.722510 2.000000 0.693833 0.708263 2.000000
0 0.634714 0.829920 0.167899 0.100535 0.568917 0.864512 2.000000 0.588320 0.856956 2.000000 0.621901 0.841285 2.000000 0.660955 0.825754 2.000000 0.678616 0.808823 2.000000 0.673144 0.791333 2.000000
