0 0.368209 0.326906 0.144048 0.040979 0.300405 0.315987 2.000000 0.315276 0.318228 2.000000 0.339839 0.322336 2.000000 0.366261 0.325622 2.000000 0.397596 0.330626 2.000000 0.416981 0.338542 2.000000
0 0.541667 0.389844 0.209259 0.033854 0.642780 0.386705 2.000000 0.610862 0.383759 2.000000 0.571415 0.381641 2.000000 0.528367 0.379984 2.000000 0.476481 0.391217 2.000000 0.447182 0.402081 2.000000
0 0.347685 0.507292 0.104630 0.173959 0.352299 0.590924 2.000000 0.349925 0.568106 2.000000 0.348035 0.545141 2.000000 0.347657 0.513031 2.000000 0.345010 0.453278 2.000000 0.339340 0.424571 2.000000
0 0.619444 0.482031 0.114763 0.088816 0.653406 0.446566 2.000000 0.645089 0.456135 2.000000 0.632992 0.467617 2.000000 0.619761 0.481439 2.000000 0.594810 0.501853 2.000000 0.578933 0.516101 2.000000
0 0.323775 0.735264 0.130228 0.054044 0.275979 0.751066 2.000000 0.289788 0.745614 2.000000 0.307579 0.738669 2.000000 0.330151 0.730154 2.000000 0.352059 0.723508 2.000000 0.368523 0.714695 2.000000
0 0.596379 0.609071 0.102172 0.081684 0.567856 0.640073 2.000000 0.577060 0.630138 2.000000 0.586761 0.617126 2.000000 0.604920 0.599076 2.000000 0.618601 0.587882 2.000000 0.625566 0.575429 2.000000
0 0.528625 0.664818 0.102011 0.063177 0.491478 0.686793 2.000000 0.504391 0.679415 2.000000 0.521745 0.666476 2.000000 0.540107 0.654899 2.000000 0.556451 0.645478 2.000000 0.564724 0.640144 2.000000
0 0.629123 0.638488 0.093605 0.078337 0.646019 0.603994 2.000000 0.640499 0.615724 2.000000 0.632833 0.629006 2.000000 0.623940 0.643150 2.000000 0.612594 0.654017 2.000000 0.596954 0.666954 2.000000
0 0.572844 0.728729 0.131735 0.037334 0.000000 0.000000 0.000000 0.612806 0.720847 2.000000 0.590170 0.725185 2.000000 0.563056 0.729802 2.000000 0.533952 0.734700 2.000000 0.515794 0.739037 2.000000
0 0.649857 0.700651 0.036111 0.086198 0.642816 0.742869 2.000000 0.646002 0.731218 2.000000 0.000000 0.000000 0.000000 0.653432 0.691775 2.000000 0.652610 0.675793 2.000000 0.649044 0.661791 2.000000
0 0.575926 0.749219 0.137484 0.078646 0.626276 0.779935 2.000000 0.610356 0.771260 2.000000 0.586974 0.757267 2.000000 0.561352 0.742995 2.000000 0.539711 0.731382 2.000000 0.524537 0.722147 2.000000
0 0.639085 0.717050 0.115746 0.071600 0.598878 0.744601 2.000000 0.612808 0.735226 2.000000 0.629226 0.723192 2.000000 0.654847 0.707241 2.000000 0.664535 0.694110 2.000000 0.666512 0.683101 2.000000
