0 0.323638 0.304190 0.096221 0.090743 0.299478 0.345126 2.000000 0.302961 0.334492 2.000000 0.311667 0.314203 2.000000 0.321368 0.291816 2.000000 0.335049 0.278523 2.000000 0.354701 0.265790 2.000000
0 0.459538 0.474632 0.099667 0.106078 0.434335 0.429104 2.000000 0.440553 0.440158 2.000000 0.446772 0.459467 2.000000 0.457717 0.485493 2.000000 0.474881 0.505781 2.000000 0.498512 0.512078 2.000000
0 0.553654 0.384107 0.130234 0.083958 0.507250 0.416739 2.000000 0.519731 0.409047 2.000000 0.543365 0.393587 2.000000 0.576558 0.374692 2.000000 0.588217 0.366066 2.000000 0.591875 0.351866 2.000000
0 0.533150 0.480208 0.158651 0.052604 0.600292 0.462210 2.000000 0.582133 0.467247 2.000000 0.554521 0.472564 2.000000 0.521189 0.479421 2.000000 0.486364 0.488795 2.000000 0.468702 0.494112 2.000000
0 0.615182 0.604769 0.038785 0.088829 0.620647 0.562954 2.000000 0.619638 0.573282 2.000000 0.616409 0.586676 2.000000 0.609952 0.606312 2.000000 0.608741 0.625834 2.000000 0.612863 0.640484 2.000000
0 0.409748 0.529069 0.189563 0.124285 0.483382 0.578063 2.000000 0.466210 0.565471 2.000000 0.436464 0.545634 2.000000 0.390160 0.518725 2.000000 0.360414 0.500269 2.000000 0.337108 0.479397 2.000000
0 0.423281 0.595400 0.228463 0.160794 0.498800 0.663341 2.000000 0.480401 0.649714 2.000000 0.447589 0.625392 2.000000 0.406804 0.595896 2.000000 0.362646 0.556223 2.000000 0.341793 0.528796 2.000000
0 0.310971 0.707696 0.138163 0.030893 0.249561 0.715391 2.000000 0.265507 0.710043 2.000000 0.294639 0.703144 2.000000 0.333182 0.698712 2.000000 0.358116 0.706938 2.000000 0.370996 0.714011 2.000000
0 0.393054 0.684361 0.159565 0.031841 0.327949 0.678656 2.000000 0.348098 0.681034 2.000000 0.380186 0.685232 2.000000 0.418245 0.692508 2.000000 0.443867 0.692228 2.000000 0.464264 0.687051 2.000000
0 0.555633 0.696093 0.156530 0.030873 0.623274 0.689059 2.000000 0.605827 0.691906 2.000000 0.579332 0.695117 2.000000 0.542713 0.699661 2.000000 0.512771 0.702205 2.000000 0.489723 0.700812 2.000000
0 0.498889 0.687326 0.153766 0.076199 0.433305 0.715025 2.000000 0.450328 0.708027 2.000000 0.478153 0.695874 2.000000 0.509186 0.680641 2.000000 0.525762 0.671512 2.000000 0.548284 0.659958 2.000000
0 0.540960 0.719618 0.145307 0.047152 0.599473 0.702990 2.000000 0.584414 0.707778 2.000000 0.561663 0.713762 2.000000 0.530891 0.721680 2.000000 0.492316 0.731304 2.000000 0.477898 0.725415 2.000000
