0 0.296297 0.107422 0.217239 0.079427 0.205953 0.134375 2.000000 0.222976 0.125629 2.000000 0.253584 0.113199 2.000000 0.290412 0.099757 2.000000 0.335588 0.092576 2.000000 0.371349 0.093404 2.000000
0 0.614153 0.156197 0.123676 0.103374 0.648887 0.114932 2.000000 0.637789 0.125829 2.000000 0.621848 0.142627 2.000000 0.601871 0.165668 2.000000 0.586536 0.186779 2.000000 0.580483 0.199037 2.000000
0 0.621269 0.205031 0.083327 0.095147 0.643143 0.164345 2.000000 0.637213 0.174476 2.000000 0.628560 0.188903 2.000000 0.618058 0.205414 2.000000 0.606383 0.223826 2.000000 0.599055 0.236450 2.000000
0 0.290510 0.264062 0.178241 0.080793 0.226102 0.236568 2.000000 0.244195 0.240880 2.000000 0.272714 0.250022 2.000000 0.318099 0.265374 2.000000 0.340791 0.280036 2.000000 0.342324 0.297458 2.000000
0 0.436719 0.229116 0.156193 0.090702 0.378084 0.263899 2.000000 0.393258 0.254384 2.000000 0.418381 0.240672 2.000000 0.456192 0.223321 2.000000 0.479823 0.203872 2.000000 0.482808 0.191559 2.000000
0 0.485770 0.255907 0.040625 0.084020 0.479318 0.217225 2.000000 0.481566 0.226386 2.000000 0.481188 0.240633 2.000000 0.480431 0.259558 2.000000 0.482322 0.280823 2.000000 0.487614 0.294007 2.000000
0 0.376389 0.518490 0.242592 0.198123 0.291250 0.599488 2.000000 0.310419 0.580874 2.000000 0.338467 0.553633 2.000000 0.375796 0.518675 2.000000 0.423417 0.473841 2.000000 0.447832 0.451027 2.000000
0 0.540980 0.629352 0.151814 0.162321 0.499721 0.697704 2.000000 0.510032 0.681131 2.000000 0.526073 0.657745 2.000000 0.548497 0.625705 2.000000 0.567321 0.592191 2.000000 0.574359 0.573041 2.000000
0 0.324859 0.729529 0.137236 0.107927 0.277752 0.687531 2.000000 0.285772 0.698211 2.000000 0.303286 0.716625 2.000000 0.327511 0.738077 2.000000 0.342733 0.751244 2.000000 0.365321 0.758425 2.000000
0 0.460547 0.724720 0.138383 0.076738 0.409737 0.696931 2.000000 0.420359 0.705819 2.000000 0.442134 0.722175 2.000000 0.476257 0.740921 2.000000 0.505069 0.742340 2.000000 0.522728 0.740398 2.000000
0 0.626852 0.695182 0.099824 0.098476 0.598904 0.734716 2.000000 0.607413 0.725689 2.000000 0.619583 0.710362 2.000000 0.637570 0.690975 2.000000 0.649956 0.668984 2.000000 0.643709 0.656079 2.000000
0 0.568289 0.756992 0.144224 0.077670 0.619580 0.784978 2.000000 0.606437 0.778125 2.000000 0.583334 0.764233 2.000000 0.555717 0.746309 2.000000 0.533278 0.737421 2.000000 0.514026 0.735255 2.000000
