0 0.273636 0.094964 0.229489 0.097477 0.175226 0.068262 2.000000 0.203584 0.076518 2.000000 0.238085 0.089456 2.000000 0.294941 0.105971 2.000000 0.345739 0.115933 2.000000 0.369040 0.118292 2.000000
0 0.265077 0.167017 0.198550 0.090509 0.183231 0.154385 2.000000 0.201872 0.159103 2.000000 0.237291 0.172735 2.000000 0.285292 0.183483 2.000000 0.330964 0.173784 2.000000 0.344013 0.162249 2.000000
0 0.503537 0.121109 0.182461 0.125030 0.566010 0.171810 2.000000 0.555095 0.158884 2.000000 0.521773 0.135616 2.000000 0.482131 0.109763 2.000000 0.458576 0.092635 2.000000 0.456278 0.073245 2.000000
0 0.614815 0.093881 0.249951 0.071055 0.730125 0.082354 2.000000 0.704846 0.082677 2.000000 0.651991 0.087202 2.000000 0.596837 0.095927 2.000000 0.534790 0.103683 2.000000 0.503766 0.106592 2.000000
0 0.387085 0.472388 0.411905 0.169257 0.216849 0.525604 2.000000 0.256511 0.509669 2.000000 0.316712 0.488156 2.000000 0.417283 0.460269 2.000000 0.498023 0.437162 2.000000 0.539102 0.411665 2.000000
0 0.638304 0.351337 0.148393 0.123258 0.600313 0.402986 2.000000 0.613527 0.386828 2.000000 0.627889 0.359682 2.000000 0.645125 0.330597 2.000000 0.661786 0.315408 2.000000 0.679596 0.305390 2.000000
0 0.312269 0.580990 0.237003 0.067013 0.199497 0.569425 2.000000 0.227074 0.571041 2.000000 0.273609 0.575889 2.000000 0.342551 0.583968 2.000000 0.375873 0.585260 2.000000 0.410344 0.578474 2.000000
0 0.511304 0.632299 0.211066 0.072448 0.608150 0.650814 2.000000 0.584777 0.644041 2.000000 0.542991 0.634081 2.000000 0.489872 0.622129 2.000000 0.450919 0.624918 2.000000 0.424713 0.629699 2.000000
0 0.550429 0.661585 0.157476 0.189425 0.514349 0.746979 2.000000 0.526465 0.724172 2.000000 0.541379 0.684588 2.000000 0.553495 0.647888 2.000000 0.571671 0.605945 2.000000 0.580991 0.579469 2.000000
0 0.399768 0.790625 0.186833 0.036456 0.310239 0.789434 2.000000 0.330653 0.789646 2.000000 0.370347 0.792198 2.000000 0.430454 0.795600 2.000000 0.461075 0.793687 2.000000 0.489050 0.784968 2.000000
0 0.279950 0.867283 0.243494 0.114914 0.186373 0.833531 2.000000 0.206612 0.844743 2.000000 0.245557 0.858370 2.000000 0.293395 0.871997 2.000000 0.325287 0.887521 2.000000 0.351046 0.900285 2.000000
0 0.591575 0.758296 0.187220 0.116413 0.523670 0.798839 2.000000 0.541082 0.789044 2.000000 0.564216 0.770574 2.000000 0.599787 0.747067 2.000000 0.618941 0.734754 2.000000 0.633369 0.722301 2.000000
