0 0.325229 0.295602 0.168060 0.080067 0.258899 0.324965 2.000000 0.272822 0.317474 2.000000 0.298045 0.306578 2.000000 0.329926 0.290347 2.000000 0.352727 0.280700 2.000000 0.377547 0.271279 2.000000
0 0.545872 0.377756 0.170141 0.042113 0.467947 0.388000 2.000000 0.485300 0.384255 2.000000 0.521621 0.379261 2.000000 0.564802 0.374948 2.000000 0.588612 0.374380 2.000000 0.608589 0.369727 2.000000
0 0.429817 0.469015 0.237587 0.078082 0.323028 0.494634 2.000000 0.349053 0.487729 2.000000 0.387191 0.478430 2.000000 0.440223 0.465264 2.000000 0.501767 0.451638 2.000000 0.531393 0.448323 2.000000
0 0.501445 0.480676 0.168783 0.076319 0.431133 0.453527 2.000000 0.450386 0.462041 2.000000 0.470302 0.469957 2.000000 0.502964 0.482430 2.000000 0.550099 0.498636 2.000000 0.573535 0.498469 2.000000
0 0.310063 0.582858 0.119335 0.091053 0.346126 0.544842 2.000000 0.335230 0.556873 2.000000 0.317675 0.573104 2.000000 0.298909 0.587973 2.000000 0.276511 0.608630 2.000000 0.273686 0.618278 2.000000
0 0.414141 0.613542 0.185564 0.177604 0.465593 0.693162 2.000000 0.452679 0.676023 2.000000 0.430281 0.644697 2.000000 0.405059 0.610533 2.000000 0.374792 0.561160 2.000000 0.362483 0.542091 2.000000
0 0.300000 0.710286 0.093136 0.081048 0.273988 0.676792 2.000000 0.280322 0.684908 2.000000 0.290272 0.697781 2.000000 0.301963 0.713033 2.000000 0.322610 0.736121 2.000000 0.334550 0.741577 2.000000
0 0.409528 0.695665 0.148495 0.044976 0.347196 0.708112 2.000000 0.363660 0.704377 2.000000 0.394995 0.697954 2.000000 0.442528 0.688320 2.000000 0.000000 0.000000 0.000000 0.000000 0.000000 0.000000
0 0.571622 0.677485 0.168204 0.058728 0.496895 0.696195 2.000000 0.518935 0.691863 2.000000 0.557572 0.683872 2.000000 0.597006 0.675731 2.000000 0.621254 0.666803 2.000000 0.636174 0.655716 2.000000
0 0.552598 0.709189 0.149111 0.033705 0.619295 0.699073 2.000000 0.601452 0.702128 2.000000 0.563648 0.705880 2.000000 0.526011 0.708913 2.000000 0.506501 0.715904 2.000000 0.000000 0.000000 0.000000
0 0.564653 0.721548 0.146899 0.040229 0.628651 0.707761 2.000000 0.614327 0.714425 2.000000 0.587293 0.724360 2.000000 0.553151 0.732418 2.000000 0.512440 0.724845 2.000000 0.494130 0.718181 2.000000
0 0.551575 0.725248 0.122495 0.024983 0.608334 0.728965 2.000000 0.592667 0.729488 2.000000 0.000000 0.000000 0.000000 0.000000 0.000000 0.000000 0.000000 0.000000 0.000000 0.000000 0.000000 0.000000
