0 0.298163 0.128377 0.221322 0.118058 0.211592 0.088933 2.000000 0.234274 0.096589 2.000000 0.266029 0.112324 2.000000 0.321222 0.141882 2.000000 0.366965 0.157192 2.000000 0.392293 0.158256 2.000000
0 0.277976 0.212325 0.172066 0.131600 0.221250 0.165386 2.000000 0.231457 0.173466 2.000000 0.249224 0.193242 2.000000 0.279467 0.224714 2.000000 0.304040 0.240662 2.000000 0.329746 0.248105 2.000000
0 0.640278 0.143979 0.249277 0.064056 0.746478 0.131730 2.000000 0.721528 0.133643 2.000000 0.677676 0.136620 2.000000 0.622104 0.141724 2.000000 0.559728 0.148954 2.000000 0.531754 0.156184 2.000000
0 0.572303 0.183146 0.210292 0.047771 0.662571 0.185812 2.000000 0.637856 0.186457 2.000000 0.601682 0.189587 2.000000 0.542266 0.190048 2.000000 0.502656 0.174120 2.000000 0.486615 0.164728 2.000000
0 0.384807 0.513664 0.420200 0.165850 0.211118 0.559235 2.000000 0.263528 0.544893 2.000000 0.347101 0.521388 2.000000 0.457588 0.495493 2.000000 0.513539 0.478761 2.000000 0.548244 0.459240 2.000000
0 0.592839 0.465259 0.122655 0.127764 0.562983 0.519148 2.000000 0.571213 0.505008 2.000000 0.583479 0.480859 2.000000 0.601572 0.448948 2.000000 0.613838 0.431009 2.000000 0.621504 0.414449 2.000000
0 0.263699 0.622120 0.235448 0.086489 0.166276 0.600905 2.000000 0.192507 0.607828 2.000000 0.230985 0.615346 2.000000 0.290637 0.627143 2.000000 0.327920 0.636580 2.000000 0.356348 0.647590 2.000000
0 0.618939 0.694705 0.188048 0.076994 0.687365 0.717553 2.000000 0.668841 0.711812 2.000000 0.637842 0.698203 2.000000 0.600795 0.687358 2.000000 0.565637 0.677151 2.000000 0.549760 0.671622 2.000000
0 0.559325 0.706892 0.156351 0.192713 0.528209 0.792907 2.000000 0.537064 0.769052 2.000000 0.554773 0.729730 2.000000 0.565492 0.690933 2.000000 0.580871 0.651611 2.000000 0.593454 0.625397 2.000000
0 0.373448 0.835306 0.222585 0.068451 0.277134 0.819977 2.000000 0.303751 0.826553 2.000000 0.351511 0.834529 2.000000 0.407480 0.842224 2.000000 0.438325 0.846982 2.000000 0.465439 0.844883 2.000000
0 0.588426 0.812500 0.159260 0.110106 0.525170 0.854567 2.000000 0.542938 0.845423 2.000000 0.574315 0.824371 2.000000 0.610229 0.799917 2.000000 0.621948 0.789072 2.000000 0.625728 0.772486 2.000000
0 0.258047 0.907455 0.233938 0.103681 0.167085 0.877087 2.000000 0.192036 0.888569 2.000000 0.221145 0.899202 2.000000 0.280118 0.910897 2.000000 0.310361 0.927909 2.000000 0.324726 0.946196 2.000000
