0 0.314698 0.298038 0.153515 0.081677 0.257124 0.327897 2.000000 0.269562 0.319082 2.000000 0.296178 0.304530 2.000000 0.326277 0.287460 2.000000 0.345680 0.279624 2.000000 0.370555 0.269830 2.000000
0 0.548026 0.379788 0.153528 0.036958 0.474082 0.389483 2.000000 0.491608 0.385077 2.000000 0.527988 0.380147 2.000000 0.563306 0.374919 2.000000 0.583222 0.374322 2.000000 0.601013 0.374845 2.000000
0 0.418884 0.468864 0.225202 0.068106 0.316929 0.496461 2.000000 0.344754 0.488451 2.000000 0.390912 0.476758 2.000000 0.435924 0.465617 2.000000 0.492558 0.452175 2.000000 0.523821 0.447572 2.000000
0 0.492367 0.478535 0.160833 0.074150 0.424774 0.450886 2.000000 0.439314 0.457974 2.000000 0.478179 0.478169 2.000000 0.517506 0.495899 2.000000 0.542190 0.500709 2.000000 0.564561 0.496504 2.000000
0 0.314354 0.572786 0.146979 0.098697 0.368256 0.531023 2.000000 0.353688 0.541887 2.000000 0.333719 0.557539 2.000000 0.307530 0.574388 2.000000 0.284288 0.591697 2.000000 0.269556 0.603851 2.000000
0 0.296561 0.710306 0.095766 0.079965 0.267195 0.675176 2.000000 0.275379 0.685580 2.000000 0.287655 0.699298 2.000000 0.303859 0.717068 2.000000 0.321306 0.734545 2.000000 0.324579 0.743844 2.000000
0 0.412979 0.611619 0.178044 0.165425 0.470880 0.684863 2.000000 0.453930 0.668065 2.000000 0.427497 0.635376 2.000000 0.386939 0.595537 2.000000 0.368375 0.559784 2.000000 0.369788 0.535722 2.000000
0 0.561692 0.675687 0.164497 0.056875 0.487968 0.694197 2.000000 0.509737 0.689317 2.000000 0.547220 0.680202 2.000000 0.590759 0.670259 2.000000 0.611383 0.662801 2.000000 0.627260 0.655159 2.000000
0 0.403493 0.693359 0.144098 0.043638 0.340493 0.705933 2.000000 0.359018 0.701571 2.000000 0.388637 0.696058 2.000000 0.419440 0.689030 2.000000 0.440226 0.684547 2.000000 0.464460 0.685577 2.000000
0 0.544667 0.705961 0.152296 0.036640 0.000000 0.000000 0.000000 0.597135 0.700401 2.000000 0.573123 0.703352 2.000000 0.536802 0.705281 2.000000 0.502096 0.711524 2.000000 0.479900 0.712999 2.000000
0 0.590788 0.712029 0.135803 0.067786 0.636817 0.683427 2.000000 0.628857 0.691542 2.000000 0.614430 0.703995 2.000000 0.592789 0.720086 2.000000 0.564680 0.730301 2.000000 0.532093 0.731280 2.000000
0 0.553161 0.726603 0.122886 0.018942 0.611721 0.724368 2.000000 0.596850 0.724667 2.000000 0.568968 0.725265 2.000000 0.530331 0.728252 2.000000 0.498332 0.724891 2.000000 0.481341 0.718098 2.000000
