0 0.232428 0.307291 0.087500 0.127989 0.253749 0.365099 2.000000 0.248842 0.347504 2.000000 0.243936 0.321113 2.000000 0.231167 0.284972 2.000000 0.208057 0.265225 2.000000 0.205297 0.250908 2.000000
0 0.280523 0.247812 0.184830 0.107312 0.216242 0.291112 2.000000 0.695220 0.709631 2.000000 0.251661 0.265422 2.000000 0.295934 0.232916 2.000000 0.321100 0.220595 2.000000 0.344401 0.214041 2.000000
0 0.478724 0.173959 0.193535 0.098475 0.405694 0.209713 2.000000 0.427132 0.197916 2.000000 0.459288 0.184809 2.000000 0.519406 0.160954 2.000000 0.539446 0.144963 2.000000 0.542708 0.126613 2.000000
0 0.585654 0.101317 0.153624 0.095283 0.530012 0.065880 2.000000 0.545434 0.073576 2.000000 0.567324 0.087283 2.000000 0.596657 0.108754 2.000000 0.616826 0.120870 2.000000 0.637132 0.133042 2.000000
0 0.644466 0.104037 0.172107 0.127865 0.706001 0.052912 2.000000 0.688234 0.062907 2.000000 0.667820 0.079493 2.000000 0.636821 0.107987 2.000000 0.609224 0.129677 2.000000 0.596888 0.145200 2.000000
0 0.579312 0.130304 0.133185 0.082691 0.626858 0.100611 2.000000 0.613365 0.107511 2.000000 0.000000 0.000000 0.000000 0.583006 0.126140 2.000000 0.549888 0.149771 2.000000 0.528728 0.163226 2.000000
0 0.403348 0.495289 0.338254 0.195645 0.277308 0.567797 2.000000 0.310396 0.546563 2.000000 0.367718 0.515106 2.000000 0.440420 0.473163 2.000000 0.488421 0.445638 2.000000 0.511723 0.423094 2.000000
0 0.301609 0.730460 0.099151 0.120297 0.279984 0.678864 2.000000 0.282437 0.692318 2.000000 0.288877 0.713363 2.000000 0.302983 0.739409 2.000000 0.313103 0.764075 2.000000 0.332729 0.777530 2.000000
0 0.432428 0.710417 0.068055 0.107291 0.424049 0.657184 2.000000 0.428286 0.671031 2.000000 0.437239 0.691210 2.000000 0.449221 0.729415 2.000000 0.443420 0.742878 2.000000 0.428690 0.752752 2.000000
0 0.566322 0.667338 0.156749 0.178763 0.528522 0.744686 2.000000 0.539265 0.722415 2.000000 0.554178 0.689909 2.000000 0.571421 0.644296 2.000000 0.581674 0.622014 2.000000 0.602179 0.597634 2.000000
0 0.611785 0.797123 0.122546 0.092428 0.650947 0.834411 2.000000 0.639296 0.822877 2.000000 0.625781 0.807410 2.000000 0.603877 0.781458 2.000000 0.583372 0.767827 2.000000 0.558206 0.761011 2.000000
0 0.645231 0.741444 0.162819 0.092211 0.000000 0.000000 0.000000 0.603877 0.767302 2.000000 0.630441 0.753671 2.000000 0.677044 0.732437 2.000000 0.685433 0.722738 2.000000 0.000000 0.000000 0.000000
