0 0.267825 0.090166 0.230039 0.073519 0.168152 0.070374 2.000000 0.194993 0.075478 2.000000 0.237333 0.087386 2.000000 0.276271 0.097806 2.000000 0.338300 0.107065 2.000000 0.367377 0.106311 2.000000
0 0.275289 0.148540 0.233966 0.052999 0.166906 0.152789 2.000000 0.188832 0.150237 2.000000 0.237599 0.148961 2.000000 0.302621 0.148961 2.000000 0.338912 0.146622 2.000000 0.357058 0.143858 2.000000
0 0.527921 0.091407 0.130713 0.127983 0.505873 0.144577 2.000000 0.505873 0.128629 2.000000 0.505495 0.094180 2.000000 0.514946 0.062496 2.000000 0.552750 0.043783 2.000000 0.583748 0.043996 2.000000
0 0.619676 0.066355 0.258251 0.067290 0.736498 0.052577 2.000000 0.709280 0.053853 2.000000 0.658245 0.058319 2.000000 0.600027 0.067250 2.000000 0.547102 0.075118 2.000000 0.525176 0.077032 2.000000
0 0.662179 0.305079 0.130715 0.124929 0.629386 0.357539 2.000000 0.640104 0.343907 2.000000 0.657814 0.317955 2.000000 0.673659 0.288333 2.000000 0.681581 0.267624 2.000000 0.684844 0.252944 2.000000
0 0.393005 0.451898 0.420330 0.171505 0.224622 0.510890 2.000000 0.271692 0.491491 2.000000 0.338800 0.469209 2.000000 0.443658 0.434606 2.000000 0.501912 0.415731 2.000000 0.555040 0.398692 2.000000
0 0.342730 0.561712 0.232845 0.061763 0.235044 0.550954 2.000000 0.260803 0.554059 2.000000 0.309561 0.557854 2.000000 0.358932 0.561821 2.000000 0.406770 0.568204 2.000000 0.441115 0.571481 2.000000
0 0.458715 0.614251 0.230972 0.034995 0.564612 0.614172 2.000000 0.538150 0.612896 2.000000 0.488627 0.611195 2.000000 0.429276 0.610982 2.000000 0.388826 0.615661 2.000000 0.361985 0.616086 2.000000
0 0.556852 0.645671 0.176395 0.197002 0.517947 0.733074 2.000000 0.530800 0.709683 2.000000 0.549324 0.666942 2.000000 0.566713 0.621436 2.000000 0.578432 0.588476 2.000000 0.589774 0.565297 2.000000
0 0.413664 0.765330 0.187609 0.074547 0.341923 0.786578 2.000000 0.360068 0.781687 2.000000 0.396360 0.773181 2.000000 0.440968 0.764250 2.000000 0.470833 0.749365 2.000000 0.479150 0.730865 2.000000
0 0.594053 0.745004 0.186586 0.113297 0.533125 0.779896 2.000000 0.548399 0.770002 2.000000 0.576020 0.748888 2.000000 0.615682 0.726578 2.000000 0.638346 0.711439 2.000000 0.651095 0.700683 2.000000
0 0.355528 0.862648 0.218858 0.112359 0.275353 0.849218 2.000000 0.293446 0.860947 2.000000 0.326871 0.876817 2.000000 0.375322 0.890961 2.000000 0.413961 0.881129 2.000000 0.432667 0.861465 2.000000
