0 0.381367 0.287992 0.138103 0.085995 0.334337 0.319190 2.000000 0.348013 0.309257 2.000000 0.369655 0.293050 2.000000 0.390102 0.281175 2.000000 0.415197 0.267807 2.000000 0.435113 0.259666 2.000000
0 0.355633 0.396485 0.042130 0.085677 0.352816 0.437383 2.000000 0.351807 0.427736 2.000000 0.349385 0.406965 2.000000 0.347368 0.383016 2.000000 0.349587 0.368034 2.000000 0.361694 0.354413 2.000000
0 0.410853 0.426007 0.093107 0.079257 0.378939 0.391666 2.000000 0.387447 0.398088 2.000000 0.408634 0.418864 2.000000 0.428436 0.439824 2.000000 0.429652 0.450483 2.000000 0.436028 0.458446 2.000000
0 0.584647 0.429440 0.054272 0.089558 0.600358 0.387641 2.000000 0.595919 0.397856 2.000000 0.589058 0.413747 2.000000 0.580583 0.431453 2.000000 0.572916 0.455402 2.000000 0.570292 0.469136 2.000000
0 0.557987 0.435971 0.083099 0.080500 0.586074 0.473525 2.000000 0.578101 0.460760 2.000000 0.563995 0.448341 2.000000 0.546209 0.429884 2.000000 0.537009 0.414187 2.000000 0.546822 0.401940 2.000000
0 0.304540 0.537880 0.136055 0.172262 0.271213 0.615456 2.000000 0.277346 0.593721 2.000000 0.293599 0.558188 2.000000 0.310465 0.516100 2.000000 0.315371 0.482981 2.000000 0.318744 0.463662 2.000000
0 0.465886 0.604880 0.128105 0.132530 0.435348 0.661958 2.000000 0.443737 0.647540 2.000000 0.462378 0.617918 2.000000 0.476359 0.587510 2.000000 0.483816 0.565752 2.000000 0.485680 0.549761 2.000000
0 0.231018 0.626432 0.065775 0.094531 0.211198 0.584106 2.000000 0.216927 0.594786 2.000000 0.226421 0.616331 2.000000 0.239024 0.639256 2.000000 0.237466 0.656558 2.000000 0.244129 0.666334 2.000000
0 0.429847 0.706917 0.114820 0.023731 0.374186 0.709891 2.000000 0.393664 0.708694 2.000000 0.422144 0.707221 2.000000 0.000000 0.000000 0.000000 0.000000 0.000000 0.000000 0.000000 0.000000 0.000000
0 0.513159 0.705283 0.147755 0.040605 0.576872 0.717820 2.000000 0.561470 0.715654 2.000000 0.532658 0.709530 2.000000 0.500792 0.701165 2.000000 0.478752 0.698775 2.000000 0.453392 0.699671 2.000000
0 0.505556 0.745834 0.156481 0.032563 0.575139 0.755343 2.000000 0.558122 0.753465 2.000000 0.532380 0.749952 2.000000 0.496838 0.744923 2.000000 0.463127 0.742197 2.000000 0.438571 0.738925 2.000000
0 0.355438 0.753675 0.132335 0.085759 0.309350 0.786093 2.000000 0.320852 0.780078 2.000000 0.347285 0.763847 2.000000 0.373920 0.746595 2.000000 0.385623 0.729910 2.000000 0.389054 0.716517 2.000000
