0 0.276892 0.198096 0.219518 0.033356 0.177314 0.201463 2.000000 0.203073 0.198876 2.000000 0.257044 0.198703 2.000000 0.306722 0.199565 2.000000 0.347507 0.197496 2.000000 0.380319 0.193873 2.000000
0 0.375088 0.130375 0.168060 0.090729 0.310095 0.163342 2.000000 0.325734 0.154372 2.000000 0.357933 0.138675 2.000000 0.411904 0.116251 2.000000 0.427544 0.096587 2.000000 0.437970 0.082615 2.000000
0 0.533776 0.108498 0.184583 0.130674 0.469364 0.159793 2.000000 0.487662 0.144657 2.000000 0.518876 0.121650 2.000000 0.559778 0.091378 2.000000 0.584534 0.070187 2.000000 0.602832 0.052629 2.000000
0 0.632013 0.090896 0.214324 0.082792 0.728004 0.064784 2.000000 0.701906 0.069503 2.000000 0.652972 0.081299 2.000000 0.609165 0.093620 2.000000 0.562562 0.106465 2.000000 0.542989 0.120621 2.000000
0 0.651069 0.107683 0.139565 0.120455 0.683631 0.161357 2.000000 0.674956 0.142823 2.000000 0.660391 0.114686 2.000000 0.633381 0.078402 2.000000 0.613576 0.066249 2.000000 0.582477 0.058607 2.000000
0 0.404540 0.467317 0.390023 0.199661 0.249373 0.535349 2.000000 0.289445 0.515573 2.000000 0.354467 0.490906 2.000000 0.439525 0.455395 2.000000 0.508328 0.429239 2.000000 0.543107 0.405423 2.000000
0 0.290941 0.696849 0.110713 0.112032 0.316476 0.647763 2.000000 0.303326 0.664245 2.000000 0.286460 0.685806 2.000000 0.270208 0.714958 2.000000 0.279407 0.740314 2.000000 0.307006 0.752389 2.000000
0 0.399145 0.626302 0.070228 0.119270 0.391064 0.573255 2.000000 0.397034 0.588367 2.000000 0.397283 0.614253 2.000000 0.397283 0.639998 2.000000 0.396537 0.666304 2.000000 0.399024 0.680016 2.000000
0 0.431321 0.718099 0.054024 0.117448 0.433092 0.766238 2.000000 0.431848 0.752805 2.000000 0.432345 0.730418 2.000000 0.431848 0.701314 2.000000 0.431599 0.681305 2.000000 0.424385 0.664514 2.000000
0 0.557117 0.668821 0.157348 0.187462 0.517948 0.753408 2.000000 0.530587 0.730787 2.000000 0.548972 0.687160 2.000000 0.571952 0.636100 2.000000 0.581719 0.615740 2.000000 0.597805 0.584393 2.000000
0 0.625432 0.741280 0.177220 0.093638 0.559040 0.777113 2.000000 0.575818 0.768725 2.000000 0.605644 0.751685 2.000000 0.643859 0.731238 2.000000 0.671354 0.721277 2.000000 0.690462 0.710529 2.000000
0 0.606080 0.853333 0.209422 0.082804 0.518874 0.880173 2.000000 0.544580 0.871880 2.000000 0.588054 0.858058 2.000000 0.637577 0.845300 2.000000 0.666308 0.833604 2.000000 0.686722 0.829564 2.000000
