0 0.310185 0.297396 0.170794 0.050692 0.233501 0.307749 2.000000 0.253143 0.303145 2.000000 0.282932 0.297345 2.000000 0.318778 0.292281 2.000000 0.350205 0.288230 2.000000 0.379013 0.286665 2.000000
0 0.562782 0.357075 0.130559 0.046541 0.501931 0.360503 2.000000 0.519343 0.355746 2.000000 0.548696 0.349729 2.000000 0.586506 0.343852 2.000000 0.607899 0.351548 2.000000 0.613123 0.365400 2.000000
0 0.479899 0.450041 0.214277 0.093607 0.390121 0.481919 2.000000 0.418169 0.472953 2.000000 0.458525 0.459900 2.000000 0.509374 0.445031 2.000000 0.545694 0.424941 2.000000 0.545291 0.407575 2.000000
0 0.549674 0.476085 0.144495 0.079842 0.493899 0.447157 2.000000 0.510814 0.454573 2.000000 0.533948 0.465907 2.000000 0.561808 0.477660 2.000000 0.578972 0.486335 2.000000 0.592404 0.500747 2.000000
0 0.376272 0.592205 0.190050 0.180244 0.425998 0.673782 2.000000 0.410666 0.653946 2.000000 0.391960 0.622725 2.000000 0.364361 0.578049 2.000000 0.345655 0.537513 2.000000 0.332619 0.518289 2.000000
0 0.333074 0.749853 0.131173 0.071698 0.286376 0.726200 2.000000 0.296667 0.734145 2.000000 0.314020 0.748673 2.000000 0.333670 0.763585 2.000000 0.354739 0.768478 2.000000 0.379275 0.760381 2.000000
0 0.385880 0.684505 0.152773 0.067683 0.320616 0.662676 2.000000 0.342009 0.670092 2.000000 0.370366 0.681566 2.000000 0.401958 0.692900 2.000000 0.432554 0.701155 2.000000 0.465887 0.698636 2.000000
0 0.409996 0.694792 0.132958 0.054926 0.352515 0.713108 2.000000 0.368456 0.707887 2.000000 0.392266 0.701190 2.000000 0.421121 0.692904 2.000000 0.447352 0.683484 2.000000 0.461477 0.675879 2.000000
0 0.500167 0.699542 0.068389 0.067929 0.000000 0.000000 0.000000 0.000000 0.000000 0.000000 0.000000 0.000000 0.000000 0.495814 0.703160 2.000000 0.482381 0.680912 2.000000 0.489097 0.668739 2.000000
0 0.553936 0.706641 0.110221 0.034115 0.000000 0.000000 0.000000 0.578067 0.702125 2.000000 0.556897 0.705315 2.000000 0.514935 0.711907 2.000000 0.000000 0.000000 0.000000 0.000000 0.000000 0.000000
0 0.522937 0.728779 0.151898 0.090370 0.580096 0.766523 2.000000 0.565990 0.758071 2.000000 0.536858 0.740649 2.000000 0.504046 0.717880 2.000000 0.488100 0.707186 2.000000 0.470621 0.700458 2.000000
0 0.615367 0.683814 0.118340 0.096005 0.576245 0.724190 2.000000 0.589587 0.713315 2.000000 0.606751 0.694985 2.000000 0.631875 0.671478 2.000000 0.641576 0.657486 2.000000 0.643815 0.642374 2.000000
