0 0.259505 0.107407 0.177693 0.093232 0.193079 0.076902 2.000000 0.217244 0.083549 2.000000 0.250039 0.094602 2.000000 0.288012 0.109166 2.000000 0.309920 0.129181 2.000000 0.308194 0.144940 2.000000
0 0.603355 0.159362 0.108562 0.097393 0.631782 0.120151 2.000000 0.622298 0.129799 2.000000 0.604339 0.151137 2.000000 0.590416 0.168503 2.000000 0.578611 0.182649 2.000000 0.573248 0.197790 2.000000
0 0.253348 0.302498 0.123792 0.100212 0.219694 0.264107 2.000000 0.229386 0.273666 2.000000 0.245850 0.291591 2.000000 0.269351 0.311980 2.000000 0.280045 0.329629 2.000000 0.277124 0.341130 2.000000
0 0.411574 0.238932 0.150090 0.092340 0.357152 0.272215 2.000000 0.372689 0.263135 2.000000 0.397508 0.249401 2.000000 0.436855 0.226361 2.000000 0.454205 0.211378 2.000000 0.451384 0.196737 2.000000
0 0.608565 0.274219 0.043056 0.081250 0.614546 0.236396 2.000000 0.611148 0.244484 2.000000 0.605478 0.261496 2.000000 0.602832 0.285312 2.000000 0.602454 0.298284 2.000000 0.607746 0.305939 2.000000
0 0.448894 0.346436 0.043149 0.098795 0.459111 0.301689 2.000000 0.455681 0.312585 2.000000 0.451242 0.330632 2.000000 0.439942 0.354921 2.000000 0.439538 0.374217 2.000000 0.453461 0.389880 2.000000
0 0.344905 0.541276 0.228697 0.194956 0.269760 0.623437 2.000000 0.287920 0.602439 2.000000 0.314757 0.574063 2.000000 0.354911 0.533316 2.000000 0.393855 0.487802 2.000000 0.406366 0.460334 2.000000
0 0.529629 0.634375 0.167223 0.150520 0.484892 0.698154 2.000000 0.495586 0.680335 2.000000 0.513141 0.653662 2.000000 0.533925 0.615298 2.000000 0.549260 0.592030 2.000000 0.567622 0.574891 2.000000
0 0.321770 0.736250 0.144685 0.093646 0.272288 0.700750 2.000000 0.284564 0.711891 2.000000 0.304042 0.728003 2.000000 0.325484 0.745128 2.000000 0.346599 0.758478 2.000000 0.367059 0.767133 2.000000
0 0.484615 0.728777 0.167224 0.038464 0.403668 0.719618 2.000000 0.425101 0.722647 2.000000 0.458705 0.726463 2.000000 0.502432 0.731795 2.000000 0.532050 0.734279 2.000000 0.558869 0.735430 2.000000
0 0.609377 0.695209 0.077541 0.091099 0.588009 0.735055 2.000000 0.593659 0.726542 2.000000 0.602941 0.709971 2.000000 0.613030 0.691016 2.000000 0.621101 0.672288 2.000000 0.619487 0.660030 2.000000
0 0.566435 0.771224 0.149537 0.073128 0.622734 0.799558 2.000000 0.608925 0.792090 2.000000 0.583034 0.777377 2.000000 0.558737 0.760423 2.000000 0.527800 0.750266 2.000000 0.501982 0.751363 2.000000
