0 0.355089 0.320586 0.069881 0.100674 0.371559 0.364148 2.000000 0.366833 0.352675 2.000000 0.359121 0.330287 2.000000 0.352405 0.309299 2.000000 0.346933 0.290969 2.000000 0.340216 0.277397 2.000000
0 0.448604 0.440982 0.081915 0.095640 0.427420 0.399408 2.000000 0.430474 0.409939 2.000000 0.437644 0.426519 2.000000 0.452249 0.444294 2.000000 0.468936 0.469750 2.000000 0.454910 0.481348 2.000000
0 0.577354 0.391194 0.136935 0.079354 0.527910 0.419401 2.000000 0.539411 0.411342 2.000000 0.565441 0.397382 2.000000 0.595305 0.379335 2.000000 0.611245 0.366736 2.000000 0.615281 0.354705 2.000000
0 0.602854 0.452208 0.133548 0.090896 0.647145 0.417599 2.000000 0.636047 0.425771 2.000000 0.617685 0.438710 2.000000 0.598314 0.454487 2.000000 0.577355 0.470605 2.000000 0.562047 0.481206 2.000000
0 0.616729 0.537589 0.086415 0.090134 0.589607 0.500074 2.000000 0.596378 0.510605 2.000000 0.605009 0.524646 2.000000 0.618552 0.541301 2.000000 0.628117 0.559538 2.000000 0.635381 0.573385 2.000000
0 0.499076 0.572526 0.152348 0.127064 0.553441 0.623597 2.000000 0.541940 0.611793 2.000000 0.523376 0.593405 2.000000 0.498153 0.564235 2.000000 0.470711 0.539719 2.000000 0.447506 0.524510 2.000000
0 0.421064 0.581116 0.240573 0.174276 0.506199 0.654945 2.000000 0.480492 0.636870 2.000000 0.447225 0.611140 2.000000 0.405263 0.576479 2.000000 0.371996 0.544369 2.000000 0.353850 0.524381 2.000000
0 0.571298 0.694010 0.143868 0.032557 0.635774 0.685600 2.000000 0.618623 0.687643 2.000000 0.587548 0.689573 2.000000 0.549412 0.692524 2.000000 0.522575 0.699334 2.000000 0.509257 0.702626 2.000000
0 0.543369 0.715974 0.148348 0.053497 0.605702 0.697024 2.000000 0.589762 0.701810 2.000000 0.557990 0.709322 2.000000 0.527725 0.714532 2.000000 0.501472 0.726139 2.000000 0.489257 0.734056 2.000000
0 0.392180 0.683033 0.149401 0.035992 0.325817 0.670844 2.000000 0.344179 0.674703 2.000000 0.375253 0.679470 2.000000 0.410968 0.686848 2.000000 0.437805 0.692863 2.000000 0.460405 0.691615 2.000000
0 0.476846 0.691920 0.137476 0.063784 0.416433 0.718287 2.000000 0.430558 0.711250 2.000000 0.461431 0.698538 2.000000 0.496339 0.683102 2.000000 0.511270 0.675837 2.000000 0.526808 0.666303 2.000000
0 0.326056 0.710956 0.153869 0.053996 0.262804 0.729702 2.000000 0.276696 0.724296 2.000000 0.307552 0.715101 2.000000 0.352174 0.703127 2.000000 0.376985 0.696986 2.000000 0.376985 0.690776 2.000000
