0 0.283473 0.245421 0.187654 0.103427 0.211345 0.285829 2.000000 0.226768 0.275755 2.000000 0.259603 0.257985 2.000000 0.298160 0.237556 2.000000 0.325273 0.221745 2.000000 0.341940 0.209991 2.000000
0 0.492443 0.163551 0.194871 0.107310 0.410188 0.204105 2.000000 0.430975 0.192504 2.000000 0.466166 0.175563 2.000000 0.519526 0.153834 2.000000 0.541132 0.140760 2.000000 0.554226 0.127686 2.000000
0 0.655688 0.091948 0.143858 0.108293 0.705875 0.047673 2.000000 0.692689 0.059748 2.000000 0.673370 0.076480 2.000000 0.650984 0.093902 2.000000 0.620319 0.118568 2.000000 0.599466 0.133575 2.000000
0 0.607514 0.106804 0.192038 0.101007 0.534856 0.070493 2.000000 0.552815 0.078211 2.000000 0.575837 0.089902 2.000000 0.607993 0.106417 2.000000 0.634390 0.122426 2.000000 0.652504 0.137112 2.000000
0 0.597707 0.115625 0.131651 0.082616 0.646141 0.084340 2.000000 0.631210 0.093874 2.000000 0.000000 0.000000 0.000000 0.583022 0.127092 2.000000 0.554331 0.143701 2.000000 0.000000 0.000000 0.000000
0 0.263533 0.362677 0.091957 0.126719 0.279017 0.421082 2.000000 0.276778 0.406390 2.000000 0.273047 0.379525 2.000000 0.261107 0.346224 2.000000 0.247923 0.327194 2.000000 0.249664 0.309704 2.000000
0 0.411372 0.488600 0.349984 0.203243 0.273962 0.561776 2.000000 0.307516 0.542115 2.000000 0.362042 0.511706 2.000000 0.431015 0.476055 2.000000 0.488524 0.442637 2.000000 0.513000 0.418111 2.000000
0 0.308136 0.729595 0.105275 0.135966 0.284223 0.674858 2.000000 0.286676 0.691072 2.000000 0.292503 0.712634 2.000000 0.302009 0.740232 2.000000 0.310595 0.759897 2.000000 0.325315 0.778008 2.000000
0 0.435694 0.699766 0.094673 0.118305 0.415779 0.650061 2.000000 0.420824 0.665951 2.000000 0.430711 0.686495 2.000000 0.449073 0.716800 2.000000 0.452100 0.733257 2.000000 0.450889 0.749715 2.000000
0 0.564443 0.670113 0.140138 0.180236 0.527469 0.747341 2.000000 0.540051 0.724534 2.000000 0.556363 0.688883 2.000000 0.570344 0.650348 2.000000 0.584325 0.616793 2.000000 0.602966 0.596084 2.000000
0 0.611895 0.793478 0.129924 0.108311 0.652964 0.838689 2.000000 0.643513 0.828695 2.000000 0.627257 0.805091 2.000000 0.605709 0.777022 2.000000 0.588698 0.766602 2.000000 0.567149 0.760435 2.000000
0 0.651746 0.743895 0.153494 0.087944 0.000000 0.000000 0.000000 0.000000 0.000000 0.000000 0.619092 0.760858 2.000000 0.659542 0.742145 2.000000 0.683358 0.726835 2.000000 0.700370 0.715990 2.000000
