0 0.288319 0.221121 0.206266 0.067257 0.199319 0.240455 2.000000 0.221092 0.234418 2.000000 0.260037 0.227518 2.000000 0.323514 0.218031 2.000000 0.352646 0.206474 2.000000 0.359086 0.191467 2.000000
0 0.486557 0.098306 0.194945 0.098696 0.411566 0.135478 2.000000 0.428162 0.124499 2.000000 0.456600 0.108227 2.000000 0.498562 0.089302 2.000000 0.539012 0.074842 2.000000 0.554889 0.062083 2.000000
0 0.637060 0.104625 0.208955 0.115229 0.720669 0.058734 2.000000 0.699877 0.066601 2.000000 0.666610 0.084464 2.000000 0.627294 0.102751 2.000000 0.593649 0.120401 2.000000 0.574748 0.138050 2.000000
0 0.621430 0.086558 0.190474 0.042383 0.694963 0.097435 2.000000 0.000000 0.000000 0.000000 0.638258 0.081699 2.000000 0.583064 0.073831 2.000000 0.539590 0.085102 2.000000 0.531651 0.099349 2.000000
0 0.513132 0.138856 0.199308 0.112911 0.434874 0.184832 2.000000 0.453776 0.172073 2.000000 0.490067 0.152085 2.000000 0.538456 0.126780 2.000000 0.564541 0.109343 2.000000 0.584198 0.091481 2.000000
0 0.408762 0.476144 0.381463 0.184059 0.266280 0.546347 2.000000 0.306352 0.524657 2.000000 0.370240 0.494249 2.000000 0.449627 0.456611 2.000000 0.505577 0.432369 2.000000 0.556611 0.415996 2.000000
0 0.302118 0.717074 0.069115 0.135644 0.298783 0.656155 2.000000 0.297060 0.672960 2.000000 0.294187 0.702044 2.000000 0.293612 0.738885 2.000000 0.301081 0.757306 2.000000 0.308785 0.776758 2.000000
0 0.377750 0.644888 0.112960 0.119984 0.403872 0.697749 2.000000 0.398239 0.684128 2.000000 0.388991 0.663074 2.000000 0.365349 0.628787 2.000000 0.362538 0.610795 2.000000 0.361540 0.593890 2.000000
0 0.416081 0.676127 0.072336 0.126852 0.405851 0.617655 2.000000 0.407998 0.636629 2.000000 0.410145 0.658708 2.000000 0.000000 0.000000 0.000000 0.417811 0.705454 2.000000 0.424557 0.723910 2.000000
0 0.558602 0.676128 0.178776 0.190346 0.516280 0.759852 2.000000 0.529511 0.736248 2.000000 0.549925 0.694144 2.000000 0.565046 0.652253 2.000000 0.583192 0.620357 2.000000 0.604362 0.596966 2.000000
0 0.636172 0.745656 0.171969 0.100997 0.578530 0.781266 2.000000 0.593556 0.771952 2.000000 0.620234 0.757462 2.000000 0.657953 0.739005 2.000000 0.680645 0.726068 2.000000 0.687698 0.706922 2.000000
0 0.641491 0.816352 0.147846 0.105839 0.591465 0.858888 2.000000 0.604651 0.850609 2.000000 0.631615 0.831289 2.000000 0.660484 0.813617 2.000000 0.672728 0.794031 2.000000 0.678248 0.776609 2.000000
