0 0.334734 0.294200 0.172841 0.055001 0.256296 0.311743 2.000000 0.273851 0.306522 2.000000 0.305934 0.297668 2.000000 0.343062 0.288815 2.000000 0.369294 0.284275 2.000000 0.394718 0.279508 2.000000
0 0.557842 0.362395 0.161808 0.043849 0.488112 0.372991 2.000000 0.508351 0.369541 2.000000 0.538710 0.362987 2.000000 0.572442 0.354879 2.000000 0.600347 0.354879 2.000000 0.624266 0.353844 2.000000
0 0.469950 0.459323 0.252889 0.065259 0.354583 0.478904 2.000000 0.383692 0.472737 2.000000 0.436995 0.465720 2.000000 0.482738 0.459553 2.000000 0.539821 0.449984 2.000000 0.570442 0.440628 2.000000
0 0.541544 0.470824 0.178663 0.078941 0.466599 0.442053 2.000000 0.487494 0.449189 2.000000 0.519583 0.461082 2.000000 0.548936 0.471996 2.000000 0.587244 0.486968 2.000000 0.611372 0.495923 2.000000
0 0.352870 0.657100 0.161690 0.093612 0.289598 0.621531 2.000000 0.307077 0.630845 2.000000 0.334982 0.646197 2.000000 0.367181 0.664481 2.000000 0.390180 0.679488 2.000000 0.402140 0.692425 2.000000
0 0.620911 0.679145 0.160842 0.081859 0.560983 0.705747 2.000000 0.581606 0.698657 2.000000 0.620562 0.684847 2.000000 0.652807 0.672049 2.000000 0.665083 0.660172 2.000000 0.662464 0.647006 2.000000
0 0.337230 0.740994 0.089613 0.082540 0.312680 0.705470 2.000000 0.319063 0.714125 2.000000 0.328393 0.726186 2.000000 0.339196 0.743219 2.000000 0.352421 0.762616 2.000000 0.354849 0.776950 2.000000
0 0.419820 0.695175 0.137521 0.052851 0.357538 0.711756 2.000000 0.373635 0.707423 2.000000 0.398411 0.701045 2.000000 0.430409 0.694920 2.000000 0.452317 0.687303 2.000000 0.000000 0.000000 0.000000
0 0.411608 0.606144 0.178611 0.176873 0.459322 0.684625 2.000000 0.447056 0.668929 2.000000 0.427430 0.639605 2.000000 0.394311 0.595791 2.000000 0.374685 0.554566 2.000000 0.368859 0.530244 2.000000
0 0.574502 0.707426 0.124219 0.034981 0.626567 0.696685 2.000000 0.605124 0.701012 2.000000 0.000000 0.000000 0.000000 0.545545 0.708102 2.000000 0.519683 0.712705 2.000000 0.000000 0.000000 0.000000
0 0.531802 0.721094 0.150464 0.076253 0.594312 0.748991 2.000000 0.573344 0.740932 2.000000 0.546872 0.731988 2.000000 0.517342 0.720390 2.000000 0.488424 0.704664 2.000000 0.484055 0.691395 2.000000
0 0.524857 0.712630 0.103263 0.059115 0.000000 0.000000 0.000000 0.000000 0.000000 0.000000 0.000000 0.000000 0.000000 0.000000 0.000000 0.000000 0.500736 0.704728 2.000000 0.492867 0.686000 2.000000
