0 0.251997 0.135903 0.120080 0.109590 0.221140 0.089570 2.000000 0.227607 0.101883 2.000000 0.237060 0.119933 2.000000 0.251985 0.141621 2.000000 0.269397 0.167087 2.000000 0.269397 0.184717 2.000000
0 0.413890 0.231399 0.124269 0.096383 0.365586 0.268903 2.000000 0.379711 0.256872 2.000000 0.402109 0.241549 2.000000 0.430761 0.224297 2.000000 0.449452 0.206696 2.000000 0.455441 0.192031 2.000000
0 0.589113 0.183178 0.065307 0.096144 0.605275 0.137672 2.000000 0.602042 0.148166 2.000000 0.591097 0.168455 2.000000 0.576420 0.199518 2.000000 0.576172 0.211971 2.000000 0.583137 0.225963 2.000000
0 0.575654 0.390999 0.056138 0.082657 0.565392 0.350718 2.000000 0.565392 0.359393 2.000000 0.565392 0.377443 2.000000 0.568377 0.400390 2.000000 0.576834 0.418300 2.000000 0.591759 0.425576 2.000000
0 0.433943 0.401608 0.070675 0.091576 0.454398 0.359562 2.000000 0.449423 0.369776 2.000000 0.443790 0.385572 2.000000 0.437265 0.405757 2.000000 0.429229 0.425042 2.000000 0.409972 0.433142 2.000000
0 0.266743 0.394841 0.114298 0.106129 0.232710 0.348620 2.000000 0.240683 0.360004 2.000000 0.257549 0.381048 2.000000 0.274109 0.402955 2.000000 0.282388 0.413994 2.000000 0.284228 0.427966 2.000000
0 0.336439 0.547477 0.220640 0.195775 0.268753 0.631934 2.000000 0.283483 0.611958 2.000000 0.313347 0.578929 2.000000 0.348659 0.529556 2.000000 0.380338 0.495391 2.000000 0.397801 0.474053 2.000000
0 0.526236 0.621768 0.144184 0.146221 0.485758 0.685406 2.000000 0.496798 0.668847 2.000000 0.513357 0.640040 2.000000 0.533596 0.597952 2.000000 0.551996 0.577770 2.000000 0.565182 0.563971 2.000000
0 0.599245 0.689688 0.057992 0.080702 0.592799 0.727158 2.000000 0.595454 0.719316 2.000000 0.603952 0.701765 2.000000 0.610192 0.676298 2.000000 0.599570 0.660240 2.000000 0.589561 0.654173 2.000000
0 0.483796 0.715885 0.159751 0.029019 0.412095 0.715177 2.000000 0.432144 0.715476 2.000000 0.461354 0.715775 2.000000 0.508754 0.718538 2.000000 0.539558 0.718239 2.000000 0.559208 0.710472 2.000000
0 0.357834 0.746714 0.171080 0.082092 0.292761 0.717822 2.000000 0.307504 0.727604 2.000000 0.332077 0.740788 2.000000 0.368368 0.756949 2.000000 0.398611 0.765668 2.000000 0.424696 0.765030 2.000000
0 0.576428 0.761466 0.164984 0.064568 0.641138 0.781844 2.000000 0.623987 0.776963 2.000000 0.594930 0.767997 2.000000 0.554574 0.754376 2.000000 0.523096 0.747907 2.000000 0.505339 0.746658 2.000000
