0 0.350232 0.306250 0.162405 0.028824 0.272731 0.309392 2.000000 0.292880 0.307713 2.000000 0.325466 0.306453 2.000000 0.365266 0.305194 2.000000 0.391136 0.304354 2.000000 0.418499 0.299597 2.000000
0 0.604498 0.519716 0.047486 0.095804 0.595051 0.474285 2.000000 0.598425 0.485152 2.000000 0.603331 0.503781 2.000000 0.607318 0.528965 2.000000 0.612224 0.552597 2.000000 0.621424 0.564844 2.000000
0 0.618370 0.371852 0.099456 0.086288 0.585912 0.333663 2.000000 0.596645 0.341943 2.000000 0.608911 0.354017 2.000000 0.621484 0.369197 2.000000 0.637737 0.390413 2.000000 0.650616 0.403005 2.000000
0 0.544866 0.435374 0.163972 0.127656 0.491319 0.488119 2.000000 0.506244 0.474407 2.000000 0.537338 0.448661 2.000000 0.567934 0.424595 2.000000 0.583605 0.398709 2.000000 0.582113 0.380099 2.000000
0 0.405120 0.583913 0.160129 0.176282 0.448292 0.661919 2.000000 0.436026 0.643807 2.000000 0.415480 0.610861 2.000000 0.398614 0.581020 2.000000 0.371015 0.525995 2.000000 0.360895 0.503226 2.000000
0 0.349425 0.744868 0.129056 0.044639 0.292998 0.734684 2.000000 0.305570 0.737271 2.000000 0.331636 0.743136 2.000000 0.367821 0.751071 2.000000 0.391127 0.751933 2.000000 0.404926 0.745723 2.000000
0 0.482886 0.700910 0.177678 0.035597 0.398341 0.694291 2.000000 0.420728 0.695550 2.000000 0.457046 0.698208 2.000000 0.498090 0.701427 2.000000 0.532417 0.704365 2.000000 0.560278 0.707443 2.000000
0 0.454330 0.692086 0.128136 0.061499 0.401077 0.714579 2.000000 0.415504 0.709402 2.000000 0.432917 0.703945 2.000000 0.000000 0.000000 0.000000 0.493115 0.677360 2.000000 0.500329 0.664067 2.000000
0 0.539770 0.696222 0.039266 0.072131 0.534644 0.730553 2.000000 0.000000 0.000000 0.000000 0.534039 0.711031 2.000000 0.532425 0.695935 2.000000 0.543877 0.676817 2.000000 0.554076 0.668422 2.000000
0 0.572642 0.715634 0.147467 0.043211 0.636861 0.700488 2.000000 0.621190 0.705525 2.000000 0.599549 0.708883 2.000000 0.573181 0.713221 2.000000 0.539351 0.719937 2.000000 0.517958 0.726794 2.000000
0 0.650195 0.705918 0.118763 0.096848 0.614364 0.745234 2.000000 0.628351 0.734602 2.000000 0.648765 0.718441 2.000000 0.668801 0.694625 2.000000 0.675606 0.679952 2.000000 0.677118 0.664642 2.000000
0 0.579060 0.747474 0.142807 0.085320 0.632424 0.782815 2.000000 0.620464 0.774535 2.000000 0.600225 0.760391 2.000000 0.574159 0.744004 2.000000 0.542881 0.726065 2.000000 0.523255 0.717957 2.000000
