0 0.294198 0.109892 0.188937 0.093237 0.221267 0.079844 2.000000 0.242426 0.087434 2.000000 0.277385 0.100716 2.000000 0.327982 0.115378 2.000000 0.345462 0.129350 2.000000 0.346075 0.144012 2.000000
0 0.607654 0.158725 0.101549 0.095050 0.636930 0.117576 2.000000 0.627975 0.128211 2.000000 0.608821 0.150038 2.000000 0.586433 0.170187 2.000000 0.578722 0.183760 2.000000 0.582702 0.200550 2.000000
0 0.611428 0.255497 0.078793 0.093257 0.619774 0.211525 2.000000 0.616949 0.221059 2.000000 0.613720 0.238084 2.000000 0.608676 0.258855 2.000000 0.605246 0.275426 2.000000 0.601614 0.291430 2.000000
0 0.276627 0.289669 0.146745 0.089370 0.229061 0.253812 2.000000 0.241975 0.262211 2.000000 0.264978 0.280031 2.000000 0.293833 0.296829 2.000000 0.309168 0.313174 2.000000 0.305939 0.324864 2.000000
0 0.413633 0.234347 0.153004 0.094010 0.363505 0.269020 2.000000 0.376108 0.260089 2.000000 0.399351 0.246647 2.000000 0.437652 0.225747 2.000000 0.456966 0.208438 2.000000 0.460240 0.197389 2.000000
0 0.458541 0.321158 0.085099 0.101954 0.471516 0.275748 2.000000 0.469793 0.286410 2.000000 0.465192 0.304502 2.000000 0.458139 0.329341 2.000000 0.450472 0.342795 2.000000 0.439148 0.357367 2.000000
0 0.357971 0.534152 0.240255 0.195585 0.277923 0.615827 2.000000 0.293256 0.595473 2.000000 0.328521 0.558732 2.000000 0.369613 0.517851 2.000000 0.403345 0.483180 2.000000 0.433090 0.456271 2.000000
0 0.530308 0.632279 0.173357 0.151939 0.488229 0.698567 2.000000 0.500832 0.681073 2.000000 0.517855 0.653913 2.000000 0.539624 0.618281 2.000000 0.555010 0.592226 2.000000 0.567777 0.574824 2.000000
0 0.316481 0.732995 0.133422 0.093905 0.272405 0.697223 2.000000 0.282898 0.707778 2.000000 0.300856 0.723669 2.000000 0.321438 0.742850 2.000000 0.347932 0.759603 2.000000 0.366288 0.767487 2.000000
0 0.486989 0.727603 0.182309 0.039145 0.405416 0.720052 2.000000 0.425058 0.723182 2.000000 0.455993 0.727233 2.000000 0.506870 0.732856 2.000000 0.533414 0.734139 2.000000 0.562385 0.732389 2.000000
0 0.616868 0.696400 0.092830 0.093395 0.589777 0.734160 2.000000 0.595669 0.725598 2.000000 0.606963 0.710682 2.000000 0.627260 0.685731 2.000000 0.633316 0.668146 2.000000 0.626114 0.655808 2.000000
0 0.563320 0.766035 0.157620 0.080605 0.618219 0.796646 2.000000 0.604002 0.789800 2.000000 0.582677 0.776472 2.000000 0.558444 0.758600 2.000000 0.533133 0.747089 2.000000 0.500607 0.742788 2.000000
