0 0.257644 0.118602 0.149930 0.110680 0.206863 0.077539 2.000000 0.221795 0.089456 2.000000 0.247825 0.111816 2.000000 0.273249 0.130090 2.000000 0.287979 0.150066 2.000000 0.293629 0.162892 2.000000
0 0.594909 0.166271 0.114311 0.104010 0.627900 0.125308 2.000000 0.618638 0.135304 2.000000 0.604868 0.150395 2.000000 0.583476 0.171803 2.000000 0.570292 0.187754 2.000000 0.566810 0.202446 2.000000
0 0.411107 0.231368 0.143610 0.097168 0.359084 0.269086 2.000000 0.373007 0.259892 2.000000 0.397624 0.243548 2.000000 0.434147 0.221869 2.000000 0.447263 0.206206 2.000000 0.455334 0.192813 2.000000
0 0.254821 0.367887 0.100649 0.096133 0.225109 0.321476 2.000000 0.234064 0.332390 2.000000 0.249735 0.355198 2.000000 0.260182 0.370589 2.000000 0.264660 0.390598 2.000000 0.270630 0.405150 2.000000
0 0.444164 0.385228 0.051572 0.088961 0.440162 0.343218 2.000000 0.442152 0.355392 2.000000 0.444142 0.370223 2.000000 0.449863 0.396249 2.000000 0.443893 0.414439 2.000000 0.429465 0.426472 2.000000
0 0.582353 0.367329 0.102498 0.099037 0.609002 0.323666 2.000000 0.602545 0.335129 2.000000 0.589026 0.352836 2.000000 0.575305 0.374855 2.000000 0.567032 0.393015 2.000000 0.552705 0.401982 2.000000
0 0.339763 0.548921 0.236795 0.195681 0.269287 0.632675 2.000000 0.283700 0.611113 2.000000 0.309459 0.580065 2.000000 0.345031 0.533492 2.000000 0.379376 0.494336 2.000000 0.400842 0.472946 2.000000
0 0.520411 0.629314 0.147334 0.140786 0.483930 0.691290 2.000000 0.494875 0.673940 2.000000 0.511044 0.645676 2.000000 0.530198 0.609715 2.000000 0.546615 0.586348 2.000000 0.563033 0.569558 2.000000
0 0.339993 0.741969 0.164964 0.090071 0.281669 0.708057 2.000000 0.294522 0.718690 2.000000 0.313802 0.731874 2.000000 0.344423 0.748885 2.000000 0.373909 0.761006 2.000000 0.399616 0.766109 2.000000
0 0.490160 0.720444 0.175290 0.035797 0.407671 0.713123 2.000000 0.428815 0.715082 2.000000 0.462894 0.717320 2.000000 0.504684 0.721238 2.000000 0.538265 0.724876 2.000000 0.562643 0.724596 2.000000
0 0.602328 0.690560 0.062520 0.086850 0.589140 0.728813 2.000000 0.593120 0.719718 2.000000 0.599836 0.701528 2.000000 0.611279 0.682778 2.000000 0.615259 0.664868 2.000000 0.613020 0.653534 2.000000
0 0.571209 0.766163 0.172281 0.071214 0.637778 0.790093 2.000000 0.619868 0.782817 2.000000 0.591262 0.771203 2.000000 0.557681 0.758470 2.000000 0.526089 0.751894 2.000000 0.504199 0.748116 2.000000
