0 0.317150 0.294863 0.169118 0.044608 0.241811 0.308548 2.000000 0.259224 0.303930 2.000000 0.292557 0.296234 2.000000 0.333352 0.288259 2.000000 0.357978 0.285041 2.000000 0.384594 0.283362 2.000000
0 0.575667 0.353156 0.173624 0.044875 0.494808 0.367320 2.000000 0.511064 0.362642 2.000000 0.541307 0.355625 2.000000 0.579110 0.346694 2.000000 0.602549 0.347119 2.000000 0.622584 0.349245 2.000000
0 0.340348 0.748298 0.085686 0.070317 0.317539 0.717949 2.000000 0.319429 0.727093 2.000000 0.321697 0.743041 2.000000 0.326233 0.763455 2.000000 0.340221 0.773449 2.000000 0.373110 0.769834 2.000000
0 0.470579 0.454202 0.237259 0.092260 0.366725 0.478198 2.000000 0.395078 0.470755 2.000000 0.448381 0.459485 2.000000 0.518318 0.449065 2.000000 0.544024 0.439921 2.000000 0.563682 0.422910 2.000000
0 0.540565 0.468912 0.167374 0.079537 0.470096 0.441145 2.000000 0.488802 0.448045 2.000000 0.518241 0.459257 2.000000 0.557493 0.473057 2.000000 0.586318 0.488581 2.000000 0.601038 0.499448 2.000000
0 0.390839 0.599603 0.158778 0.177165 0.438615 0.679957 2.000000 0.424187 0.660228 2.000000 0.404785 0.627766 2.000000 0.373442 0.580192 2.000000 0.358020 0.544932 2.000000 0.353293 0.522684 2.000000
0 0.620003 0.677250 0.130975 0.099298 0.576576 0.716905 2.000000 0.588525 0.706897 2.000000 0.606583 0.690691 2.000000 0.631810 0.669181 2.000000 0.644423 0.650286 2.000000 0.646946 0.637515 2.000000
0 0.373998 0.672395 0.173528 0.082814 0.304414 0.643285 2.000000 0.322419 0.652400 2.000000 0.346317 0.662804 2.000000 0.381999 0.678088 2.000000 0.411134 0.688860 2.000000 0.434213 0.699448 2.000000
0 0.411591 0.692846 0.139495 0.049962 0.350351 0.710610 2.000000 0.365082 0.707020 2.000000 0.397283 0.699102 2.000000 0.432649 0.691532 2.000000 0.452487 0.682345 2.000000 0.462144 0.669639 2.000000
0 0.553110 0.705568 0.144037 0.042511 0.616116 0.694077 2.000000 0.000000 0.000000 0.000000 0.564291 0.703909 2.000000 0.527799 0.708221 2.000000 0.000000 0.000000 0.000000 0.485481 0.717536 2.000000
0 0.525971 0.723380 0.139441 0.081064 0.580126 0.755208 2.000000 0.562369 0.747717 2.000000 0.533515 0.732280 2.000000 0.504256 0.714234 2.000000 0.481859 0.700159 2.000000 0.467330 0.692668 2.000000
0 0.506476 0.702973 0.095022 0.066971 0.000000 0.000000 0.000000 0.000000 0.000000 0.000000 0.000000 0.000000 0.000000 0.000000 0.000000 0.000000 0.481272 0.686156 2.000000 0.480408 0.672857 2.000000
