0 0.272720 0.126013 0.165673 0.104966 0.214890 0.162060 2.000000 0.227079 0.150027 2.000000 0.249715 0.130717 2.000000 0.277078 0.107070 2.000000 0.310162 0.097556 2.000000 0.346479 0.098535 2.000000
0 0.614121 0.156771 0.121759 0.104497 0.652424 0.116907 2.000000 0.642971 0.126002 2.000000 0.628295 0.141393 2.000000 0.610633 0.162242 2.000000 0.588743 0.184350 2.000000 0.578721 0.196689 2.000000
0 0.623351 0.194722 0.048752 0.081634 0.000000 0.000000 0.000000 0.000000 0.000000 0.000000 0.624426 0.169587 2.000000 0.635389 0.196593 2.000000 0.634255 0.212966 2.000000 0.614219 0.231467 2.000000
0 0.296752 0.260891 0.156611 0.043656 0.226159 0.253202 2.000000 0.245811 0.251803 2.000000 0.273919 0.250684 2.000000 0.327650 0.250124 2.000000 0.354763 0.258380 2.000000 0.366455 0.273491 2.000000
0 0.438650 0.227689 0.154320 0.091836 0.381183 0.262892 2.000000 0.397714 0.253132 2.000000 0.428486 0.237756 2.000000 0.462205 0.222381 2.000000 0.486593 0.203875 2.000000 0.492813 0.193286 2.000000
0 0.488026 0.241306 0.062954 0.083015 0.498564 0.207666 2.000000 0.495134 0.215838 2.000000 0.489888 0.229344 2.000000 0.476167 0.249548 2.000000 0.476167 0.267054 2.000000 0.490464 0.279015 2.000000
0 0.379452 0.517948 0.248504 0.192981 0.294525 0.595525 2.000000 0.313430 0.575656 2.000000 0.347757 0.544174 2.000000 0.388304 0.507094 2.000000 0.435566 0.466797 2.000000 0.459198 0.447068 2.000000
0 0.543064 0.632805 0.159243 0.158478 0.502461 0.700651 2.000000 0.513194 0.684955 2.000000 0.532513 0.655113 2.000000 0.556432 0.615440 2.000000 0.569925 0.593016 2.000000 0.579124 0.573179 2.000000
0 0.321404 0.722889 0.130736 0.098271 0.277670 0.684734 2.000000 0.290243 0.696636 2.000000 0.306802 0.713713 2.000000 0.323361 0.732687 2.000000 0.342680 0.750281 2.000000 0.361386 0.758733 2.000000
0 0.452554 0.719353 0.136760 0.091673 0.408268 0.684363 2.000000 0.419213 0.696956 2.000000 0.435133 0.711648 2.000000 0.457769 0.736275 2.000000 0.481650 0.747748 2.000000 0.505659 0.749422 2.000000
0 0.632307 0.698150 0.105757 0.096756 0.600900 0.738215 2.000000 0.611466 0.727819 2.000000 0.623425 0.712467 2.000000 0.646118 0.692285 2.000000 0.652864 0.674518 2.000000 0.648264 0.658131 2.000000
0 0.579630 0.760547 0.149074 0.083396 0.618619 0.785452 2.000000 0.607923 0.779715 2.000000 0.592998 0.767961 2.000000 0.571605 0.752710 2.000000 0.543496 0.739137 2.000000 0.522850 0.736199 2.000000
