0 0.332485 0.307608 0.170217 0.033861 0.258144 0.312532 2.000000 0.277785 0.309770 2.000000 0.307575 0.306548 2.000000 0.345876 0.302312 2.000000 0.375666 0.300195 2.000000 0.404310 0.303509 2.000000
0 0.597736 0.367697 0.146668 0.064260 0.540712 0.352462 2.000000 0.561499 0.353106 2.000000 0.595381 0.356145 2.000000 0.633498 0.366542 2.000000 0.638592 0.382644 2.000000 0.628518 0.393230 2.000000
0 0.591180 0.501184 0.096959 0.098060 0.557842 0.458417 2.000000 0.566720 0.468064 2.000000 0.579029 0.482025 2.000000 0.595171 0.499164 2.000000 0.609700 0.528561 2.000000 0.602234 0.542975 2.000000
0 0.517499 0.440973 0.192780 0.138956 0.454665 0.495770 2.000000 0.476053 0.480561 2.000000 0.501881 0.461152 2.000000 0.542641 0.435273 2.000000 0.569074 0.409054 2.000000 0.576137 0.392937 2.000000
0 0.448707 0.696003 0.176043 0.053827 0.371254 0.679083 2.000000 0.392763 0.685730 2.000000 0.420115 0.693945 2.000000 0.448794 0.702534 2.000000 0.489202 0.709629 2.000000 0.517836 0.704326 2.000000
0 0.400548 0.589811 0.195325 0.180665 0.443998 0.669936 2.000000 0.430949 0.649227 2.000000 0.408579 0.616197 2.000000 0.382481 0.575302 2.000000 0.364306 0.537029 2.000000 0.362442 0.510290 2.000000
0 0.347090 0.751529 0.136628 0.056315 0.289390 0.733473 2.000000 0.303464 0.738626 2.000000 0.331214 0.747140 2.000000 0.357503 0.755803 2.000000 0.379012 0.761256 2.000000 0.402248 0.757820 2.000000
0 0.441200 0.694546 0.135621 0.059403 0.383942 0.714842 2.000000 0.399613 0.709664 2.000000 0.421006 0.702948 2.000000 0.450607 0.693853 2.000000 0.479214 0.680980 2.000000 0.491900 0.671606 2.000000
0 0.525555 0.706062 0.074980 0.068374 0.537205 0.734494 2.000000 0.531733 0.726798 2.000000 0.000000 0.000000 0.000000 0.514320 0.691098 2.000000 0.524768 0.677685 2.000000 0.531484 0.671791 2.000000
0 0.560607 0.716024 0.143681 0.044782 0.622647 0.701275 2.000000 0.606706 0.706269 2.000000 0.583098 0.709901 2.000000 0.552225 0.714441 2.000000 0.519133 0.721478 2.000000 0.506623 0.728288 2.000000
0 0.643161 0.696031 0.120439 0.094146 0.600693 0.736100 2.000000 0.614279 0.726341 2.000000 0.630647 0.711794 2.000000 0.652416 0.689421 2.000000 0.665511 0.668889 2.000000 0.666493 0.652961 2.000000
0 0.562984 0.743880 0.137079 0.089777 0.610648 0.777788 2.000000 0.597039 0.769069 2.000000 0.575868 0.752483 2.000000 0.549028 0.732920 2.000000 0.519163 0.714207 2.000000 0.504798 0.705914 2.000000
