0 0.366990 0.281889 0.168883 0.034556 0.289505 0.275352 2.000000 0.310051 0.275869 2.000000 0.351143 0.278629 2.000000 0.394381 0.282252 2.000000 0.419833 0.288634 2.000000 0.440073 0.296396 2.000000
0 0.390035 0.363967 0.051511 0.090412 0.390264 0.405796 2.000000 0.389344 0.396136 2.000000 0.387504 0.369745 2.000000 0.384744 0.350425 2.000000 0.387811 0.333866 2.000000 0.394251 0.318859 2.000000
0 0.620510 0.435945 0.071070 0.101271 0.637014 0.392240 2.000000 0.632039 0.402454 2.000000 0.624079 0.416726 2.000000 0.613880 0.437295 2.000000 0.601442 0.463181 2.000000 0.595472 0.476473 2.000000
0 0.612779 0.397387 0.104576 0.087906 0.577110 0.435120 2.000000 0.586594 0.426153 2.000000 0.604552 0.408561 2.000000 0.622914 0.390968 2.000000 0.636232 0.375532 2.000000 0.642487 0.362933 2.000000
0 0.485603 0.464730 0.114485 0.078584 0.444131 0.434576 2.000000 0.455417 0.443763 2.000000 0.471482 0.457654 2.000000 0.497240 0.474608 2.000000 0.520343 0.487752 2.000000 0.529637 0.492997 2.000000
0 0.486303 0.576644 0.079857 0.134375 0.473207 0.635794 2.000000 0.477366 0.620483 2.000000 0.485305 0.596029 2.000000 0.492109 0.563707 2.000000 0.498158 0.537552 2.000000 0.502694 0.520753 2.000000
0 0.550694 0.701172 0.145833 0.018564 0.617519 0.701468 2.000000 0.600885 0.701468 2.000000 0.566484 0.700405 2.000000 0.527547 0.699554 2.000000 0.507511 0.702744 2.000000 0.487097 0.702531 2.000000
0 0.349899 0.549613 0.164450 0.174164 0.387437 0.625605 2.000000 0.374205 0.606680 2.000000 0.354925 0.567128 2.000000 0.333377 0.526725 2.000000 0.316744 0.497593 2.000000 0.291794 0.473564 2.000000
0 0.306945 0.676562 0.139753 0.078125 0.248111 0.646113 2.000000 0.262515 0.654031 2.000000 0.287231 0.668302 2.000000 0.311455 0.681007 2.000000 0.334043 0.691872 2.000000 0.352866 0.699237 2.000000
0 0.445654 0.699786 0.144382 0.056190 0.388649 0.717902 2.000000 0.403177 0.713703 2.000000 0.431023 0.704736 2.000000 0.467545 0.695202 2.000000 0.488127 0.687938 2.000000 0.493172 0.677041 2.000000
0 0.544948 0.733011 0.155636 0.037510 0.610545 0.743117 2.000000 0.592376 0.739987 2.000000 0.568970 0.736672 2.000000 0.537543 0.732529 2.000000 0.498424 0.728386 2.000000 0.475345 0.721941 2.000000
0 0.406206 0.731245 0.135564 0.078939 0.355376 0.761999 2.000000 0.366834 0.754909 2.000000 0.391877 0.741743 2.000000 0.415120 0.727841 2.000000 0.439344 0.712557 2.000000 0.457022 0.699115 2.000000
