0 0.332377 0.315029 0.051556 0.093050 0.329987 0.358974 2.000000 0.329489 0.347221 2.000000 0.328992 0.321195 2.000000 0.326504 0.298948 2.000000 0.332474 0.286075 2.000000 0.346902 0.275021 2.000000
0 0.449585 0.465351 0.070409 0.111463 0.430012 0.415957 2.000000 0.433039 0.426853 2.000000 0.439496 0.446489 2.000000 0.446962 0.467260 2.000000 0.455033 0.495635 2.000000 0.454226 0.511185 2.000000
0 0.559049 0.388933 0.133846 0.083001 0.509893 0.421966 2.000000 0.524100 0.412780 2.000000 0.552115 0.396349 2.000000 0.575218 0.382682 2.000000 0.588761 0.370732 2.000000 0.596064 0.359380 2.000000
0 0.587577 0.462059 0.152619 0.070197 0.641621 0.437080 2.000000 0.629509 0.442604 2.000000 0.607903 0.454205 2.000000 0.579423 0.468476 2.000000 0.552252 0.476947 2.000000 0.528609 0.477160 2.000000
0 0.613279 0.571241 0.060564 0.081711 0.599037 0.533281 2.000000 0.605286 0.543381 2.000000 0.613143 0.559861 2.000000 0.621654 0.581222 2.000000 0.622309 0.593927 2.000000 0.613964 0.602542 2.000000
0 0.311883 0.714958 0.142057 0.056405 0.251907 0.731941 2.000000 0.266147 0.728258 2.000000 0.291026 0.719327 2.000000 0.320652 0.709476 2.000000 0.353484 0.700243 2.000000 0.358211 0.690029 2.000000
0 0.388468 0.688932 0.152778 0.043021 0.321679 0.675745 2.000000 0.338374 0.679059 2.000000 0.366855 0.685136 2.000000 0.400900 0.692409 2.000000 0.429544 0.696092 2.000000 0.449841 0.697749 2.000000
0 0.475195 0.694571 0.151546 0.070692 0.413756 0.720557 2.000000 0.428171 0.715250 2.000000 0.454119 0.705568 2.000000 0.483736 0.694020 2.000000 0.508373 0.680653 2.000000 0.526373 0.669084 2.000000
0 0.559049 0.698461 0.152867 0.032540 0.625176 0.689951 2.000000 0.609626 0.692345 2.000000 0.582619 0.696488 2.000000 0.545464 0.700999 2.000000 0.506671 0.703577 2.000000 0.489649 0.704774 2.000000
0 0.531878 0.723610 0.156564 0.059209 0.596841 0.701450 2.000000 0.582165 0.706347 2.000000 0.553807 0.713623 2.000000 0.520226 0.722858 2.000000 0.498336 0.729154 2.000000 0.476794 0.736763 2.000000
0 0.416859 0.594787 0.218883 0.160590 0.494612 0.663571 2.000000 0.474807 0.649669 2.000000 0.443053 0.624994 2.000000 0.401478 0.592677 2.000000 0.362686 0.552995 2.000000 0.346154 0.527584 2.000000
0 0.475648 0.566248 0.170085 0.126190 0.528330 0.615912 2.000000 0.518443 0.605356 2.000000 0.495238 0.581861 2.000000 0.472033 0.554167 2.000000 0.454075 0.537936 2.000000 0.423807 0.524089 2.000000
