0 0.346089 0.319053 0.064779 0.099043 0.352994 0.363863 2.000000 0.350257 0.352669 2.000000 0.343790 0.326924 2.000000 0.339064 0.305376 2.000000 0.340556 0.291803 2.000000 0.341800 0.276132 2.000000
0 0.447186 0.457600 0.064601 0.104339 0.431172 0.410145 2.000000 0.436084 0.419630 2.000000 0.442723 0.435688 2.000000 0.451353 0.457197 2.000000 0.459851 0.486772 2.000000 0.456000 0.500813 2.000000
0 0.572343 0.391213 0.144616 0.088488 0.518548 0.423982 2.000000 0.531866 0.416037 2.000000 0.558299 0.401169 2.000000 0.584329 0.385278 2.000000 0.601480 0.371091 2.000000 0.609753 0.360081 2.000000
0 0.602920 0.457395 0.134593 0.084251 0.645779 0.427834 2.000000 0.635829 0.433990 2.000000 0.614188 0.447423 2.000000 0.591552 0.462674 2.000000 0.571815 0.476103 2.000000 0.554239 0.480724 2.000000
0 0.620215 0.556686 0.083212 0.088819 0.593094 0.516263 2.000000 0.600761 0.526251 2.000000 0.613474 0.545546 2.000000 0.626791 0.566998 2.000000 0.630738 0.579052 2.000000 0.630557 0.589962 2.000000
0 0.494422 0.570771 0.162700 0.128478 0.543702 0.624083 2.000000 0.532049 0.612699 2.000000 0.509663 0.588895 2.000000 0.482984 0.556466 2.000000 0.463358 0.539217 2.000000 0.439108 0.525838 2.000000
0 0.568086 0.698478 0.155187 0.039236 0.631773 0.689917 2.000000 0.617043 0.692187 2.000000 0.589601 0.695025 2.000000 0.554289 0.698884 2.000000 0.520390 0.703651 2.000000 0.503315 0.706406 2.000000
0 0.542438 0.720182 0.145544 0.060309 0.602243 0.700121 2.000000 0.586366 0.706290 2.000000 0.560995 0.713011 2.000000 0.528095 0.720469 2.000000 0.498083 0.731347 2.000000 0.482618 0.738685 2.000000
0 0.419381 0.592502 0.217880 0.169326 0.504189 0.660956 2.000000 0.480373 0.643944 2.000000 0.438033 0.611410 2.000000 0.388132 0.574622 2.000000 0.368096 0.550593 2.000000 0.352219 0.532093 2.000000
0 0.319213 0.716260 0.151114 0.055245 0.257588 0.733655 2.000000 0.273521 0.728726 2.000000 0.304059 0.719091 2.000000 0.332738 0.713341 2.000000 0.351327 0.707441 2.000000 0.369251 0.696611 2.000000
0 0.390295 0.684540 0.147074 0.040478 0.325555 0.675740 2.000000 0.343612 0.679474 2.000000 0.374548 0.685225 2.000000 0.410264 0.691498 2.000000 0.436421 0.695606 2.000000 0.455806 0.697921 2.000000
0 0.482034 0.695264 0.145312 0.073797 0.416485 0.723040 2.000000 0.430957 0.716243 2.000000 0.459238 0.704443 2.000000 0.484731 0.694958 2.000000 0.508364 0.682187 2.000000 0.525625 0.674868 2.000000
