0 0.294482 0.132177 0.223767 0.104917 0.202021 0.098312 2.000000 0.226971 0.106606 2.000000 0.269689 0.124680 2.000000 0.309005 0.144244 2.000000 0.355503 0.157853 2.000000 0.381210 0.164658 2.000000
0 0.276535 0.215771 0.173680 0.114813 0.208592 0.174023 2.000000 0.223618 0.182476 2.000000 0.246908 0.202771 2.000000 0.283063 0.230307 2.000000 0.316535 0.242676 2.000000 0.337694 0.243883 2.000000
0 0.628935 0.143815 0.246452 0.060213 0.736755 0.133947 2.000000 0.711129 0.134060 2.000000 0.671378 0.139395 2.000000 0.624767 0.144162 2.000000 0.561609 0.150858 2.000000 0.528921 0.155739 2.000000
0 0.531527 0.182519 0.217295 0.076325 0.624304 0.203476 2.000000 0.607671 0.199649 2.000000 0.575537 0.193269 2.000000 0.523369 0.185614 2.000000 0.480650 0.173919 2.000000 0.456078 0.159671 2.000000
0 0.278457 0.619673 0.232897 0.057919 0.174591 0.606509 2.000000 0.202566 0.610124 2.000000 0.242260 0.616716 2.000000 0.299343 0.627136 2.000000 0.342817 0.626073 2.000000 0.383645 0.630538 2.000000
0 0.384944 0.510436 0.398629 0.150029 0.214325 0.559155 2.000000 0.259531 0.543951 2.000000 0.331300 0.526125 2.000000 0.427303 0.502794 2.000000 0.503266 0.478677 2.000000 0.532626 0.451938 2.000000
0 0.601259 0.441662 0.112296 0.112494 0.571901 0.489083 2.000000 0.581384 0.473873 2.000000 0.596720 0.449130 2.000000 0.612055 0.420527 2.000000 0.619319 0.403389 2.000000 0.632031 0.392947 2.000000
0 0.583616 0.685335 0.178015 0.066665 0.660944 0.707844 2.000000 0.642798 0.701252 2.000000 0.606129 0.688493 2.000000 0.561520 0.676585 2.000000 0.529765 0.676372 2.000000 0.507461 0.677223 2.000000
0 0.553987 0.701622 0.154785 0.196236 0.520441 0.789799 2.000000 0.529892 0.767897 2.000000 0.545013 0.733874 2.000000 0.558244 0.691345 2.000000 0.574122 0.651793 2.000000 0.583951 0.624999 2.000000
0 0.375465 0.832106 0.205552 0.062619 0.290503 0.820036 2.000000 0.316965 0.824926 2.000000 0.366110 0.832582 2.000000 0.417145 0.840875 2.000000 0.454192 0.844702 2.000000 0.470826 0.838961 2.000000
0 0.578492 0.810289 0.161535 0.105287 0.519120 0.849329 2.000000 0.536035 0.839254 2.000000 0.568373 0.819945 2.000000 0.599964 0.796718 2.000000 0.617377 0.783145 2.000000 0.626581 0.770972 2.000000
0 0.251783 0.899676 0.221510 0.104294 0.167387 0.868183 2.000000 0.190693 0.880085 2.000000 0.229638 0.893540 2.000000 0.276556 0.904579 2.000000 0.309675 0.924243 2.000000 0.322554 0.938215 2.000000
