0 0.268817 0.201202 0.134671 0.118710 0.221386 0.147102 2.000000 0.234600 0.157766 2.000000 0.254133 0.181680 2.000000 0.281136 0.201070 2.000000 0.300095 0.227570 2.000000 0.300669 0.246960 2.000000
0 0.317514 0.123955 0.228537 0.130735 0.236898 0.079560 2.000000 0.261028 0.091841 2.000000 0.296648 0.112846 2.000000 0.331693 0.138376 2.000000 0.373633 0.156474 2.000000 0.403507 0.163260 2.000000
0 0.628621 0.137502 0.257811 0.058330 0.740539 0.126551 2.000000 0.712577 0.128649 2.000000 0.652458 0.131270 2.000000 0.590476 0.134416 2.000000 0.542940 0.141494 2.000000 0.516842 0.148834 2.000000
0 0.615075 0.166930 0.201398 0.087775 0.000000 0.000000 0.000000 0.000000 0.000000 0.000000 0.651992 0.151979 2.000000 0.610049 0.171378 2.000000 0.556921 0.185534 2.000000 0.531756 0.192612 2.000000
0 0.251618 0.609191 0.208432 0.070761 0.162209 0.587838 2.000000 0.185044 0.593081 2.000000 0.230716 0.602780 2.000000 0.294562 0.611955 2.000000 0.322990 0.625062 2.000000 0.329981 0.640791 2.000000
0 0.377974 0.502802 0.424915 0.139905 0.197676 0.548625 2.000000 0.242882 0.537091 2.000000 0.310922 0.519527 2.000000 0.421372 0.496720 2.000000 0.498734 0.479157 2.000000 0.547667 0.461593 2.000000
0 0.565463 0.507703 0.144260 0.126593 0.527433 0.556902 2.000000 0.537640 0.545419 2.000000 0.553895 0.523091 2.000000 0.576199 0.493321 2.000000 0.592455 0.474183 2.000000 0.604930 0.459510 2.000000
0 0.307640 0.821810 0.227947 0.075131 0.208739 0.806155 2.000000 0.236599 0.814130 2.000000 0.284857 0.821546 2.000000 0.339334 0.829522 2.000000 0.370925 0.835398 2.000000 0.397044 0.838896 2.000000
0 0.267272 0.904166 0.232126 0.084673 0.168072 0.885171 2.000000 0.195568 0.891200 2.000000 0.240307 0.898278 2.000000 0.297629 0.905618 2.000000 0.330718 0.918201 2.000000 0.347029 0.935764 2.000000
0 0.554474 0.700527 0.146298 0.193395 0.524787 0.785665 2.000000 0.534554 0.763690 2.000000 0.547193 0.725233 2.000000 0.558683 0.685161 2.000000 0.574195 0.649289 2.000000 0.587983 0.623113 2.000000
0 0.632324 0.697974 0.184119 0.082100 0.699841 0.722776 2.000000 0.683530 0.715173 2.000000 0.649975 0.697872 2.000000 0.607566 0.679784 2.000000 0.581935 0.676376 2.000000 0.560497 0.674541 2.000000
0 0.577167 0.811389 0.186871 0.119930 0.516205 0.854542 2.000000 0.533973 0.845399 2.000000 0.565350 0.824134 2.000000 0.600507 0.798829 2.000000 0.615250 0.788622 2.000000 0.627726 0.771186 2.000000
