0 0.330724 0.297275 0.157713 0.057654 0.262486 0.319757 2.000000 0.278036 0.312759 2.000000 0.304061 0.304933 2.000000 0.344327 0.291491 2.000000 0.367406 0.284218 2.000000 0.390485 0.275747 2.000000
0 0.544107 0.373142 0.162490 0.040554 0.474006 0.382718 2.000000 0.493019 0.378578 2.000000 0.523991 0.373921 2.000000 0.562629 0.368746 2.000000 0.595748 0.368401 2.000000 0.611387 0.364434 2.000000
0 0.445371 0.467791 0.238603 0.073330 0.337948 0.489875 2.000000 0.374066 0.481135 2.000000 0.422494 0.470466 2.000000 0.456998 0.463543 2.000000 0.514103 0.452646 2.000000 0.549616 0.449014 2.000000
0 0.529830 0.480274 0.186581 0.081118 0.449832 0.452769 2.000000 0.469434 0.459736 2.000000 0.495445 0.468005 2.000000 0.529524 0.480318 2.000000 0.578279 0.495570 2.000000 0.603441 0.498864 2.000000
0 0.316433 0.630397 0.102543 0.098948 0.291969 0.587434 2.000000 0.294208 0.601707 2.000000 0.298685 0.619337 2.000000 0.309879 0.649140 2.000000 0.327789 0.662713 2.000000 0.351918 0.670129 2.000000
0 0.323881 0.724852 0.106027 0.086083 0.288735 0.687449 2.000000 0.296201 0.696643 2.000000 0.304272 0.708220 2.000000 0.320011 0.727856 2.000000 0.338979 0.747378 2.000000 0.353305 0.757139 2.000000
0 0.412609 0.701968 0.131848 0.043460 0.357089 0.713654 2.000000 0.373756 0.708897 2.000000 0.401616 0.702320 2.000000 0.435446 0.695464 2.000000 0.451366 0.690427 2.000000 0.000000 0.000000 0.000000
0 0.584461 0.685235 0.166349 0.057749 0.512922 0.705729 2.000000 0.533594 0.701164 2.000000 0.560271 0.694834 2.000000 0.610663 0.683309 2.000000 0.632783 0.673557 2.000000 0.650783 0.663058 2.000000
0 0.566391 0.711113 0.147741 0.036857 0.628272 0.701140 2.000000 0.608489 0.703978 2.000000 0.583793 0.706517 2.000000 0.545554 0.710699 2.000000 0.521257 0.716749 2.000000 0.000000 0.000000 0.000000
0 0.420582 0.615886 0.173487 0.180251 0.469000 0.693145 2.000000 0.456691 0.677936 2.000000 0.434899 0.647971 2.000000 0.407255 0.609721 2.000000 0.382234 0.563753 2.000000 0.368109 0.534129 2.000000
0 0.526706 0.723503 0.159253 0.064706 0.595413 0.744887 2.000000 0.580027 0.741388 2.000000 0.547291 0.731537 2.000000 0.512427 0.719383 2.000000 0.481000 0.705297 2.000000 0.466596 0.695629 2.000000
0 0.556462 0.723618 0.103105 0.027243 0.594833 0.734900 2.000000 0.575519 0.728363 2.000000 0.555059 0.723943 2.000000 0.000000 0.000000 0.000000 0.000000 0.000000 0.000000 0.000000 0.000000 0.000000
