0 0.284781 0.195659 0.220790 0.034699 0.178067 0.194229 2.000000 0.203773 0.193591 2.000000 0.246869 0.194867 2.000000 0.307355 0.198270 2.000000 0.346293 0.196143 2.000000 0.375023 0.191252 2.000000
0 0.350027 0.138557 0.182354 0.090196 0.281794 0.169926 2.000000 0.299184 0.159932 2.000000 0.332073 0.143771 2.000000 0.375547 0.125271 2.000000 0.406168 0.114000 2.000000 0.430362 0.108259 2.000000
0 0.541380 0.106148 0.190389 0.126542 0.469678 0.157593 2.000000 0.485555 0.144409 2.000000 0.522981 0.117403 2.000000 0.559650 0.095500 2.000000 0.589515 0.067006 2.000000 0.601612 0.054460 2.000000
0 0.624551 0.090907 0.234232 0.065763 0.727957 0.070924 2.000000 0.703253 0.074479 2.000000 0.656142 0.082881 2.000000 0.595818 0.096454 2.000000 0.553304 0.109381 2.000000 0.000000 0.000000 0.000000
0 0.667451 0.136468 0.097538 0.100541 0.687123 0.180933 2.000000 0.681064 0.164942 2.000000 0.668947 0.140300 2.000000 0.651238 0.106746 2.000000 0.000000 0.000000 0.000000 0.000000 0.000000 0.000000
0 0.411958 0.473621 0.413123 0.195909 0.247815 0.533879 2.000000 0.291471 0.512760 2.000000 0.358700 0.484275 2.000000 0.446011 0.453334 2.000000 0.514987 0.429760 2.000000 0.555150 0.413553 2.000000
0 0.396759 0.620964 0.085906 0.114537 0.388112 0.568234 2.000000 0.391892 0.583119 2.000000 0.395294 0.607148 2.000000 0.399453 0.630113 2.000000 0.402855 0.659246 2.000000 0.402855 0.674981 2.000000
0 0.290988 0.692898 0.159135 0.124620 0.336553 0.642345 2.000000 0.318766 0.658175 2.000000 0.293897 0.683953 2.000000 0.267333 0.709905 2.000000 0.251488 0.731663 2.000000 0.251488 0.746081 2.000000
0 0.437526 0.730013 0.087550 0.096223 0.422925 0.775231 2.000000 0.427525 0.765399 2.000000 0.437031 0.744009 2.000000 0.450524 0.716238 2.000000 0.448377 0.701749 2.000000 0.434884 0.691227 2.000000
0 0.560384 0.663094 0.159224 0.188247 0.519626 0.748514 2.000000 0.534747 0.725761 2.000000 0.556673 0.682168 2.000000 0.575575 0.638151 2.000000 0.587294 0.610932 2.000000 0.595233 0.585202 2.000000
0 0.616762 0.745996 0.167402 0.100812 0.561042 0.781500 2.000000 0.575916 0.772735 2.000000 0.604954 0.752417 2.000000 0.638950 0.732896 2.000000 0.660197 0.722538 2.000000 0.687110 0.717758 2.000000
0 0.574074 0.869661 0.201384 0.027431 0.480160 0.866434 2.000000 0.503140 0.868696 2.000000 0.544505 0.869989 2.000000 0.602531 0.874513 2.000000 0.634704 0.869989 2.000000 0.657110 0.863848 2.000000
