0 0.374649 0.337892 0.064437 0.085998 0.384217 0.379588 2.000000 0.381978 0.370353 2.000000 0.376257 0.348385 2.000000 0.373272 0.323899 2.000000 0.369043 0.311306 2.000000 0.358596 0.294515 2.000000
0 0.412577 0.336164 0.091183 0.092996 0.378035 0.298016 2.000000 0.386533 0.304887 2.000000 0.402067 0.321094 2.000000 0.426763 0.344769 2.000000 0.430083 0.361723 2.000000 0.423577 0.376137 2.000000
0 0.591997 0.389481 0.129392 0.083018 0.543017 0.420991 2.000000 0.556264 0.411783 2.000000 0.583298 0.395304 2.000000 0.604192 0.378523 2.000000 0.622932 0.364770 2.000000 0.626327 0.353037 2.000000
0 0.597698 0.442824 0.117506 0.096123 0.638489 0.405296 2.000000 0.627795 0.414603 2.000000 0.610441 0.429245 2.000000 0.589658 0.446611 2.000000 0.575243 0.462746 2.000000 0.559996 0.480661 2.000000
0 0.561312 0.492249 0.115029 0.073682 0.514929 0.459153 2.000000 0.527864 0.467968 2.000000 0.547018 0.480141 2.000000 0.570151 0.492594 2.000000 0.588559 0.508405 2.000000 0.590300 0.517360 2.000000
0 0.562346 0.691016 0.150672 0.032552 0.630184 0.684606 2.000000 0.610101 0.686458 2.000000 0.579430 0.688161 2.000000 0.540083 0.686685 2.000000 0.511027 0.692360 2.000000 0.495893 0.699057 2.000000
0 0.561226 0.714371 0.144436 0.040009 0.621437 0.707039 2.000000 0.604575 0.707637 2.000000 0.580543 0.707786 2.000000 0.538985 0.708309 2.000000 0.514687 0.716226 2.000000 0.498489 0.727727 2.000000
0 0.481025 0.561134 0.176656 0.127460 0.531269 0.609876 2.000000 0.520119 0.596408 2.000000 0.500774 0.572072 2.000000 0.476187 0.540215 2.000000 0.451283 0.525914 2.000000 0.408166 0.518710 2.000000
0 0.411342 0.584337 0.233885 0.164439 0.486336 0.650497 2.000000 0.466678 0.633273 2.000000 0.425473 0.597548 2.000000 0.380486 0.555019 2.000000 0.357426 0.538008 2.000000 0.331720 0.522910 2.000000
0 0.373043 0.683790 0.148490 0.039271 0.308657 0.670868 2.000000 0.330795 0.676186 2.000000 0.365869 0.683461 2.000000 0.404177 0.690458 2.000000 0.421838 0.692836 2.000000 0.439931 0.695935 2.000000
0 0.385077 0.703374 0.139747 0.045714 0.320828 0.717853 2.000000 0.334371 0.714193 2.000000 0.367565 0.706277 2.000000 0.403413 0.699331 2.000000 0.422533 0.694775 2.000000 0.439926 0.687381 2.000000
0 0.451775 0.697526 0.137619 0.069290 0.395651 0.724444 2.000000 0.407272 0.718091 2.000000 0.429369 0.707227 2.000000 0.462105 0.694982 2.000000 0.483875 0.683013 2.000000 0.502078 0.675310 2.000000
