0 0.335546 0.296361 0.169227 0.059401 0.263298 0.315974 2.000000 0.280541 0.309158 2.000000 0.309435 0.301031 2.000000 0.348582 0.289759 2.000000 0.372350 0.283992 2.000000 0.397981 0.277701 2.000000
0 0.556358 0.368700 0.162791 0.040742 0.484161 0.377853 2.000000 0.501550 0.374664 2.000000 0.531793 0.369347 2.000000 0.567329 0.362968 2.000000 0.598030 0.362252 2.000000 0.625936 0.361558 2.000000
0 0.460240 0.465257 0.247893 0.063753 0.345389 0.484803 2.000000 0.379428 0.477040 2.000000 0.421440 0.469451 2.000000 0.470504 0.459964 2.000000 0.524169 0.449614 2.000000 0.562194 0.450994 2.000000
0 0.539832 0.475909 0.182735 0.082035 0.463898 0.448114 2.000000 0.480457 0.454496 2.000000 0.507443 0.464328 2.000000 0.540868 0.475023 2.000000 0.587173 0.491754 2.000000 0.612012 0.501069 2.000000
0 0.604655 0.682484 0.165300 0.061113 0.537408 0.702398 2.000000 0.561960 0.696414 2.000000 0.596824 0.690061 2.000000 0.636926 0.680302 2.000000 0.655422 0.670266 2.000000 0.664097 0.656547 2.000000
0 0.335927 0.645923 0.161905 0.089350 0.272982 0.611610 2.000000 0.291969 0.621278 2.000000 0.316848 0.633799 2.000000 0.354495 0.651200 2.000000 0.373809 0.661236 2.000000 0.388049 0.676704 2.000000
0 0.415029 0.610417 0.171297 0.180013 0.468375 0.694266 2.000000 0.453947 0.672299 2.000000 0.426602 0.631021 2.000000 0.399471 0.588625 2.000000 0.386038 0.563299 2.000000 0.372606 0.536574 2.000000
0 0.337339 0.732539 0.106304 0.086337 0.305217 0.694624 2.000000 0.312280 0.704613 2.000000 0.321360 0.717892 2.000000 0.336897 0.739117 2.000000 0.350993 0.755743 2.000000 0.369585 0.763520 2.000000
0 0.417880 0.698654 0.131935 0.043317 0.359503 0.712626 2.000000 0.380085 0.707859 2.000000 0.409747 0.701957 2.000000 0.448489 0.692763 2.000000 0.000000 0.000000 0.000000 0.000000 0.000000 0.000000
0 0.574288 0.707682 0.132537 0.034357 0.632989 0.698868 2.000000 0.615463 0.702303 2.000000 0.585323 0.706112 2.000000 0.551200 0.710071 2.000000 0.529824 0.715000 2.000000 0.599024 0.748383 2.000000
0 0.534525 0.722859 0.146953 0.066263 0.581860 0.742086 2.000000 0.555741 0.732292 2.000000 0.510220 0.718159 2.000000 0.484101 0.702768 2.000000 0.476887 0.692554 2.000000 0.000000 0.000000 0.000000
0 0.552346 0.722831 0.085977 0.029338 0.585249 0.734188 2.000000 0.574304 0.729011 2.000000 0.000000 0.000000 0.000000 0.000000 0.000000 0.000000 0.000000 0.000000 0.000000 0.000000 0.000000 0.000000
