0 0.334722 0.314583 0.164648 0.028274 0.258340 0.311052 2.000000 0.275601 0.311201 2.000000 0.309458 0.312620 2.000000 0.346635 0.313068 2.000000 0.375845 0.315533 2.000000 0.402931 0.316578 2.000000
0 0.609540 0.369841 0.079830 0.084994 0.582650 0.333201 2.000000 0.590507 0.340290 2.000000 0.600819 0.353088 2.000000 0.611131 0.365333 2.000000 0.623942 0.381423 2.000000 0.626565 0.398789 2.000000
0 0.535444 0.412044 0.131998 0.129293 0.565859 0.469147 2.000000 0.560884 0.451377 2.000000 0.552675 0.425771 2.000000 0.543471 0.394849 2.000000 0.518596 0.372181 2.000000 0.484268 0.363366 2.000000
0 0.355166 0.558857 0.161623 0.184380 0.391056 0.643881 2.000000 0.381605 0.622829 2.000000 0.371020 0.595611 2.000000 0.350985 0.546490 2.000000 0.340400 0.504386 2.000000 0.334351 0.475892 2.000000
0 0.603241 0.564974 0.092779 0.090162 0.580986 0.527569 2.000000 0.587206 0.538249 2.000000 0.595226 0.552244 2.000000 0.604556 0.568080 2.000000 0.613886 0.583824 2.000000 0.624034 0.604540 2.000000
0 0.313050 0.744085 0.144668 0.041097 0.251057 0.754493 2.000000 0.264806 0.752007 2.000000 0.285921 0.747956 2.000000 0.313910 0.742432 2.000000 0.347955 0.738105 2.000000 0.366451 0.736908 2.000000
0 0.460681 0.686263 0.120304 0.075760 0.417050 0.719002 2.000000 0.427140 0.711160 2.000000 0.442542 0.698688 2.000000 0.463919 0.683825 2.000000 0.480648 0.672772 2.000000 0.497447 0.661944 2.000000
0 0.520209 0.719455 0.179250 0.039214 0.435092 0.710728 2.000000 0.461122 0.712998 2.000000 0.499057 0.716517 2.000000 0.542036 0.720035 2.000000 0.571093 0.723781 2.000000 0.595508 0.730023 2.000000
0 0.534334 0.687688 0.070480 0.078134 0.000000 0.000000 0.000000 0.523560 0.709941 2.000000 0.531228 0.700180 2.000000 0.544949 0.683722 2.000000 0.548177 0.664314 2.000000 0.542326 0.650920 2.000000
0 0.562415 0.722920 0.135355 0.045501 0.619642 0.711818 2.000000 0.602291 0.715041 2.000000 0.575939 0.719092 2.000000 0.542712 0.724156 2.000000 0.505948 0.732739 2.000000 0.507854 0.740740 2.000000
0 0.637963 0.717709 0.061082 0.091851 0.622976 0.760333 2.000000 0.629444 0.747880 2.000000 0.637404 0.728291 2.000000 0.646110 0.704504 2.000000 0.643125 0.687294 2.000000 0.636906 0.675540 2.000000
0 0.565654 0.759513 0.154945 0.077328 0.626963 0.788928 2.000000 0.610404 0.782545 2.000000 0.588018 0.771851 2.000000 0.551833 0.757017 2.000000 0.523621 0.743390 2.000000 0.509515 0.731833 2.000000
