0 0.272942 0.118266 0.226097 0.030964 0.161519 0.111781 2.000000 0.189481 0.111781 2.000000 0.243541 0.117024 2.000000 0.308785 0.120956 2.000000 0.339543 0.118334 2.000000 0.364243 0.115451 2.000000
0 0.283025 0.161160 0.273429 0.049767 0.164032 0.151940 2.000000 0.187404 0.152737 2.000000 0.238398 0.156323 2.000000 0.297891 0.157518 2.000000 0.337553 0.162697 2.000000 0.364466 0.168274 2.000000
0 0.668484 0.272514 0.082761 0.118716 0.652515 0.327294 2.000000 0.657111 0.311782 2.000000 0.666878 0.282698 2.000000 0.673198 0.256521 2.000000 0.674921 0.234223 2.000000 0.681241 0.218711 2.000000
0 0.358245 0.566016 0.201399 0.076459 0.269922 0.549292 2.000000 0.300281 0.554294 2.000000 0.344439 0.563264 2.000000 0.393810 0.569128 2.000000 0.424476 0.584825 2.000000 0.433675 0.597417 2.000000
0 0.407525 0.453923 0.431989 0.180379 0.222789 0.514525 2.000000 0.264154 0.498690 2.000000 0.331947 0.475746 2.000000 0.426167 0.443752 2.000000 0.499131 0.421777 2.000000 0.553710 0.404973 2.000000
0 0.382336 0.625609 0.226838 0.050132 0.482701 0.618157 2.000000 0.453807 0.620254 2.000000 0.403009 0.621565 2.000000 0.344289 0.623924 2.000000 0.309802 0.629953 2.000000 0.281374 0.634934 2.000000
0 0.431623 0.751143 0.190742 0.097995 0.363402 0.783159 2.000000 0.382510 0.775033 2.000000 0.414200 0.760353 2.000000 0.456609 0.741478 2.000000 0.485503 0.726274 2.000000 0.504144 0.716312 2.000000
0 0.550795 0.645933 0.179250 0.189603 0.510203 0.732303 2.000000 0.522786 0.709497 2.000000 0.540495 0.676204 2.000000 0.562398 0.631902 2.000000 0.577778 0.599134 2.000000 0.584302 0.570036 2.000000
0 0.597598 0.736301 0.179496 0.111395 0.533712 0.779716 2.000000 0.550724 0.770360 2.000000 0.581723 0.749521 2.000000 0.616063 0.727708 2.000000 0.639274 0.712257 2.000000 0.655022 0.698732 2.000000
0 0.416121 0.867584 0.214340 0.050577 0.319950 0.873494 2.000000 0.344900 0.872856 2.000000 0.394045 0.868178 2.000000 0.447726 0.862649 2.000000 0.475322 0.863712 2.000000 0.504053 0.867965 2.000000
0 0.618714 0.071875 0.242176 0.064583 0.730921 0.059792 2.000000 0.704824 0.060317 2.000000 0.642841 0.065559 2.000000 0.587849 0.072637 2.000000 0.536585 0.083385 2.000000 0.513750 0.087317 2.000000
0 0.526763 0.083073 0.205225 0.138768 0.462952 0.139746 2.000000 0.480661 0.124804 2.000000 0.509090 0.098590 2.000000 0.544042 0.068181 2.000000 0.568742 0.045374 2.000000 0.590645 0.033840 2.000000
