0 0.267479 0.207272 0.152183 0.123554 0.220147 0.154560 2.000000 0.230400 0.166094 2.000000 0.246711 0.187852 2.000000 0.269547 0.212232 2.000000 0.296576 0.237135 2.000000 0.315684 0.254961 2.000000
0 0.303499 0.122852 0.229586 0.121545 0.216691 0.083325 2.000000 0.241837 0.094192 2.000000 0.278329 0.114718 2.000000 0.317274 0.139040 2.000000 0.364805 0.155944 2.000000 0.396084 0.152149 2.000000
0 0.624878 0.142329 0.257052 0.057125 0.739925 0.129598 2.000000 0.715221 0.130245 2.000000 0.669260 0.131860 2.000000 0.607787 0.137031 2.000000 0.542292 0.147696 2.000000 0.516439 0.161915 2.000000
0 0.595714 0.177096 0.226085 0.064361 0.696864 0.158409 2.000000 0.674961 0.162079 2.000000 0.629289 0.172827 2.000000 0.576628 0.184099 2.000000 0.532820 0.187507 2.000000 0.505324 0.186721 2.000000
0 0.379603 0.507949 0.405893 0.137608 0.202692 0.551743 2.000000 0.252558 0.538111 2.000000 0.328987 0.520023 2.000000 0.439437 0.499314 2.000000 0.498623 0.482537 2.000000 0.539634 0.454749 2.000000
0 0.577923 0.489543 0.126128 0.117107 0.536543 0.539357 2.000000 0.547582 0.525385 2.000000 0.567822 0.501754 2.000000 0.588674 0.475535 2.000000 0.603087 0.458113 2.000000 0.603394 0.440864 2.000000
0 0.254852 0.617206 0.213329 0.072725 0.162824 0.596646 2.000000 0.186129 0.601303 2.000000 0.233661 0.609928 2.000000 0.290698 0.617690 2.000000 0.317071 0.627350 2.000000 0.332710 0.645634 2.000000
0 0.552395 0.700766 0.150293 0.185640 0.522351 0.788178 2.000000 0.533701 0.766077 2.000000 0.545925 0.727278 2.000000 0.556402 0.687988 2.000000 0.576484 0.645261 2.000000 0.590454 0.622178 2.000000
0 0.627920 0.695183 0.182209 0.076675 0.697225 0.720958 2.000000 0.680052 0.713886 2.000000 0.643867 0.701294 2.000000 0.604002 0.686287 2.000000 0.575790 0.682320 2.000000 0.555551 0.678008 2.000000
0 0.338121 0.830656 0.208392 0.067930 0.242148 0.813817 2.000000 0.270599 0.820286 2.000000 0.310957 0.825252 2.000000 0.365395 0.831206 2.000000 0.403954 0.841200 2.000000 0.426636 0.850556 2.000000
0 0.578337 0.811690 0.158427 0.106933 0.519995 0.856481 2.000000 0.535374 0.843374 2.000000 0.559142 0.827121 2.000000 0.599687 0.802479 2.000000 0.614600 0.789110 2.000000 0.622523 0.771546 2.000000
0 0.258391 0.904680 0.235089 0.096285 0.164692 0.879242 2.000000 0.190776 0.889449 2.000000 0.233494 0.899443 2.000000 0.292846 0.910926 2.000000 0.325357 0.922834 2.000000 0.342747 0.938357 2.000000
