0 0.184394 0.061458 0.159553 0.120833 0.116634 0.118544 2.000000 0.126975 0.102709 2.000000 0.147658 0.075240 2.000000 0.186725 0.029027 2.000000 0.240729 0.014485 2.000000 0.000000 0.000000 0.000000
0 0.183047 0.208926 0.197305 0.117121 0.114493 0.256844 2.000000 0.127985 0.242010 2.000000 0.153744 0.217343 2.000000 0.194836 0.187675 2.000000 0.232861 0.177670 2.000000 0.272113 0.176635 2.000000
0 0.251038 0.201541 0.163015 0.111295 0.194761 0.245496 2.000000 0.208193 0.230524 2.000000 0.233815 0.207157 2.000000 0.264411 0.180992 2.000000 0.298241 0.166300 2.000000 0.327345 0.158464 2.000000
0 0.333357 0.328624 0.468472 0.098723 0.117525 0.350339 2.000000 0.173449 0.338542 2.000000 0.248480 0.325697 2.000000 0.352406 0.313114 2.000000 0.459127 0.314425 2.000000 0.514228 0.305164 2.000000
0 0.647631 0.271930 0.116186 0.135527 0.666975 0.325254 2.000000 0.662988 0.313524 2.000000 0.654709 0.285753 2.000000 0.639989 0.249702 2.000000 0.628337 0.229693 2.000000 0.620057 0.212961 2.000000
0 0.192404 0.672815 0.100337 0.141008 0.168889 0.611298 2.000000 0.168315 0.624871 2.000000 0.170038 0.645230 2.000000 0.175783 0.682717 2.000000 0.184976 0.716973 2.000000 0.205658 0.729899 2.000000
0 0.495039 0.654797 0.096959 0.137008 0.478600 0.710486 2.000000 0.482758 0.697089 2.000000 0.486539 0.672422 2.000000 0.501660 0.643077 2.000000 0.510733 0.616497 2.000000 0.505075 0.598186 2.000000
0 0.303638 0.831518 0.212665 0.122001 0.375677 0.788567 2.000000 0.355641 0.801964 2.000000 0.323508 0.818976 2.000000 0.292887 0.838752 2.000000 0.247144 0.864907 2.000000 0.222572 0.874689 2.000000
0 0.477980 0.830154 0.076987 0.113650 0.489113 0.882686 2.000000 0.488357 0.870991 2.000000 0.485711 0.845048 2.000000 0.477772 0.813151 2.000000 0.470211 0.800818 2.000000 0.461894 0.791249 2.000000
0 0.604486 0.865140 0.202757 0.197158 0.669972 0.950052 2.000000 0.653106 0.934527 2.000000 0.629800 0.908308 2.000000 0.588709 0.865703 2.000000 0.547310 0.814990 2.000000 0.544244 0.781354 2.000000
0 0.282288 0.923520 0.233421 0.039635 0.175298 0.926698 2.000000 0.197696 0.926925 2.000000 0.248343 0.926925 2.000000 0.302420 0.924315 2.000000 0.330198 0.923098 2.000000 0.353504 0.917923 2.000000
0 0.298233 0.950289 0.224513 0.054684 0.202756 0.962789 2.000000 0.223052 0.959106 2.000000 0.270356 0.953306 2.000000 0.317660 0.942902 2.000000 0.339590 0.939375 2.000000 0.375879 0.941090 2.000000
