0 0.293432 0.092895 0.240385 0.038662 0.183431 0.098941 2.000000 0.211393 0.095271 2.000000 0.251938 0.094747 2.000000 0.327436 0.096320 2.000000 0.370311 0.097106 2.000000 0.397341 0.099203 2.000000
0 0.246611 0.147638 0.247719 0.087698 0.140273 0.175265 2.000000 0.164506 0.165827 2.000000 0.207848 0.154817 2.000000 0.283811 0.137516 2.000000 0.307579 0.132273 2.000000 0.330880 0.122574 2.000000
0 0.564439 0.160952 0.258619 0.057783 0.681971 0.178862 2.000000 0.654374 0.171207 2.000000 0.602583 0.162276 2.000000 0.521683 0.153557 2.000000 0.484636 0.152919 2.000000 0.450991 0.155471 2.000000
0 0.538946 0.225631 0.180940 0.109183 0.473918 0.267842 2.000000 0.490173 0.255721 2.000000 0.520038 0.232542 2.000000 0.558598 0.204048 2.000000 0.584304 0.192140 2.000000 0.609255 0.184059 2.000000
0 0.184916 0.411442 0.124187 0.145045 0.149694 0.353252 2.000000 0.156685 0.366359 2.000000 0.170666 0.390476 2.000000 0.186511 0.423506 2.000000 0.199560 0.446051 2.000000 0.219133 0.464663 2.000000
0 0.328767 0.395160 0.132652 0.248655 0.305511 0.282920 2.000000 0.313434 0.308348 2.000000 0.324152 0.357107 2.000000 0.336735 0.430507 2.000000 0.341396 0.470653 2.000000 0.345124 0.495257 2.000000
0 0.683751 0.740310 0.076538 0.114994 0.684830 0.791887 2.000000 0.687626 0.777469 2.000000 0.689956 0.747584 2.000000 0.689024 0.719273 2.000000 0.670849 0.705904 2.000000 0.649411 0.692010 2.000000
0 0.603805 0.752116 0.154892 0.188998 0.640742 0.837812 2.000000 0.636205 0.817824 2.000000 0.627510 0.781249 2.000000 0.616169 0.732128 2.000000 0.592731 0.697679 2.000000 0.560598 0.673863 2.000000
0 0.217789 0.816469 0.103598 0.137369 0.249136 0.877584 2.000000 0.239936 0.864820 2.000000 0.227057 0.837739 2.000000 0.205285 0.802550 2.000000 0.198845 0.779608 2.000000 0.208044 0.761324 2.000000
0 0.278444 0.847125 0.057501 0.135013 0.270521 0.908562 2.000000 0.270273 0.895829 2.000000 0.274004 0.875401 2.000000 0.279477 0.847556 2.000000 0.280472 0.817473 2.000000 0.285695 0.797184 2.000000
0 0.530598 0.893676 0.102389 0.121497 0.503951 0.943074 2.000000 0.510084 0.932207 2.000000 0.519588 0.915744 2.000000 0.533248 0.894728 2.000000 0.542807 0.869988 2.000000 0.549302 0.855038 2.000000
0 0.330406 0.936317 0.234131 0.033610 0.218414 0.933336 2.000000 0.243538 0.935015 2.000000 0.288313 0.934736 2.000000 0.357964 0.931237 2.000000 0.400251 0.935155 2.000000 0.426121 0.939913 2.000000
