0 0.351852 0.127214 0.050000 0.096093 0.343789 0.081666 2.000000 0.343363 0.093218 2.000000 0.342806 0.113798 2.000000 0.347466 0.136605 2.000000 0.344670 0.160984 2.000000 0.340476 0.172597 2.000000
0 0.259091 0.149867 0.216160 0.086935 0.180190 0.125872 2.000000 0.205614 0.131206 2.000000 0.249199 0.143465 2.000000 0.304285 0.158106 2.000000 0.324867 0.173429 2.000000 0.335965 0.184439 2.000000
0 0.609722 0.126172 0.246330 0.031140 0.724139 0.125851 2.000000 0.694701 0.122918 2.000000 0.643489 0.121193 2.000000 0.582159 0.121021 2.000000 0.519908 0.126368 2.000000 0.501509 0.134303 2.000000
0 0.617129 0.115235 0.064815 0.109115 0.605725 0.065930 2.000000 0.608372 0.073798 2.000000 0.611774 0.092723 2.000000 0.000000 0.000000 0.000000 0.614798 0.141844 2.000000 0.599677 0.153114 2.000000
0 0.353496 0.475971 0.427320 0.206391 0.177172 0.413993 2.000000 0.218877 0.428655 2.000000 0.278368 0.450906 2.000000 0.353499 0.484887 2.000000 0.454694 0.519214 2.000000 0.518172 0.516626 2.000000
0 0.250734 0.627510 0.159437 0.124706 0.196300 0.679184 2.000000 0.207216 0.668197 2.000000 0.224451 0.648484 2.000000 0.248006 0.619399 2.000000 0.273860 0.600978 2.000000 0.289946 0.589991 2.000000
0 0.187721 0.728253 0.121024 0.132773 0.162244 0.672316 2.000000 0.166024 0.688051 2.000000 0.176988 0.712293 2.000000 0.194755 0.740149 2.000000 0.201182 0.766943 2.000000 0.198158 0.778638 2.000000
0 0.394308 0.636180 0.172291 0.118812 0.336519 0.680183 2.000000 0.352018 0.670402 2.000000 0.376590 0.650626 2.000000 0.412882 0.629787 2.000000 0.432918 0.609373 2.000000 0.445393 0.593424 2.000000
0 0.551202 0.693319 0.163133 0.217820 0.522134 0.787569 2.000000 0.531207 0.764604 2.000000 0.541414 0.732494 2.000000 0.559182 0.682735 2.000000 0.573169 0.637654 2.000000 0.579596 0.614689 2.000000
0 0.628131 0.671458 0.187975 0.104088 0.687867 0.706417 2.000000 0.675284 0.696979 2.000000 0.647788 0.678367 2.000000 0.607709 0.649531 2.000000 0.574621 0.644288 2.000000 0.547591 0.640094 2.000000
0 0.309972 0.893626 0.262883 0.042435 0.189624 0.890112 2.000000 0.212460 0.892472 2.000000 0.260461 0.893520 2.000000 0.329900 0.899287 2.000000 0.358328 0.900860 2.000000 0.386290 0.897190 2.000000
0 0.538180 0.843005 0.164177 0.111839 0.480123 0.879879 2.000000 0.493616 0.872116 2.000000 0.517535 0.855902 2.000000 0.556480 0.832960 2.000000 0.575492 0.818644 2.000000 0.589905 0.803809 2.000000
