0 0.177456 0.057173 0.164225 0.114346 0.000000 0.000000 0.000000 0.117973 0.008798 2.000000 0.144057 0.027085 2.000000 0.181105 0.062172 2.000000 0.206433 0.083011 2.000000 0.240456 0.100661 2.000000
0 0.207498 0.175673 0.239882 0.087717 0.106742 0.147647 2.000000 0.130872 0.153464 2.000000 0.175684 0.167037 2.000000 0.234284 0.181579 2.000000 0.275649 0.196445 2.000000 0.299204 0.210018 2.000000
0 0.325369 0.138458 0.197915 0.110667 0.247258 0.181285 2.000000 0.265964 0.169556 2.000000 0.299389 0.152479 2.000000 0.347534 0.130228 2.000000 0.376359 0.113496 2.000000 0.393532 0.097799 2.000000
0 0.543546 0.158529 0.251113 0.092518 0.647892 0.191351 2.000000 0.621275 0.180857 2.000000 0.572271 0.165605 2.000000 0.511079 0.147555 2.000000 0.461328 0.137481 2.000000 0.427498 0.136082 2.000000
0 0.485282 0.375649 0.079305 0.109695 0.472448 0.426169 2.000000 0.475472 0.413198 2.000000 0.483033 0.383215 2.000000 0.491728 0.358122 2.000000 0.504203 0.337071 2.000000 0.509048 0.324888 2.000000
0 0.267993 0.319140 0.394127 0.226698 0.143436 0.238567 2.000000 0.185776 0.256004 2.000000 0.259115 0.287050 2.000000 0.346819 0.320648 2.000000 0.388025 0.374022 2.000000 0.376136 0.408683 2.000000
0 0.164016 0.777440 0.058635 0.140431 0.170113 0.711817 2.000000 0.169647 0.727283 2.000000 0.165919 0.754808 2.000000 0.157996 0.785217 2.000000 0.151006 0.818509 2.000000 0.150540 0.840529 2.000000
0 0.561508 0.783464 0.189262 0.100567 0.488876 0.820300 2.000000 0.504050 0.813163 2.000000 0.530666 0.797772 2.000000 0.571461 0.777623 2.000000 0.602306 0.765310 2.000000 0.618475 0.757195 2.000000
0 0.230953 0.840885 0.194385 0.090833 0.300055 0.868609 2.000000 0.280812 0.861735 2.000000 0.239801 0.847317 2.000000 0.191333 0.828442 2.000000 0.169896 0.811665 2.000000 0.168032 0.796199 2.000000
0 0.368561 0.889248 0.130338 0.120368 0.339171 0.933801 2.000000 0.345638 0.924286 2.000000 0.366036 0.898120 2.000000 0.389667 0.869296 2.000000 0.383200 0.845370 2.000000 0.369021 0.833476 2.000000
0 0.591934 0.881385 0.160550 0.203394 0.630696 0.976316 2.000000 0.622985 0.956447 2.000000 0.608806 0.921187 2.000000 0.582936 0.872354 2.000000 0.571493 0.834015 2.000000 0.575473 0.794697 2.000000
0 0.387582 0.946402 0.202580 0.094097 0.312277 0.977594 2.000000 0.325958 0.972137 2.000000 0.352077 0.958285 2.000000 0.392624 0.938276 2.000000 0.423966 0.926242 2.000000 0.453568 0.917567 2.000000
