0 0.196926 0.034538 0.229915 0.064258 0.093430 0.058322 2.000000 0.111092 0.047548 2.000000 0.148404 0.030618 2.000000 0.200891 0.013687 2.000000 0.257855 0.014527 2.000000 0.283227 0.024041 2.000000
0 0.214554 0.205288 0.241570 0.054321 0.097929 0.195040 2.000000 0.121560 0.193221 2.000000 0.172803 0.194760 2.000000 0.241707 0.196439 2.000000 0.281756 0.206933 2.000000 0.301407 0.221485 2.000000
0 0.272902 0.182581 0.184017 0.108176 0.204269 0.227071 2.000000 0.223171 0.212612 2.000000 0.000000 0.000000 0.000000 0.279498 0.180289 2.000000 0.318436 0.155197 2.000000 0.338151 0.144778 2.000000
0 0.609113 0.206850 0.227404 0.119227 0.687587 0.249442 2.000000 0.667816 0.236621 2.000000 0.633723 0.222169 2.000000 0.587302 0.201658 2.000000 0.540690 0.176915 2.000000 0.533022 0.158414 2.000000
0 0.324994 0.336518 0.436661 0.112359 0.121957 0.311562 2.000000 0.179915 0.309664 2.000000 0.287244 0.315874 2.000000 0.384146 0.326051 2.000000 0.462650 0.354857 2.000000 0.493009 0.381249 2.000000
0 0.493596 0.581250 0.058796 0.131250 0.489533 0.638431 2.000000 0.489911 0.625460 2.000000 0.491045 0.605258 2.000000 0.495581 0.573999 2.000000 0.489533 0.544867 2.000000 0.488777 0.529769 2.000000
0 0.182947 0.680079 0.086521 0.134149 0.169380 0.616883 2.000000 0.169846 0.633135 2.000000 0.174972 0.655680 2.000000 0.175438 0.687399 2.000000 0.182429 0.721740 2.000000 0.198274 0.738255 2.000000
0 0.314936 0.920721 0.212472 0.062238 0.221435 0.937882 2.000000 0.236947 0.932712 2.000000 0.282908 0.927218 2.000000 0.330019 0.923663 2.000000 0.365639 0.912029 2.000000 0.382874 0.899749 2.000000
0 0.277734 0.848179 0.245151 0.108254 0.362780 0.806927 2.000000 0.339408 0.820074 2.000000 0.309662 0.833619 2.000000 0.265750 0.852344 2.000000 0.219006 0.872661 2.000000 0.189260 0.885410 2.000000
0 0.487897 0.827365 0.106286 0.108376 0.513774 0.867483 2.000000 0.506969 0.856135 2.000000 0.496523 0.837312 2.000000 0.481888 0.816818 2.000000 0.467537 0.795923 2.000000 0.460163 0.781978 2.000000
0 0.599476 0.869803 0.196111 0.208879 0.654684 0.961878 2.000000 0.638176 0.941639 2.000000 0.616155 0.910936 2.000000 0.576823 0.856978 2.000000 0.553312 0.820656 2.000000 0.547471 0.785003 2.000000
0 0.332798 0.951312 0.221725 0.050326 0.230427 0.961743 2.000000 0.254068 0.959394 2.000000 0.291516 0.956860 2.000000 0.352724 0.953611 2.000000 0.387478 0.949316 2.000000 0.413479 0.941567 2.000000
