0 0.180760 0.129955 0.145900 0.129785 0.151291 0.184199 2.000000 0.150371 0.167812 2.000000 0.153438 0.135901 2.000000 0.166624 0.103990 2.000000 0.210782 0.086741 2.000000 0.236848 0.081393 2.000000
0 0.235875 0.232220 0.134846 0.132628 0.192022 0.288931 2.000000 0.198240 0.274379 2.000000 0.215404 0.251852 2.000000 0.240777 0.220789 2.000000 0.262169 0.196862 2.000000 0.279582 0.182450 2.000000
0 0.163822 0.322656 0.060185 0.119792 0.000000 0.000000 0.000000 0.155213 0.367540 2.000000 0.150553 0.343947 2.000000 0.140766 0.312228 2.000000 0.152417 0.290208 2.000000 0.166864 0.273955 2.000000
0 0.299706 0.342673 0.445011 0.183633 0.120653 0.407782 2.000000 0.165261 0.385667 2.000000 0.236332 0.359725 2.000000 0.329707 0.325489 2.000000 0.423838 0.302098 2.000000 0.467690 0.287425 2.000000
0 0.647156 0.319531 0.101152 0.129938 0.664719 0.378886 2.000000 0.659187 0.365750 2.000000 0.649987 0.340911 2.000000 0.635574 0.306757 2.000000 0.629135 0.283471 2.000000 0.617175 0.272086 2.000000
0 0.174957 0.641871 0.143267 0.141617 0.131094 0.583880 2.000000 0.139948 0.600919 2.000000 0.152065 0.621891 2.000000 0.173503 0.651251 2.000000 0.198202 0.687165 2.000000 0.219640 0.697913 2.000000
0 0.477334 0.745631 0.079460 0.144570 0.466615 0.804346 2.000000 0.468883 0.792225 2.000000 0.472664 0.764581 2.000000 0.479090 0.730771 2.000000 0.484005 0.708443 2.000000 0.490431 0.691857 2.000000
0 0.329290 0.821764 0.192971 0.128335 0.395466 0.768819 2.000000 0.379098 0.782537 2.000000 0.346035 0.804818 2.000000 0.307243 0.829862 2.000000 0.278926 0.849933 2.000000 0.268287 0.864756 2.000000
0 0.476633 0.851187 0.056633 0.104118 0.471123 0.894661 2.000000 0.471736 0.884311 2.000000 0.475416 0.857920 2.000000 0.477256 0.833253 2.000000 0.475109 0.812899 2.000000 0.000000 0.000000 0.000000
0 0.588007 0.840294 0.247002 0.198726 0.671061 0.920362 2.000000 0.646836 0.901906 2.000000 0.606357 0.866200 2.000000 0.557293 0.817557 2.000000 0.526934 0.782196 2.000000 0.514975 0.760634 2.000000
0 0.250533 0.949388 0.240084 0.050184 0.146230 0.959797 2.000000 0.171354 0.958398 2.000000 0.205184 0.954760 2.000000 0.277322 0.949723 2.000000 0.308664 0.944266 2.000000 0.328813 0.937829 2.000000
0 0.246547 0.915144 0.225633 0.076972 0.150707 0.895853 2.000000 0.170607 0.903688 2.000000 0.217373 0.918240 2.000000 0.273342 0.932372 2.000000 0.310157 0.933212 2.000000 0.341997 0.932372 2.000000
