0 0.167483 0.143750 0.074473 0.153260 0.160769 0.215286 2.000000 0.164251 0.201014 2.000000 0.172211 0.178066 2.000000 0.179425 0.138748 2.000000 0.168978 0.109924 2.000000 0.152809 0.089635 2.000000
0 0.233239 0.246617 0.137094 0.134957 0.191493 0.304796 2.000000 0.198484 0.289067 2.000000 0.218523 0.261804 2.000000 0.239494 0.232182 2.000000 0.260000 0.211735 2.000000 0.270253 0.199152 2.000000
0 0.636472 0.333383 0.133086 0.143517 0.665959 0.394189 2.000000 0.659532 0.382069 2.000000 0.648191 0.358252 2.000000 0.631179 0.327206 2.000000 0.620216 0.301901 2.000000 0.615302 0.285953 2.000000
0 0.308312 0.349121 0.446142 0.202111 0.118533 0.428276 2.000000 0.160476 0.405993 2.000000 0.227584 0.377420 2.000000 0.328714 0.338360 2.000000 0.409804 0.309787 2.000000 0.447552 0.295631 2.000000
0 0.166216 0.632001 0.165102 0.160578 0.122474 0.568574 2.000000 0.133059 0.583672 2.000000 0.154607 0.609402 2.000000 0.184472 0.641298 2.000000 0.196947 0.664902 2.000000 0.192788 0.686592 2.000000
0 0.341769 0.815932 0.194978 0.142094 0.397389 0.761598 2.000000 0.383023 0.777122 2.000000 0.362609 0.795409 2.000000 0.332745 0.820076 2.000000 0.296831 0.846019 2.000000 0.269235 0.857501 2.000000
0 0.480603 0.765360 0.067164 0.124906 0.471600 0.825083 2.000000 0.470188 0.815094 2.000000 0.471802 0.792848 2.000000 0.474223 0.751306 2.000000 0.485321 0.728946 2.000000 0.497428 0.711808 2.000000
0 0.472999 0.856675 0.063360 0.112692 0.460728 0.901154 2.000000 0.465167 0.891960 2.000000 0.473238 0.871870 2.000000 0.477879 0.846219 2.000000 0.477879 0.827264 2.000000 0.473037 0.804677 2.000000
0 0.595260 0.829557 0.256905 0.196898 0.681641 0.906751 2.000000 0.657263 0.891220 2.000000 0.617740 0.859137 2.000000 0.556842 0.816803 2.000000 0.515477 0.778346 2.000000 0.509731 0.749907 2.000000
0 0.258613 0.955420 0.253336 0.052102 0.150177 0.963065 2.000000 0.179285 0.959238 2.000000 0.220869 0.953922 2.000000 0.276441 0.949881 2.000000 0.325585 0.946266 2.000000 0.361121 0.944778 2.000000
0 0.228633 0.913572 0.237047 0.113550 0.154380 0.881415 2.000000 0.167990 0.892047 2.000000 0.198610 0.907783 2.000000 0.250401 0.934151 2.000000 0.287827 0.933513 2.000000 0.312021 0.925432 2.000000
0 0.167593 0.371354 0.116346 0.138086 0.199600 0.430553 2.000000 0.000000 0.000000 0.000000 0.000000 0.000000 0.000000 0.167117 0.361555 2.000000 0.150251 0.337579 2.000000 0.138598 0.321882 2.000000
