0 0.182291 0.260960 0.087141 0.115553 0.000000 0.000000 0.000000 0.177328 0.305982 2.000000 0.173583 0.278253 2.000000 0.172050 0.248411 2.000000 0.188609 0.228402 2.000000 0.212221 0.219433 2.000000
0 0.195867 0.317600 0.097599 0.128191 0.169599 0.378696 2.000000 0.171439 0.362481 2.000000 0.179412 0.330742 2.000000 0.193825 0.301764 2.000000 0.208712 0.281701 2.000000 0.200878 0.263988 2.000000
0 0.636232 0.419922 0.070181 0.141814 0.635719 0.483464 2.000000 0.636728 0.469049 2.000000 0.634509 0.437269 2.000000 0.630675 0.406283 2.000000 0.626639 0.385852 2.000000 0.627043 0.370530 2.000000
0 0.257022 0.428777 0.329167 0.255479 0.138592 0.537037 2.000000 0.164044 0.504091 2.000000 0.205443 0.462348 2.000000 0.258187 0.403872 2.000000 0.312158 0.356264 2.000000 0.351717 0.326941 2.000000
0 0.256140 0.542839 0.069430 0.128291 0.000000 0.000000 0.000000 0.000000 0.000000 0.000000 0.253354 0.567076 2.000000 0.249573 0.534754 2.000000 0.247305 0.507536 2.000000 0.244659 0.492013 2.000000
0 0.234556 0.583578 0.238912 0.118883 0.141937 0.539190 2.000000 0.163485 0.549610 2.000000 0.203557 0.567897 2.000000 0.254592 0.590012 2.000000 0.292002 0.611073 2.000000 0.315063 0.627004 2.000000
0 0.234425 0.967969 0.239352 0.060937 0.128009 0.982962 2.000000 0.159386 0.981048 2.000000 0.223652 0.979347 2.000000 0.286406 0.975945 2.000000 0.318161 0.965100 2.000000 0.334416 0.942772 2.000000
0 0.206532 0.873018 0.165541 0.146905 0.158361 0.815993 2.000000 0.165544 0.832154 2.000000 0.182556 0.855757 2.000000 0.205238 0.886803 2.000000 0.230566 0.908068 2.000000 0.255517 0.922740 2.000000
0 0.404520 0.728907 0.149261 0.129933 0.444414 0.679735 2.000000 0.431939 0.693557 2.000000 0.417196 0.710356 2.000000 0.397538 0.733534 2.000000 0.370319 0.765856 2.000000 0.368051 0.783506 2.000000
0 0.439429 0.784375 0.043056 0.123438 0.437201 0.839194 2.000000 0.437508 0.826774 2.000000 0.439655 0.804178 2.000000 0.442108 0.774854 2.000000 0.442108 0.746910 2.000000 0.443028 0.731041 2.000000
0 0.466973 0.882014 0.169146 0.126650 0.414040 0.928990 2.000000 0.429463 0.919895 2.000000 0.455084 0.899467 2.000000 0.488417 0.870643 2.000000 0.490904 0.851193 2.000000 0.493143 0.835802 2.000000
0 0.553875 0.769045 0.369720 0.165758 0.687572 0.830603 2.000000 0.650755 0.814350 2.000000 0.596695 0.783155 2.000000 0.530052 0.749076 2.000000 0.472264 0.730202 2.000000 0.416682 0.717392 2.000000
