0 0.315348 0.095349 0.243171 0.057996 0.215048 0.110766 2.000000 0.239748 0.103950 2.000000 0.281224 0.096086 2.000000 0.343673 0.088221 2.000000 0.395869 0.089270 2.000000 0.420568 0.091629 2.000000
0 0.262603 0.144721 0.260051 0.079270 0.147136 0.165859 2.000000 0.176496 0.156684 2.000000 0.225896 0.145937 2.000000 0.293004 0.136237 2.000000 0.325161 0.129946 2.000000 0.348928 0.123654 2.000000
0 0.569039 0.160442 0.265486 0.059406 0.681474 0.178977 2.000000 0.655768 0.170046 2.000000 0.589990 0.157925 2.000000 0.520053 0.148994 2.000000 0.485652 0.149207 2.000000 0.455409 0.151971 2.000000
0 0.178359 0.331206 0.086884 0.129422 0.162525 0.275878 2.000000 0.161530 0.288611 2.000000 0.162774 0.311418 2.000000 0.168246 0.343181 2.000000 0.189639 0.368087 2.000000 0.198843 0.383478 2.000000
0 0.335991 0.377445 0.140776 0.248940 0.306070 0.264402 2.000000 0.310976 0.288723 2.000000 0.320176 0.331502 2.000000 0.335815 0.397739 2.000000 0.343482 0.453972 2.000000 0.345015 0.479673 2.000000
0 0.538270 0.239491 0.176740 0.117527 0.472423 0.284893 2.000000 0.487922 0.272985 2.000000 0.513251 0.251933 2.000000 0.544628 0.224076 2.000000 0.578651 0.205364 2.000000 0.600955 0.194306 2.000000
0 0.322190 0.933604 0.239119 0.038527 0.208559 0.928824 2.000000 0.234318 0.931066 2.000000 0.284916 0.932963 2.000000 0.354834 0.936241 2.000000 0.390099 0.937621 2.000000 0.417391 0.935206 2.000000
0 0.539613 0.883192 0.151838 0.110539 0.490449 0.926740 2.000000 0.502924 0.919084 2.000000 0.525228 0.903774 2.000000 0.557361 0.881659 2.000000 0.573995 0.859119 2.000000 0.569863 0.843268 2.000000
0 0.702114 0.740042 0.060910 0.119395 0.696077 0.796573 2.000000 0.697917 0.784326 2.000000 0.698837 0.762793 2.000000 0.698742 0.731293 2.000000 0.699757 0.707912 2.000000 0.700064 0.688937 2.000000
0 0.283205 0.862776 0.069495 0.119378 0.268354 0.915765 2.000000 0.269349 0.905131 2.000000 0.000000 0.000000 0.000000 0.286513 0.854619 2.000000 0.285767 0.830412 2.000000 0.278553 0.811662 2.000000
0 0.243901 0.833543 0.165833 0.136214 0.294971 0.895250 2.000000 0.282534 0.885175 2.000000 0.259649 0.863208 2.000000 0.227311 0.829066 2.000000 0.208655 0.807938 2.000000 0.201441 0.789329 2.000000
0 0.639439 0.765882 0.138021 0.199476 0.668594 0.857523 2.000000 0.664365 0.838353 2.000000 0.653420 0.803653 2.000000 0.636256 0.755379 2.000000 0.616854 0.716621 2.000000 0.605411 0.690735 2.000000
