0 0.178125 0.246012 0.114738 0.126408 0.150611 0.299337 2.000000 0.158571 0.283386 2.000000 0.174989 0.258759 2.000000 0.198123 0.229935 2.000000 0.193645 0.207128 2.000000 0.173745 0.193276 2.000000
0 0.200702 0.297849 0.121902 0.130931 0.165130 0.352055 2.000000 0.170800 0.335469 2.000000 0.184788 0.306336 2.000000 0.209360 0.275928 2.000000 0.218055 0.254451 2.000000 0.218811 0.238077 2.000000
0 0.629288 0.401302 0.060560 0.126562 0.631165 0.459596 2.000000 0.632085 0.445107 2.000000 0.633925 0.420785 2.000000 0.633925 0.386804 2.000000 0.622272 0.363862 2.000000 0.613686 0.347821 2.000000
0 0.245384 0.416539 0.344108 0.251607 0.120404 0.523148 2.000000 0.149298 0.492740 2.000000 0.199629 0.446603 2.000000 0.275593 0.386572 2.000000 0.321730 0.347512 2.000000 0.359479 0.321298 2.000000
0 0.249978 0.532805 0.065476 0.122743 0.253965 0.584853 2.000000 0.250237 0.570960 2.000000 0.247441 0.540551 2.000000 0.244933 0.513712 2.000000 0.243247 0.488909 2.000000 0.241848 0.471607 2.000000
0 0.197755 0.576318 0.220898 0.130814 0.126565 0.527548 2.000000 0.145884 0.541175 2.000000 0.183296 0.563082 2.000000 0.233587 0.585333 2.000000 0.251066 0.609655 2.000000 0.249840 0.628112 2.000000
0 0.386134 0.744638 0.143822 0.134083 0.428256 0.690433 2.000000 0.414457 0.707854 2.000000 0.397898 0.732003 2.000000 0.378272 0.760120 2.000000 0.358646 0.783061 2.000000 0.339327 0.795653 2.000000
0 0.439429 0.783073 0.049058 0.111776 0.436347 0.839063 2.000000 0.437342 0.827169 2.000000 0.438337 0.802683 2.000000 0.442068 0.771340 2.000000 0.443561 0.748113 2.000000 0.443312 0.731462 2.000000
0 0.572384 0.772778 0.361405 0.179894 0.698402 0.838254 2.000000 0.665070 0.823702 2.000000 0.615817 0.801734 2.000000 0.546167 0.771231 2.000000 0.483730 0.739469 2.000000 0.445422 0.718481 2.000000
0 0.200470 0.876361 0.166927 0.142826 0.154717 0.823026 2.000000 0.163790 0.838762 2.000000 0.185338 0.866193 2.000000 0.213691 0.898302 2.000000 0.235239 0.918291 2.000000 0.260945 0.929136 2.000000
0 0.461669 0.878528 0.113390 0.123241 0.429231 0.927086 2.000000 0.437817 0.916391 2.000000 0.456830 0.892415 2.000000 0.476456 0.866886 2.000000 0.471549 0.847739 2.000000 0.461430 0.832042 2.000000
0 0.230026 0.959635 0.252777 0.080209 0.000000 0.000000 0.000000 0.000000 0.000000 0.000000 0.190651 0.986449 2.000000 0.247508 0.962332 2.000000 0.295509 0.946603 2.000000 0.324869 0.931923 2.000000
