0 0.166888 0.235906 0.112519 0.138649 0.149431 0.177305 2.000000 0.152256 0.189563 2.000000 0.164161 0.211696 2.000000 0.184137 0.254486 2.000000 0.177075 0.276505 2.000000 0.157300 0.286266 2.000000
0 0.258958 0.132334 0.258367 0.054393 0.141466 0.141607 2.000000 0.172465 0.136291 2.000000 0.223877 0.132676 2.000000 0.305911 0.132038 2.000000 0.341825 0.124170 2.000000 0.361104 0.110135 2.000000
0 0.360521 0.100299 0.227779 0.087236 0.000000 0.000000 0.000000 0.000000 0.000000 0.000000 0.305533 0.115451 2.000000 0.364885 0.097377 2.000000 0.412895 0.085681 2.000000 0.434065 0.072285 2.000000
0 0.555555 0.161979 0.272223 0.071634 0.672657 0.184602 2.000000 0.648889 0.176213 2.000000 0.603218 0.167562 2.000000 0.548226 0.156552 2.000000 0.482049 0.149999 2.000000 0.451291 0.149474 2.000000
0 0.534134 0.248803 0.181732 0.130202 0.471451 0.299525 2.000000 0.483154 0.287948 2.000000 0.505350 0.268880 2.000000 0.531380 0.241639 2.000000 0.565279 0.216215 2.000000 0.590703 0.207135 2.000000
0 0.313511 0.355102 0.175196 0.248479 0.274598 0.246364 2.000000 0.284049 0.271456 2.000000 0.299171 0.314198 2.000000 0.318451 0.373313 2.000000 0.333572 0.433492 2.000000 0.349828 0.465814 2.000000
0 0.300658 0.941458 0.264501 0.036982 0.181917 0.937503 2.000000 0.207676 0.938883 2.000000 0.254901 0.940263 2.000000 0.314392 0.944058 2.000000 0.358243 0.945782 2.000000 0.393508 0.945955 2.000000
0 0.520435 0.891369 0.177340 0.116718 0.459088 0.935462 2.000000 0.474421 0.923905 2.000000 0.498033 0.904586 2.000000 0.529618 0.878885 2.000000 0.559670 0.862843 2.000000 0.583589 0.857841 2.000000
0 0.272003 0.872135 0.054761 0.109896 0.264432 0.920605 2.000000 0.264930 0.910251 2.000000 0.266671 0.887024 2.000000 0.000000 0.000000 0.000000 0.268164 0.841829 2.000000 0.272641 0.822379 2.000000
0 0.279705 0.869897 0.214468 0.118602 0.356259 0.917208 2.000000 0.337860 0.909446 2.000000 0.303208 0.890644 2.000000 0.267942 0.861148 2.000000 0.244637 0.842346 2.000000 0.212745 0.833721 2.000000
0 0.687977 0.746992 0.112758 0.125617 0.653360 0.800587 2.000000 0.662813 0.790793 2.000000 0.677449 0.769122 2.000000 0.689562 0.742569 2.000000 0.695151 0.717753 2.000000 0.705598 0.700263 2.000000
0 0.661073 0.818649 0.109336 0.196179 0.676018 0.910093 2.000000 0.677245 0.891808 2.000000 0.673259 0.841440 2.000000 0.000000 0.000000 0.000000 0.649953 0.766234 2.000000 0.634927 0.740877 2.000000
