0 0.272820 0.170359 0.170100 0.124379 0.222875 0.124366 2.000000 0.236485 0.134786 2.000000 0.260679 0.158390 2.000000 0.286763 0.176890 2.000000 0.307555 0.199855 2.000000 0.322677 0.214315 2.000000
0 0.353349 0.136688 0.182251 0.123330 0.298911 0.095124 2.000000 0.311483 0.105819 2.000000 0.333256 0.129450 2.000000 0.368521 0.162224 2.000000 0.400413 0.167054 2.000000 0.427399 0.157912 2.000000
0 0.622685 0.128516 0.250926 0.045573 0.737426 0.123723 2.000000 0.706755 0.121794 2.000000 0.646019 0.122021 2.000000 0.576808 0.124291 2.000000 0.520323 0.130770 2.000000 0.517485 0.140181 2.000000
0 0.647361 0.109764 0.136679 0.102868 0.673778 0.072064 2.000000 0.659790 0.081420 2.000000 0.636352 0.103748 2.000000 0.616694 0.138622 2.000000 0.631438 0.146489 2.000000 0.648449 0.156271 2.000000
0 0.363426 0.496094 0.422222 0.086979 0.163830 0.492034 2.000000 0.226864 0.491636 2.000000 0.293439 0.492831 2.000000 0.415966 0.499603 2.000000 0.499353 0.489654 2.000000 0.537077 0.464147 2.000000
0 0.273647 0.607327 0.220809 0.104094 0.184243 0.639241 2.000000 0.203145 0.628184 2.000000 0.241327 0.610960 2.000000 0.291606 0.590546 2.000000 0.326385 0.586505 2.000000 0.357762 0.581827 2.000000
0 0.483677 0.575308 0.170299 0.114945 0.427068 0.617523 2.000000 0.441981 0.607562 2.000000 0.461089 0.592095 2.000000 0.490449 0.569026 2.000000 0.520275 0.549628 2.000000 0.538450 0.533637 2.000000
0 0.236800 0.819700 0.214932 0.120343 0.159557 0.778688 2.000000 0.174470 0.790484 2.000000 0.201034 0.809883 2.000000 0.235520 0.827971 2.000000 0.281658 0.843437 2.000000 0.309154 0.843699 2.000000
0 0.302509 0.912155 0.222206 0.041498 0.200980 0.910563 2.000000 0.225109 0.909164 2.000000 0.273864 0.906086 2.000000 0.337295 0.901888 2.000000 0.369882 0.907065 2.000000 0.394259 0.918679 2.000000
0 0.565098 0.822423 0.162595 0.104716 0.506692 0.863096 2.000000 0.524478 0.851711 2.000000 0.549010 0.833427 2.000000 0.579982 0.814108 2.000000 0.606048 0.800826 2.000000 0.614021 0.789786 2.000000
0 0.553346 0.699134 0.141149 0.195305 0.525091 0.786854 2.000000 0.532451 0.762877 2.000000 0.545330 0.728379 2.000000 0.557290 0.678873 2.000000 0.573849 0.637302 2.000000 0.586422 0.618156 2.000000
0 0.628376 0.672193 0.209548 0.106593 0.703440 0.706897 2.000000 0.681892 0.695627 2.000000 0.637283 0.673724 2.000000 0.599858 0.653310 2.000000 0.577932 0.648632 2.000000 0.549201 0.646931 2.000000
