0 0.269620 0.082712 0.236944 0.047547 0.163610 0.075377 2.000000 0.192719 0.075589 2.000000 0.247156 0.080905 2.000000 0.306886 0.089624 2.000000 0.342043 0.092388 2.000000 0.369262 0.090900 2.000000
0 0.243720 0.139845 0.259739 0.076165 0.142367 0.156018 2.000000 0.169964 0.146236 2.000000 0.214572 0.134966 2.000000 0.274301 0.123696 2.000000 0.313617 0.123058 2.000000 0.342348 0.124546 2.000000
0 0.589036 0.152302 0.261878 0.049194 0.698519 0.166504 2.000000 0.670923 0.159912 2.000000 0.609681 0.152257 2.000000 0.540500 0.144815 2.000000 0.498538 0.144815 2.000000 0.472076 0.146941 2.000000
0 0.569733 0.183540 0.180598 0.075425 0.498863 0.210509 2.000000 0.522301 0.200515 2.000000 0.565019 0.182652 2.000000 0.000000 0.000000 0.000000 0.000000 0.000000 0.000000 0.000000 0.000000 0.000000
0 0.337410 0.419185 0.194305 0.264406 0.298645 0.299452 2.000000 0.309364 0.326977 2.000000 0.318684 0.379406 2.000000 0.327073 0.439699 2.000000 0.351773 0.490555 2.000000 0.370414 0.519129 2.000000
0 0.180348 0.507357 0.085600 0.146238 0.168131 0.447862 2.000000 0.167518 0.462006 2.000000 0.171811 0.489605 2.000000 0.177637 0.523758 2.000000 0.183157 0.548942 2.000000 0.184997 0.561879 2.000000
0 0.217541 0.743750 0.067335 0.135416 0.217209 0.801081 2.000000 0.213836 0.788489 2.000000 0.213223 0.760373 2.000000 0.211996 0.730876 2.000000 0.214756 0.703795 2.000000 0.228961 0.687753 2.000000
0 0.291528 0.795108 0.085461 0.139364 0.277924 0.856984 2.000000 0.277924 0.844139 2.000000 0.282118 0.817662 2.000000 0.289575 0.781486 2.000000 0.292837 0.762088 2.000000 0.300760 0.743213 2.000000
0 0.582819 0.724609 0.156952 0.201302 0.620826 0.814160 2.000000 0.615580 0.798497 2.000000 0.606313 0.770281 2.000000 0.590001 0.734367 2.000000 0.564836 0.680890 2.000000 0.548990 0.658083 2.000000
0 0.672987 0.723952 0.119599 0.127070 0.701375 0.775721 2.000000 0.694192 0.764663 2.000000 0.683229 0.744462 2.000000 0.662059 0.711927 2.000000 0.655254 0.692151 2.000000 0.651852 0.671950 2.000000
0 0.353274 0.926977 0.220303 0.052776 0.250678 0.932688 2.000000 0.284410 0.933723 2.000000 0.339607 0.936138 2.000000 0.409525 0.935448 2.000000 0.443563 0.921303 2.000000 0.453333 0.909048 2.000000
0 0.512441 0.906122 0.131434 0.102809 0.481354 0.946834 2.000000 0.488407 0.936829 2.000000 0.501287 0.910265 2.000000 0.511407 0.885254 2.000000 0.540539 0.870937 2.000000 0.563231 0.869212 2.000000
