0 0.310357 0.096724 0.242044 0.031339 0.195018 0.101382 2.000000 0.222237 0.097342 2.000000 0.267601 0.095215 2.000000 0.333002 0.093514 2.000000 0.378744 0.093089 2.000000 0.407941 0.090933 2.000000
0 0.240642 0.145794 0.228697 0.088511 0.147922 0.169632 2.000000 0.172494 0.160488 2.000000 0.214834 0.151132 2.000000 0.288173 0.140287 2.000000 0.317660 0.128166 2.000000 0.325977 0.109879 2.000000
0 0.570852 0.160918 0.256661 0.056206 0.684614 0.178372 2.000000 0.658856 0.170350 2.000000 0.605182 0.161270 2.000000 0.536173 0.152530 2.000000 0.481893 0.150828 2.000000 0.457881 0.153438 2.000000
0 0.539143 0.235220 0.180767 0.117532 0.475499 0.274798 2.000000 0.492743 0.263264 2.000000 0.518841 0.242555 2.000000 0.547735 0.221059 2.000000 0.584465 0.196737 2.000000 0.605930 0.187077 2.000000
0 0.182710 0.370937 0.100383 0.131706 0.153658 0.311373 2.000000 0.159328 0.325833 2.000000 0.169157 0.350074 2.000000 0.182010 0.382822 2.000000 0.196376 0.409402 2.000000 0.200912 0.427052 2.000000
0 0.334153 0.389054 0.145106 0.259879 0.308366 0.270928 2.000000 0.313537 0.300336 2.000000 0.326750 0.354304 2.000000 0.342837 0.425077 2.000000 0.345709 0.462887 2.000000 0.343986 0.491326 2.000000
0 0.230888 0.825761 0.151415 0.143595 0.275603 0.884835 2.000000 0.263538 0.872878 2.000000 0.242855 0.845732 2.000000 0.218151 0.813739 2.000000 0.207236 0.791440 2.000000 0.206086 0.772374 2.000000
0 0.283697 0.853964 0.074065 0.127989 0.269479 0.911069 2.000000 0.272239 0.898650 2.000000 0.000000 0.000000 0.000000 0.283585 0.851214 2.000000 0.285118 0.823443 2.000000 0.280825 0.801881 2.000000
0 0.324948 0.932292 0.228601 0.031250 0.215455 0.927501 2.000000 0.242674 0.929840 2.000000 0.296733 0.931966 2.000000 0.363267 0.936857 2.000000 0.406363 0.934305 2.000000 0.423753 0.924311 2.000000
0 0.538551 0.890867 0.105548 0.107095 0.506165 0.934731 2.000000 0.516372 0.923886 2.000000 0.532627 0.905173 2.000000 0.549261 0.880506 2.000000 0.551151 0.863495 2.000000 0.554175 0.850948 2.000000
0 0.698328 0.739192 0.054064 0.123177 0.693739 0.793976 2.000000 0.695232 0.782922 2.000000 0.699958 0.759695 2.000000 0.699958 0.730311 2.000000 0.695481 0.704426 2.000000 0.697222 0.687775 2.000000
0 0.627566 0.754198 0.132648 0.199922 0.655458 0.843770 2.000000 0.651471 0.824968 2.000000 0.644112 0.795989 2.000000 0.632152 0.738204 2.000000 0.611606 0.704050 2.000000 0.586461 0.678694 2.000000
