0 0.175698 0.089347 0.167137 0.153076 0.122893 0.154030 2.000000 0.131588 0.141059 2.000000 0.159184 0.111288 2.000000 0.193207 0.081093 2.000000 0.201524 0.057914 2.000000 0.197366 0.035374 2.000000
0 0.149782 0.269141 0.090618 0.132030 0.133567 0.329881 2.000000 0.133945 0.318399 2.000000 0.143018 0.290755 2.000000 0.153981 0.257157 2.000000 0.146799 0.231852 2.000000 0.163054 0.220157 2.000000
0 0.239510 0.217920 0.136793 0.133431 0.197696 0.275050 2.000000 0.204136 0.260388 2.000000 0.221308 0.233651 2.000000 0.243081 0.203983 2.000000 0.261480 0.180179 2.000000 0.276813 0.164482 2.000000
0 0.640915 0.304864 0.115084 0.135833 0.667720 0.364158 2.000000 0.663733 0.352429 2.000000 0.652080 0.328280 2.000000 0.633068 0.293954 2.000000 0.622948 0.267045 2.000000 0.624481 0.251521 2.000000
0 0.318421 0.338867 0.468384 0.179818 0.127249 0.395502 2.000000 0.169658 0.372695 2.000000 0.236301 0.348578 2.000000 0.333702 0.314237 2.000000 0.431103 0.300343 2.000000 0.487493 0.296673 2.000000
0 0.184501 0.663964 0.176060 0.146749 0.129515 0.603706 2.000000 0.139714 0.619237 2.000000 0.163097 0.644423 2.000000 0.194937 0.673527 2.000000 0.213593 0.697314 2.000000 0.228021 0.714105 2.000000
0 0.482461 0.710891 0.094953 0.144767 0.471012 0.779160 2.000000 0.474494 0.767126 2.000000 0.478972 0.740121 2.000000 0.482703 0.707100 2.000000 0.484195 0.683033 2.000000 0.485439 0.665403 2.000000
0 0.317211 0.827387 0.209314 0.129868 0.390079 0.775443 2.000000 0.371555 0.788839 2.000000 0.340556 0.809041 2.000000 0.304643 0.830093 2.000000 0.268729 0.856461 2.000000 0.250205 0.870070 2.000000
0 0.479244 0.839454 0.061890 0.122465 0.475873 0.890199 2.000000 0.476371 0.879705 2.000000 0.477614 0.854099 2.000000 0.478609 0.828634 2.000000 0.469903 0.808485 2.000000 0.463187 0.795752 2.000000
0 0.596359 0.846729 0.246117 0.197801 0.666589 0.930277 2.000000 0.646689 0.912786 2.000000 0.616342 0.881584 2.000000 0.561368 0.832611 2.000000 0.528532 0.798190 2.000000 0.529279 0.769086 2.000000
0 0.246593 0.920802 0.233156 0.069334 0.144347 0.905262 2.000000 0.164893 0.912161 2.000000 0.215184 0.922511 2.000000 0.268235 0.933206 2.000000 0.302581 0.937173 2.000000 0.345512 0.934758 2.000000
0 0.259690 0.947299 0.237777 0.061811 0.149985 0.963835 2.000000 0.172989 0.961792 2.000000 0.217582 0.956685 2.000000 0.275292 0.950329 2.000000 0.309393 0.945902 2.000000 0.335019 0.931374 2.000000
