0 0.172675 0.077509 0.169771 0.155018 0.123606 0.137445 2.000000 0.132813 0.121509 2.000000 0.156185 0.094817 2.000000 0.184515 0.063743 2.000000 0.201527 0.035559 2.000000 0.198767 0.011927 2.000000
0 0.159576 0.230428 0.157433 0.134204 0.117225 0.286440 2.000000 0.118737 0.271980 2.000000 0.150870 0.239020 2.000000 0.184893 0.214991 2.000000 0.193210 0.190749 2.000000 0.193588 0.174801 2.000000
0 0.248651 0.204653 0.150561 0.128252 0.197701 0.257243 2.000000 0.206869 0.239216 2.000000 0.225045 0.217720 2.000000 0.248812 0.188098 2.000000 0.281435 0.165029 2.000000 0.304047 0.159817 2.000000
0 0.323365 0.332719 0.446245 0.116961 0.118849 0.372609 2.000000 0.170980 0.355877 2.000000 0.243657 0.333970 2.000000 0.345467 0.306889 2.000000 0.450036 0.309994 2.000000 0.507687 0.324138 2.000000
0 0.651125 0.288980 0.123248 0.140909 0.670824 0.347629 2.000000 0.665153 0.334445 2.000000 0.650788 0.308927 2.000000 0.632264 0.273203 2.000000 0.633398 0.245984 2.000000 0.642093 0.230674 2.000000
0 0.175579 0.665843 0.138348 0.138032 0.143393 0.608266 2.000000 0.153513 0.623100 2.000000 0.177432 0.652252 2.000000 0.199511 0.685198 2.000000 0.201964 0.707622 2.000000 0.189085 0.726251 2.000000
0 0.491298 0.690020 0.078205 0.129717 0.478827 0.748147 2.000000 0.482607 0.735176 2.000000 0.484875 0.709021 2.000000 0.486388 0.676486 2.000000 0.493948 0.649055 2.000000 0.500375 0.633319 2.000000
0 0.312798 0.830362 0.208261 0.136088 0.381834 0.780572 2.000000 0.362554 0.794182 2.000000 0.335714 0.810981 2.000000 0.302069 0.833521 2.000000 0.260863 0.860740 2.000000 0.232132 0.872435 2.000000
0 0.482552 0.842533 0.051254 0.109602 0.487226 0.886788 2.000000 0.484738 0.874335 2.000000 0.482500 0.849289 2.000000 0.474540 0.820605 2.000000 0.471306 0.802835 2.000000 0.480012 0.791501 2.000000
0 0.605549 0.854210 0.241372 0.204143 0.674738 0.939238 2.000000 0.651355 0.919509 2.000000 0.623744 0.892784 2.000000 0.558073 0.841013 2.000000 0.542402 0.807291 2.000000 0.548372 0.777814 2.000000
0 0.244879 0.923344 0.211920 0.059698 0.158322 0.912843 2.000000 0.177334 0.919570 2.000000 0.221186 0.928195 2.000000 0.278026 0.936324 2.000000 0.314102 0.931300 2.000000 0.340167 0.919225 2.000000
0 0.281494 0.951903 0.228093 0.053805 0.174876 0.965061 2.000000 0.200737 0.961655 2.000000 0.240668 0.955593 2.000000 0.288179 0.947758 2.000000 0.321761 0.942860 2.000000 0.362573 0.942064 2.000000
