0 0.510980 0.290894 0.078659 0.127742 0.500393 0.350174 2.000000 0.504373 0.335203 2.000000 0.511338 0.310576 2.000000 0.518801 0.275176 2.000000 0.516313 0.247611 2.000000 0.511865 0.233826 2.000000
0 0.197587 0.078583 0.243604 0.137906 0.115680 0.027508 2.000000 0.135455 0.037951 2.000000 0.178434 0.060424 2.000000 0.232713 0.088005 2.000000 0.257331 0.107868 2.000000 0.262981 0.133065 2.000000
0 0.231414 0.174105 0.228530 0.109070 0.144572 0.140628 2.000000 0.167571 0.146838 2.000000 0.220928 0.163742 2.000000 0.275820 0.182199 2.000000 0.297264 0.206705 2.000000 0.287779 0.223425 2.000000
0 0.348048 0.125120 0.202879 0.116324 0.267924 0.168934 2.000000 0.283596 0.157740 2.000000 0.316680 0.139410 2.000000 0.367176 0.114924 2.000000 0.394290 0.096314 2.000000 0.409712 0.079943 2.000000
0 0.550640 0.160089 0.277116 0.095756 0.654323 0.186453 2.000000 0.628871 0.176794 2.000000 0.582873 0.162822 2.000000 0.515716 0.145572 2.000000 0.461744 0.137120 2.000000 0.435985 0.132808 2.000000
0 0.179520 0.881602 0.127864 0.144056 0.149826 0.820033 2.000000 0.151359 0.836937 2.000000 0.163012 0.864364 2.000000 0.183251 0.897827 2.000000 0.199197 0.927324 2.000000 0.182024 0.946470 2.000000
0 0.240584 0.831849 0.127749 0.133426 0.267092 0.884090 2.000000 0.259235 0.874607 2.000000 0.243358 0.846802 2.000000 0.223553 0.814577 2.000000 0.217333 0.794966 2.000000 0.216749 0.779130 2.000000
0 0.355806 0.862688 0.155302 0.109388 0.392841 0.901946 2.000000 0.385876 0.891872 2.000000 0.374433 0.866546 2.000000 0.353040 0.846257 2.000000 0.318464 0.840381 2.000000 0.298564 0.839541 2.000000
0 0.639190 0.752928 0.198009 0.117060 0.564741 0.796634 2.000000 0.583140 0.788355 2.000000 0.619632 0.770588 2.000000 0.647844 0.749026 2.000000 0.668390 0.731949 2.000000 0.690469 0.723325 2.000000
0 0.630972 0.890778 0.159574 0.181464 0.657497 0.960699 2.000000 0.650636 0.949009 2.000000 0.638328 0.925741 2.000000 0.617343 0.882042 2.000000 0.605236 0.836415 2.000000 0.609070 0.807018 2.000000
0 0.435998 0.921837 0.223241 0.105838 0.355727 0.959481 2.000000 0.371527 0.951191 2.000000 0.411757 0.931623 2.000000 0.455307 0.912653 2.000000 0.485048 0.899285 2.000000 0.509877 0.889576 2.000000
0 0.264601 0.297704 0.369636 0.242125 0.142543 0.199569 2.000000 0.173821 0.222683 2.000000 0.228712 0.257010 2.000000 0.291577 0.302720 2.000000 0.335735 0.363093 2.000000 0.340948 0.397419 2.000000
