0 0.157485 0.047266 0.162500 0.094531 0.000000 0.000000 0.000000 0.117399 0.003413 2.000000 0.161206 0.014161 2.000000 0.218528 0.035132 2.000000 0.228315 0.060822 2.000000 0.210606 0.082056 2.000000
0 0.202974 0.191942 0.273375 0.088216 0.096612 0.169261 2.000000 0.121451 0.172883 2.000000 0.168369 0.180991 2.000000 0.224793 0.190650 2.000000 0.271711 0.205657 2.000000 0.296244 0.219974 2.000000
0 0.292155 0.164845 0.191936 0.105779 0.223651 0.205364 2.000000 0.000000 0.000000 0.000000 0.258122 0.181126 2.000000 0.307530 0.155273 2.000000 0.339128 0.136206 2.000000 0.362109 0.125542 2.000000
0 0.523309 0.169935 0.256576 0.103898 0.628373 0.201573 2.000000 0.604148 0.191740 2.000000 0.567043 0.176044 2.000000 0.512765 0.155344 2.000000 0.452661 0.147065 2.000000 0.419542 0.146892 2.000000
0 0.294287 0.334342 0.429636 0.176963 0.129137 0.281370 2.000000 0.181684 0.289026 2.000000 0.273925 0.304761 2.000000 0.375239 0.325601 2.000000 0.416445 0.370044 2.000000 0.408884 0.403216 2.000000
0 0.479017 0.498428 0.071090 0.133587 0.483386 0.553039 2.000000 0.483386 0.540281 2.000000 0.480740 0.512637 2.000000 0.473179 0.474786 2.000000 0.471667 0.454159 2.000000 0.478094 0.437573 2.000000
0 0.169753 0.709245 0.055556 0.138281 0.167447 0.644332 2.000000 0.168193 0.661962 2.000000 0.169966 0.683573 2.000000 0.173228 0.710573 2.000000 0.173694 0.748060 2.000000 0.166238 0.766410 2.000000
0 0.238310 0.847305 0.263604 0.077508 0.335921 0.831816 2.000000 0.312483 0.839046 2.000000 0.273167 0.849891 2.000000 0.223644 0.864776 2.000000 0.165805 0.864563 2.000000 0.142744 0.850529 2.000000
0 0.514822 0.806773 0.096974 0.113046 0.502912 0.854873 2.000000 0.500922 0.843679 2.000000 0.501171 0.814016 2.000000 0.512614 0.787431 2.000000 0.529529 0.775957 2.000000 0.546444 0.766442 2.000000
0 0.589067 0.872294 0.164555 0.207638 0.629132 0.964810 2.000000 0.617413 0.943120 2.000000 0.599645 0.899953 2.000000 0.572805 0.849556 2.000000 0.558440 0.812769 2.000000 0.561086 0.780234 2.000000
0 0.345311 0.903830 0.200089 0.102659 0.274176 0.942452 2.000000 0.289676 0.934797 2.000000 0.326723 0.918423 2.000000 0.369063 0.906940 2.000000 0.389477 0.887377 2.000000 0.390611 0.869727 2.000000
0 0.367434 0.947145 0.241664 0.089236 0.271256 0.973658 2.000000 0.290535 0.968767 2.000000 0.321912 0.961112 2.000000 0.381264 0.948566 2.000000 0.421336 0.935594 2.000000 0.440616 0.919221 2.000000
