0 0.185965 0.318326 0.078919 0.124880 0.193701 0.372884 2.000000 0.190941 0.358567 2.000000 0.189715 0.330278 2.000000 0.189101 0.297332 2.000000 0.182968 0.276805 2.000000 0.178062 0.263523 2.000000
0 0.144566 0.417839 0.075776 0.132113 0.136734 0.476433 2.000000 0.135802 0.460442 2.000000 0.137200 0.431344 2.000000 0.140463 0.395955 2.000000 0.147453 0.374459 2.000000 0.170289 0.361352 2.000000
0 0.632362 0.498410 0.103911 0.140161 0.642931 0.559388 2.000000 0.642931 0.542139 2.000000 0.639558 0.510227 2.000000 0.638025 0.479351 2.000000 0.629439 0.463482 2.000000 0.609199 0.451752 2.000000
0 0.267836 0.602733 0.254760 0.047537 0.147585 0.607424 2.000000 0.181987 0.602320 2.000000 0.234534 0.595516 2.000000 0.317324 0.591476 2.000000 0.353993 0.599981 2.000000 0.368789 0.616675 2.000000
0 0.248173 0.597002 0.067234 0.114641 0.254776 0.647233 2.000000 0.250617 0.634686 2.000000 0.246837 0.610870 2.000000 0.236252 0.578123 2.000000 0.000000 0.000000 0.000000 0.000000 0.000000 0.000000
0 0.442944 0.658936 0.138803 0.126156 0.486320 0.608975 2.000000 0.471199 0.626412 2.000000 0.453053 0.646188 2.000000 0.432261 0.671706 2.000000 0.416762 0.694246 2.000000 0.000000 0.000000 0.000000
0 0.411453 0.786413 0.080386 0.124738 0.399392 0.843325 2.000000 0.405114 0.830312 2.000000 0.417054 0.802188 2.000000 0.425263 0.769306 2.000000 0.422775 0.750696 2.000000 0.407850 0.732646 2.000000
0 0.172399 0.861333 0.092616 0.150380 0.157222 0.793792 2.000000 0.156756 0.811880 2.000000 0.158154 0.841502 2.000000 0.166077 0.881348 2.000000 0.175397 0.906514 2.000000 0.181922 0.923291 2.000000
0 0.448777 0.902400 0.273434 0.078585 0.336383 0.922658 2.000000 0.360609 0.918173 2.000000 0.410594 0.911273 2.000000 0.459658 0.901614 2.000000 0.496150 0.892644 2.000000 0.519530 0.881496 2.000000
0 0.527135 0.762061 0.316922 0.186539 0.633532 0.825731 2.000000 0.604638 0.806856 2.000000 0.560831 0.772253 2.000000 0.506305 0.721660 2.000000 0.448051 0.705669 2.000000 0.386534 0.710912 2.000000
0 0.243163 0.451268 0.200347 0.255873 0.200977 0.578020 2.000000 0.202126 0.541826 2.000000 0.206722 0.483010 2.000000 0.217063 0.416438 2.000000 0.254406 0.377982 2.000000 0.306113 0.350513 2.000000
0 0.241585 0.974995 0.290596 0.048982 0.101038 0.983904 2.000000 0.138321 0.983118 2.000000 0.197973 0.979448 2.000000 0.269276 0.973419 2.000000 0.309821 0.970273 2.000000 0.344308 0.963719 2.000000
