0 0.276435 0.170098 0.157649 0.115205 0.219008 0.124177 2.000000 0.233132 0.133938 2.000000 0.257548 0.154482 2.000000 0.289631 0.178772 2.000000 0.312836 0.203061 2.000000 0.317275 0.218611 2.000000
0 0.355121 0.149319 0.155460 0.122026 0.311517 0.102783 2.000000 0.318579 0.112658 2.000000 0.335932 0.135926 2.000000 0.359339 0.161464 2.000000 0.385772 0.181667 2.000000 0.402116 0.193585 2.000000
0 0.637052 0.110120 0.114788 0.122342 0.677695 0.057149 2.000000 0.667001 0.066116 2.000000 0.652876 0.085979 2.000000 0.631487 0.115603 2.000000 0.000000 0.000000 0.000000 0.603190 0.148429 2.000000
0 0.613416 0.130943 0.253712 0.039361 0.732215 0.126487 2.000000 0.708398 0.124361 2.000000 0.658120 0.124574 2.000000 0.595744 0.126062 2.000000 0.531856 0.129252 2.000000 0.512198 0.138396 2.000000
0 0.366219 0.483899 0.451730 0.094488 0.164079 0.473165 2.000000 0.218139 0.476573 2.000000 0.293637 0.485485 2.000000 0.432049 0.505933 2.000000 0.489837 0.500690 2.000000 0.535508 0.478145 2.000000
0 0.257981 0.612559 0.203777 0.121927 0.190029 0.655944 2.000000 0.206588 0.645594 2.000000 0.234494 0.622825 2.000000 0.269759 0.597296 2.000000 0.300425 0.584359 2.000000 0.333850 0.576425 2.000000
0 0.462948 0.593650 0.166721 0.113342 0.401691 0.635599 2.000000 0.415009 0.625157 2.000000 0.437810 0.605975 2.000000 0.471507 0.579983 2.000000 0.494309 0.567725 2.000000 0.510249 0.555581 2.000000
0 0.628696 0.669591 0.217116 0.110304 0.707190 0.708918 2.000000 0.689422 0.701263 2.000000 0.651997 0.679573 2.000000 0.607767 0.661073 2.000000 0.569585 0.648314 2.000000 0.554842 0.637257 2.000000
0 0.556570 0.696094 0.148805 0.204746 0.523291 0.786909 2.000000 0.532798 0.764485 2.000000 0.543837 0.725329 2.000000 0.555490 0.675479 2.000000 0.571436 0.637875 2.000000 0.588915 0.613554 2.000000
0 0.220920 0.809466 0.174870 0.129937 0.161645 0.760127 2.000000 0.171474 0.773736 2.000000 0.195668 0.799253 2.000000 0.225533 0.827960 2.000000 0.251618 0.845185 2.000000 0.272410 0.856455 2.000000
0 0.560383 0.827214 0.167327 0.103415 0.500101 0.866510 2.000000 0.512980 0.859265 2.000000 0.537206 0.839946 2.000000 0.572778 0.817177 2.000000 0.598537 0.804412 2.000000 0.611723 0.790613 2.000000
0 0.312030 0.900784 0.246385 0.041274 0.203215 0.906971 2.000000 0.227842 0.907111 2.000000 0.275851 0.906552 2.000000 0.335053 0.904733 2.000000 0.376648 0.903119 2.000000 0.397612 0.892448 2.000000
