0 0.277958 0.101432 0.225360 0.035156 0.171264 0.099191 2.000000 0.198875 0.096952 2.000000 0.244148 0.094853 2.000000 0.302853 0.094294 2.000000 0.347877 0.102549 2.000000 0.366215 0.110411 2.000000
0 0.237016 0.153032 0.246132 0.080415 0.129874 0.176229 2.000000 0.157370 0.167840 2.000000 0.201177 0.154209 2.000000 0.261295 0.143199 2.000000 0.298112 0.135859 2.000000 0.324210 0.129567 2.000000
0 0.566170 0.164657 0.258196 0.058124 0.682632 0.182218 2.000000 0.653193 0.174629 2.000000 0.598915 0.165142 2.000000 0.539424 0.157552 2.000000 0.482386 0.154792 2.000000 0.451108 0.155655 2.000000
0 0.538676 0.221494 0.180764 0.106967 0.472414 0.259035 2.000000 0.491521 0.247763 2.000000 0.523211 0.225218 2.000000 0.557698 0.201101 2.000000 0.594514 0.188256 2.000000 0.000000 0.000000 0.000000
0 0.181150 0.436634 0.107321 0.134726 0.158721 0.381036 2.000000 0.161481 0.395181 2.000000 0.168841 0.422262 2.000000 0.180494 0.452276 2.000000 0.193373 0.476942 2.000000 0.197053 0.490742 2.000000
0 0.327167 0.408092 0.146667 0.251601 0.301609 0.290278 2.000000 0.306902 0.317284 2.000000 0.314841 0.360451 2.000000 0.330718 0.420204 2.000000 0.339791 0.481234 2.000000 0.338279 0.509515 2.000000
0 0.210365 0.808334 0.078651 0.133491 0.218370 0.869237 2.000000 0.215497 0.855341 2.000000 0.213199 0.829164 2.000000 0.215497 0.794909 2.000000 0.208603 0.763239 2.000000 0.210327 0.747404 2.000000
0 0.276896 0.843797 0.075350 0.132132 0.266412 0.901150 2.000000 0.266270 0.890809 2.000000 0.271862 0.863546 2.000000 0.283047 0.822913 2.000000 0.277455 0.805350 2.000000 0.279210 0.789191 2.000000
0 0.325180 0.940625 0.232638 0.037162 0.218515 0.937918 2.000000 0.249514 0.938768 2.000000 0.304329 0.939832 2.000000 0.375778 0.939832 2.000000 0.408667 0.941958 2.000000 0.429081 0.947487 2.000000
0 0.518761 0.905871 0.106948 0.109423 0.495133 0.949354 2.000000 0.503342 0.938720 2.000000 0.515033 0.917732 2.000000 0.524237 0.888348 2.000000 0.534067 0.872537 2.000000 0.546265 0.859247 2.000000
0 0.669705 0.744223 0.097423 0.110770 0.682099 0.794190 2.000000 0.683989 0.784196 2.000000 0.683233 0.758466 2.000000 0.676051 0.724868 2.000000 0.654503 0.707643 2.000000 0.632577 0.698712 2.000000
0 0.580967 0.747266 0.150378 0.182817 0.628967 0.833500 2.000000 0.625236 0.814610 2.000000 0.615286 0.779490 2.000000 0.602848 0.723381 2.000000 0.574739 0.690919 2.000000 0.532452 0.670071 2.000000
