0 0.179057 0.194401 0.107589 0.134218 0.148827 0.251474 2.000000 0.154300 0.237762 2.000000 0.170220 0.211876 2.000000 0.187881 0.179974 2.000000 0.196587 0.156467 2.000000 0.190617 0.137157 2.000000
0 0.216323 0.269519 0.117351 0.137004 0.185369 0.322650 2.000000 0.191808 0.307816 2.000000 0.208674 0.280044 2.000000 0.229527 0.249513 2.000000 0.244460 0.228970 2.000000 0.250971 0.212583 2.000000
0 0.636056 0.356881 0.150604 0.140828 0.667453 0.415468 2.000000 0.659180 0.405026 2.000000 0.636177 0.378126 2.000000 0.605102 0.351112 2.000000 0.599251 0.330114 2.000000 0.604901 0.312068 2.000000
0 0.258057 0.381007 0.380065 0.226147 0.128215 0.478851 2.000000 0.153544 0.452908 2.000000 0.206469 0.411017 2.000000 0.273381 0.359982 2.000000 0.353524 0.318517 2.000000 0.404885 0.298869 2.000000
0 0.231166 0.460340 0.104025 0.113746 0.247027 0.507967 2.000000 0.241554 0.496073 2.000000 0.231107 0.469768 2.000000 0.223736 0.440333 2.000000 0.000000 0.000000 0.000000 0.000000 0.000000 0.000000
0 0.171662 0.597316 0.180618 0.156760 0.117774 0.539789 2.000000 0.129963 0.555041 2.000000 0.158569 0.582605 2.000000 0.190409 0.613248 2.000000 0.200110 0.633677 2.000000 0.192399 0.651727 2.000000
0 0.350843 0.794701 0.179217 0.140550 0.406340 0.738592 2.000000 0.391610 0.754596 2.000000 0.370826 0.776502 2.000000 0.346209 0.804083 2.000000 0.317556 0.825421 2.000000 0.295764 0.836431 2.000000
0 0.462390 0.795443 0.053793 0.114608 0.459991 0.854492 2.000000 0.459991 0.843222 2.000000 0.461125 0.820469 2.000000 0.467174 0.790911 2.000000 0.455455 0.766669 2.000000 0.453187 0.748807 2.000000
0 0.473956 0.861452 0.082100 0.120561 0.449706 0.904733 2.000000 0.453437 0.895358 2.000000 0.462890 0.874510 2.000000 0.475576 0.846525 2.000000 0.476820 0.825817 2.000000 0.476571 0.809446 2.000000
0 0.588823 0.816310 0.309258 0.195716 0.691830 0.892764 2.000000 0.669424 0.874021 2.000000 0.628059 0.843643 2.000000 0.572331 0.798723 2.000000 0.520050 0.770285 2.000000 0.472940 0.754773 2.000000
0 0.218973 0.902300 0.195381 0.122484 0.154030 0.860008 2.000000 0.167545 0.873115 2.000000 0.195507 0.894611 2.000000 0.228129 0.920039 2.000000 0.261684 0.932097 2.000000 0.284519 0.945991 2.000000
0 0.257400 0.952604 0.264823 0.094271 0.139475 0.990811 2.000000 0.165937 0.983581 2.000000 0.213570 0.970610 2.000000 0.264227 0.954023 2.000000 0.301652 0.938926 2.000000 0.339456 0.926592 2.000000
