0 0.267846 0.116133 0.271241 0.035912 0.139483 0.121710 2.000000 0.173128 0.118733 2.000000 0.232480 0.118520 2.000000 0.299014 0.115969 2.000000 0.346269 0.113842 2.000000 0.374622 0.107463 2.000000
0 0.163585 0.217191 0.115432 0.128455 0.136166 0.164268 2.000000 0.145239 0.175751 2.000000 0.169433 0.203394 2.000000 0.181530 0.231676 2.000000 0.167165 0.255705 2.000000 0.159982 0.271228 2.000000
0 0.300272 0.345765 0.154217 0.248262 0.267032 0.231716 2.000000 0.275421 0.258455 2.000000 0.293130 0.310884 2.000000 0.314102 0.377730 2.000000 0.327151 0.419673 2.000000 0.336937 0.450344 2.000000
0 0.528076 0.248038 0.161174 0.120443 0.469694 0.299566 2.000000 0.483493 0.287492 2.000000 0.504959 0.263515 2.000000 0.528265 0.239366 2.000000 0.565677 0.214700 2.000000 0.586836 0.202970 2.000000
0 0.548331 0.155877 0.263213 0.073125 0.668026 0.181384 2.000000 0.646100 0.172028 2.000000 0.613967 0.163522 2.000000 0.556127 0.152039 2.000000 0.486947 0.141407 2.000000 0.440070 0.137366 2.000000
0 0.682360 0.739515 0.132371 0.133919 0.646126 0.795154 2.000000 0.655577 0.783246 2.000000 0.667674 0.764746 2.000000 0.683552 0.734551 2.000000 0.693381 0.714349 2.000000 0.704344 0.696274 2.000000
0 0.634837 0.825912 0.156209 0.181789 0.635836 0.905547 2.000000 0.646089 0.887721 2.000000 0.667992 0.830574 2.000000 0.000000 0.000000 0.000000 0.646555 0.758222 2.000000 0.615797 0.743804 2.000000
0 0.266318 0.852604 0.066046 0.118144 0.268941 0.904130 2.000000 0.265914 0.893007 2.000000 0.000000 0.000000 0.000000 0.260668 0.851805 2.000000 0.259860 0.825132 2.000000 0.262887 0.810264 2.000000
0 0.514100 0.884238 0.177428 0.113786 0.448245 0.927973 2.000000 0.461765 0.918779 2.000000 0.487593 0.896533 2.000000 0.523913 0.867590 2.000000 0.548733 0.856012 2.000000 0.574872 0.849656 2.000000
0 0.308183 0.878977 0.255199 0.075008 0.416190 0.904611 2.000000 0.390483 0.899295 2.000000 0.342851 0.887175 2.000000 0.284633 0.875054 2.000000 0.244183 0.870163 2.000000 0.224147 0.860169 2.000000
0 0.293683 0.935156 0.272685 0.028125 0.171825 0.934223 2.000000 0.201178 0.935622 2.000000 0.254162 0.936462 2.000000 0.313116 0.938700 2.000000 0.356398 0.938840 2.000000 0.391970 0.934083 2.000000
0 0.356693 0.105855 0.231426 0.115418 0.266605 0.147057 2.000000 0.283768 0.136143 2.000000 0.000000 0.000000 0.000000 0.358642 0.096405 2.000000 0.400184 0.080034 2.000000 0.427546 0.075976 2.000000
