0 0.174382 0.175911 0.078995 0.136059 0.166731 0.237546 2.000000 0.167197 0.224964 2.000000 0.174653 0.197438 2.000000 0.183508 0.157855 2.000000 0.182576 0.135310 2.000000 0.181178 0.116698 2.000000
0 0.227705 0.260415 0.124837 0.132068 0.193730 0.316066 2.000000 0.198645 0.302457 2.000000 0.211876 0.278641 2.000000 0.228887 0.250146 2.000000 0.248167 0.224416 2.000000 0.262911 0.211019 2.000000
0 0.197139 0.418149 0.117450 0.133634 0.230725 0.474081 2.000000 0.222765 0.460088 2.000000 0.210825 0.431404 2.000000 0.000000 0.000000 0.000000 0.000000 0.000000 0.000000 0.166796 0.365921 2.000000
0 0.294031 0.369198 0.425562 0.208903 0.123280 0.452409 2.000000 0.159950 0.427317 2.000000 0.212119 0.397121 2.000000 0.298311 0.346299 2.000000 0.380723 0.320781 2.000000 0.451037 0.306747 2.000000
0 0.639429 0.352735 0.145134 0.134709 0.670263 0.405520 2.000000 0.662305 0.394123 2.000000 0.645872 0.373563 2.000000 0.614600 0.334972 2.000000 0.611166 0.314088 2.000000 0.615000 0.298879 2.000000
0 0.166427 0.618163 0.155737 0.156901 0.125296 0.552141 2.000000 0.134189 0.568356 2.000000 0.152281 0.591987 2.000000 0.181720 0.626141 2.000000 0.199506 0.652360 2.000000 0.198280 0.669954 2.000000
0 0.340248 0.805746 0.178807 0.132779 0.401469 0.753395 2.000000 0.388616 0.767430 2.000000 0.364800 0.789970 2.000000 0.337203 0.822079 2.000000 0.308094 0.839516 2.000000 0.279741 0.850786 2.000000
0 0.470679 0.778776 0.064814 0.116927 0.469604 0.839793 2.000000 0.468684 0.830650 2.000000 0.469604 0.800464 2.000000 0.467458 0.770968 2.000000 0.469911 0.746129 2.000000 0.482790 0.729397 2.000000
0 0.474407 0.859547 0.087086 0.113198 0.455874 0.903527 2.000000 0.460111 0.892517 2.000000 0.467174 0.873108 2.000000 0.475649 0.845300 2.000000 0.479684 0.824983 2.000000 0.489370 0.809320 2.000000
0 0.222593 0.912322 0.193233 0.108109 0.156502 0.868532 2.000000 0.169382 0.882332 2.000000 0.197594 0.903376 2.000000 0.230712 0.925800 2.000000 0.263524 0.936667 2.000000 0.300016 0.935287 2.000000
0 0.253149 0.955177 0.245860 0.073700 0.146683 0.977493 2.000000 0.176284 0.970497 2.000000 0.221557 0.960703 2.000000 0.282252 0.947410 2.000000 0.316460 0.938366 2.000000 0.349166 0.936076 2.000000
0 0.588043 0.823347 0.288865 0.195184 0.686467 0.900981 2.000000 0.662337 0.884499 2.000000 0.623845 0.853476 2.000000 0.565819 0.809202 2.000000 0.512389 0.772684 2.000000 0.476195 0.752648 2.000000
