0 0.356123 0.125744 0.078069 0.108990 0.345344 0.078642 2.000000 0.349075 0.088297 2.000000 0.356040 0.108305 2.000000 0.365244 0.137129 2.000000 0.365493 0.153920 2.000000 0.361762 0.167633 2.000000
0 0.264865 0.143465 0.241285 0.069183 0.155994 0.124505 2.000000 0.183287 0.127954 2.000000 0.231738 0.137787 2.000000 0.287549 0.150379 2.000000 0.323121 0.154691 2.000000 0.352866 0.154518 2.000000
0 0.602548 0.133659 0.265789 0.039809 0.722833 0.129194 2.000000 0.693394 0.126779 2.000000 0.622251 0.126262 2.000000 0.549880 0.128332 2.000000 0.520748 0.132644 2.000000 0.499589 0.137474 2.000000
0 0.595104 0.132715 0.132363 0.084766 0.557573 0.105078 2.000000 0.572000 0.109695 2.000000 0.597373 0.118650 2.000000 0.000000 0.000000 0.000000 0.634434 0.146534 2.000000 0.612049 0.164265 2.000000
0 0.356964 0.465799 0.405801 0.229661 0.207359 0.385445 2.000000 0.242011 0.405454 2.000000 0.299049 0.442023 2.000000 0.379085 0.497048 2.000000 0.446243 0.521887 2.000000 0.511560 0.524302 2.000000
0 0.215367 0.716574 0.131099 0.129312 0.182956 0.664119 2.000000 0.185409 0.681368 2.000000 0.196449 0.707932 2.000000 0.218221 0.737256 2.000000 0.238154 0.755023 2.000000 0.251245 0.768929 2.000000
0 0.258157 0.644276 0.138109 0.114963 0.213461 0.691098 2.000000 0.223446 0.681062 2.000000 0.243203 0.658677 2.000000 0.264175 0.629055 2.000000 0.278527 0.611196 2.000000 0.289757 0.600406 2.000000
0 0.380961 0.668584 0.170280 0.116872 0.316560 0.713228 2.000000 0.331290 0.702445 2.000000 0.357521 0.683604 2.000000 0.393640 0.657952 2.000000 0.417450 0.641041 2.000000 0.427338 0.630712 2.000000
0 0.565415 0.700314 0.153224 0.204480 0.535196 0.788494 2.000000 0.543903 0.766526 2.000000 0.556091 0.726789 2.000000 0.570519 0.680754 2.000000 0.581962 0.646053 2.000000 0.589821 0.621613 2.000000
0 0.632706 0.664529 0.168924 0.111987 0.685087 0.711298 2.000000 0.677218 0.699040 2.000000 0.660470 0.678383 2.000000 0.630808 0.648872 2.000000 0.601550 0.636160 2.000000 0.577134 0.625377 2.000000
0 0.280017 0.892128 0.234668 0.030621 0.173222 0.895497 2.000000 0.197448 0.895497 2.000000 0.248353 0.892564 2.000000 0.319190 0.889287 2.000000 0.348935 0.891357 2.000000 0.375308 0.895669 2.000000
0 0.534682 0.854950 0.170503 0.094247 0.469401 0.884637 2.000000 0.486260 0.877547 2.000000 0.513431 0.865854 2.000000 0.546658 0.852136 2.000000 0.571210 0.836116 2.000000 0.582504 0.821200 2.000000
