0 0.511635 0.276718 0.071394 0.127537 0.504008 0.334355 2.000000 0.507995 0.320038 2.000000 0.514435 0.291405 2.000000 0.521794 0.257768 2.000000 0.518421 0.232412 2.000000 0.505542 0.216370 2.000000
0 0.214754 0.081694 0.250188 0.139934 0.124438 0.031274 2.000000 0.148051 0.041796 2.000000 0.193129 0.068015 2.000000 0.247713 0.098201 2.000000 0.286542 0.124979 2.000000 0.285489 0.138408 2.000000
0 0.349471 0.120416 0.195523 0.106408 0.272812 0.165439 2.000000 0.288451 0.153709 2.000000 0.320343 0.135080 2.000000 0.368795 0.110068 2.000000 0.399154 0.092302 2.000000 0.419086 0.081434 2.000000
0 0.545076 0.154583 0.277170 0.086669 0.657369 0.182387 2.000000 0.635173 0.175010 2.000000 0.581096 0.160368 2.000000 0.522579 0.145159 2.000000 0.472941 0.135624 2.000000 0.434207 0.131425 2.000000
0 0.238296 0.181864 0.178576 0.136979 0.181239 0.124084 2.000000 0.192585 0.137539 2.000000 0.224784 0.168415 2.000000 0.263729 0.198084 2.000000 0.277222 0.217576 2.000000 0.274769 0.235687 2.000000
0 0.252383 0.297544 0.319926 0.235384 0.149999 0.202317 2.000000 0.177643 0.224563 2.000000 0.226843 0.258236 2.000000 0.292999 0.303317 2.000000 0.336851 0.360944 2.000000 0.331959 0.399537 2.000000
0 0.208412 0.913753 0.148376 0.138084 0.169300 0.857309 2.000000 0.173032 0.875639 2.000000 0.182642 0.904203 2.000000 0.194759 0.938806 2.000000 0.218992 0.954010 2.000000 0.253479 0.966069 2.000000
0 0.246450 0.832042 0.113582 0.129188 0.270413 0.885982 2.000000 0.263230 0.874074 2.000000 0.246975 0.845792 2.000000 0.230719 0.819637 2.000000 0.223536 0.800499 2.000000 0.226939 0.780723 2.000000
0 0.357716 0.858334 0.179150 0.108037 0.412436 0.900916 2.000000 0.400496 0.893919 2.000000 0.375372 0.871252 2.000000 0.345522 0.849424 2.000000 0.321144 0.839769 2.000000 0.297015 0.835292 2.000000
0 0.644956 0.745950 0.187949 0.117975 0.582558 0.791364 2.000000 0.600357 0.784226 2.000000 0.635680 0.765756 2.000000 0.673490 0.738331 2.000000 0.686674 0.723360 2.000000 0.695131 0.710347 2.000000
0 0.449234 0.905803 0.180466 0.117751 0.384636 0.951581 2.000000 0.401586 0.941593 2.000000 0.435485 0.922752 2.000000 0.475034 0.899257 2.000000 0.486738 0.881891 2.000000 0.488755 0.862936 2.000000
0 0.633688 0.859066 0.137702 0.170377 0.657332 0.939358 2.000000 0.652119 0.930216 2.000000 0.632800 0.895890 2.000000 0.605508 0.847247 2.000000 0.611948 0.808091 2.000000 0.624214 0.784632 2.000000
