0 0.341969 0.099248 0.228516 0.066751 0.238554 0.121674 2.000000 0.262683 0.112579 2.000000 0.308702 0.101945 2.000000 0.372631 0.091311 2.000000 0.413177 0.088093 2.000000 0.438550 0.088652 2.000000
0 0.263610 0.141687 0.247581 0.075720 0.149306 0.159995 2.000000 0.184497 0.151432 2.000000 0.230058 0.146235 2.000000 0.291224 0.141116 2.000000 0.334447 0.132349 2.000000 0.352593 0.119165 2.000000
0 0.562449 0.163411 0.263786 0.056811 0.681636 0.181955 2.000000 0.653674 0.174615 2.000000 0.598682 0.165178 2.000000 0.534836 0.155216 2.000000 0.485902 0.151546 2.000000 0.455144 0.156789 2.000000
0 0.175117 0.293213 0.080116 0.140256 0.160197 0.227806 2.000000 0.162650 0.241951 2.000000 0.165717 0.271620 2.000000 0.172156 0.304738 2.000000 0.177983 0.327507 2.000000 0.183809 0.344239 2.000000
0 0.325329 0.375113 0.140081 0.242651 0.294439 0.261271 2.000000 0.302412 0.287490 2.000000 0.316830 0.331048 2.000000 0.336661 0.387619 2.000000 0.345160 0.443792 2.000000 0.340202 0.476062 2.000000
0 0.536286 0.248635 0.164902 0.114132 0.473810 0.291411 2.000000 0.488735 0.279517 2.000000 0.510874 0.260068 2.000000 0.537490 0.232923 2.000000 0.573559 0.214173 2.000000 0.607140 0.203819 2.000000
0 0.697389 0.743741 0.064456 0.122440 0.679876 0.798390 2.000000 0.690461 0.784781 2.000000 0.698426 0.759190 2.000000 0.706541 0.726976 2.000000 0.700290 0.710568 2.000000 0.688571 0.691217 2.000000
0 0.260313 0.853515 0.177315 0.130755 0.316969 0.905599 2.000000 0.298793 0.892754 2.000000 0.267569 0.867588 2.000000 0.230286 0.839015 2.000000 0.213043 0.818568 2.000000 0.209315 0.798645 2.000000
0 0.279348 0.870030 0.070728 0.118427 0.266720 0.921606 2.000000 0.270501 0.905870 2.000000 0.000000 0.000000 0.000000 0.000000 0.000000 0.000000 0.285244 0.842077 2.000000 0.278439 0.820387 2.000000
0 0.539575 0.884113 0.174211 0.114597 0.473604 0.929954 2.000000 0.491083 0.919260 2.000000 0.519295 0.898560 2.000000 0.554254 0.875101 2.000000 0.577253 0.859577 2.000000 0.596265 0.847502 2.000000
0 0.318464 0.936233 0.256289 0.038472 0.203223 0.927794 2.000000 0.226854 0.931432 2.000000 0.272127 0.936049 2.000000 0.342275 0.940806 2.000000 0.383816 0.941086 2.000000 0.411179 0.937028 2.000000
0 0.649463 0.781032 0.144041 0.213510 0.678747 0.875108 2.000000 0.674553 0.853350 2.000000 0.663368 0.820320 2.000000 0.645659 0.763959 2.000000 0.631678 0.726211 2.000000 0.442468 0.636820 2.000000
