0 0.177707 0.206391 0.146434 0.140908 0.140189 0.141321 2.000000 0.148469 0.153741 2.000000 0.169015 0.182202 2.000000 0.194160 0.213423 2.000000 0.210720 0.239815 2.000000 0.213480 0.255511 2.000000
0 0.288187 0.337914 0.202555 0.244784 0.240272 0.224747 2.000000 0.256150 0.249202 2.000000 0.284502 0.300024 2.000000 0.323818 0.359777 2.000000 0.325330 0.405921 2.000000 0.295087 0.433352 2.000000
0 0.515612 0.253431 0.123197 0.132365 0.491325 0.308564 2.000000 0.497458 0.293385 2.000000 0.508805 0.265269 2.000000 0.517391 0.235082 2.000000 0.537017 0.209381 2.000000 0.560323 0.198686 2.000000
0 0.254933 0.097941 0.245733 0.080571 0.148124 0.097379 2.000000 0.180635 0.099293 2.000000 0.236963 0.109075 2.000000 0.321643 0.116517 2.000000 0.349806 0.106111 2.000000 0.365117 0.090149 2.000000
0 0.351684 0.111111 0.212560 0.113195 0.270745 0.153492 2.000000 0.285771 0.142280 2.000000 0.325942 0.123479 2.000000 0.000000 0.000000 0.000000 0.397393 0.085358 2.000000 0.425605 0.073456 2.000000
0 0.556008 0.154929 0.265086 0.082682 0.664707 0.181895 2.000000 0.639800 0.172613 2.000000 0.597225 0.161490 2.000000 0.517925 0.144351 2.000000 0.473936 0.137541 2.000000 0.439230 0.137654 2.000000
0 0.259225 0.844933 0.076488 0.118785 0.274133 0.895190 2.000000 0.269550 0.883405 2.000000 0.000000 0.000000 0.000000 0.257928 0.843722 2.000000 0.248435 0.811314 2.000000 0.254655 0.792255 2.000000
0 0.670905 0.738718 0.135744 0.128935 0.634951 0.792410 2.000000 0.644901 0.781776 2.000000 0.666791 0.754351 2.000000 0.687438 0.729025 2.000000 0.691666 0.712794 2.000000 0.691418 0.695583 2.000000
0 0.636265 0.818781 0.133377 0.189296 0.611950 0.906589 2.000000 0.620537 0.892789 2.000000 0.642309 0.857601 2.000000 0.659175 0.800161 2.000000 0.000000 0.000000 0.000000 0.000000 0.000000 0.000000
0 0.500124 0.887105 0.175980 0.115212 0.435347 0.927748 2.000000 0.449751 0.918265 2.000000 0.478231 0.896904 2.000000 0.514568 0.870572 2.000000 0.543540 0.855841 2.000000 0.574639 0.848568 2.000000
0 0.332906 0.877329 0.243969 0.067738 0.435811 0.897865 2.000000 0.415019 0.893399 2.000000 0.365118 0.882342 2.000000 0.305011 0.869158 2.000000 0.270609 0.870221 2.000000 0.242635 0.869583 2.000000
0 0.277617 0.937500 0.261037 0.042722 0.168972 0.931964 2.000000 0.194194 0.934801 2.000000 0.240200 0.937979 2.000000 0.305779 0.941384 2.000000 0.350978 0.939568 2.000000 0.381447 0.936731 2.000000
