0 0.180157 0.067578 0.217940 0.135156 0.100143 0.013873 2.000000 0.114271 0.020817 2.000000 0.153216 0.046346 2.000000 0.184188 0.078257 2.000000 0.216080 0.097404 2.000000 0.247972 0.106546 2.000000
0 0.198781 0.173397 0.244898 0.093385 0.102720 0.143622 2.000000 0.124624 0.146768 2.000000 0.172625 0.159613 2.000000 0.222491 0.174817 2.000000 0.263502 0.186876 2.000000 0.284007 0.192119 2.000000
0 0.331856 0.131195 0.205240 0.114772 0.250548 0.176192 2.000000 0.268315 0.165772 2.000000 0.306497 0.144508 2.000000 0.349593 0.122180 2.000000 0.373787 0.108145 2.000000 0.400250 0.097301 2.000000
0 0.529212 0.158996 0.282184 0.092440 0.646736 0.189196 2.000000 0.621376 0.180114 2.000000 0.574878 0.164591 2.000000 0.518172 0.148855 2.000000 0.461845 0.138861 2.000000 0.428578 0.136734 2.000000
0 0.500133 0.335825 0.107936 0.136651 0.478445 0.393495 2.000000 0.484260 0.378266 2.000000 0.494845 0.353387 2.000000 0.511479 0.322978 2.000000 0.510345 0.295972 2.000000 0.514125 0.280024 2.000000
0 0.270084 0.310685 0.351366 0.224542 0.133939 0.223152 2.000000 0.170133 0.242219 2.000000 0.236202 0.273889 2.000000 0.333201 0.325244 2.000000 0.356850 0.370838 2.000000 0.352254 0.406386 2.000000
0 0.148920 0.806250 0.075000 0.134375 0.155812 0.742619 2.000000 0.153948 0.759396 2.000000 0.151618 0.786135 2.000000 0.151618 0.827291 2.000000 0.146492 0.849311 2.000000 0.134375 0.866351 2.000000
0 0.582178 0.783940 0.212735 0.091837 0.503609 0.808677 2.000000 0.515300 0.802520 2.000000 0.551866 0.788108 2.000000 0.592662 0.772997 2.000000 0.628979 0.768379 2.000000 0.648630 0.766560 2.000000
0 0.359612 0.869662 0.061200 0.112761 0.363041 0.925992 2.000000 0.363041 0.912382 2.000000 0.371736 0.876233 2.000000 0.373626 0.849865 2.000000 0.356615 0.834767 2.000000 0.348676 0.824985 2.000000
0 0.610306 0.892591 0.144233 0.204403 0.636361 0.983619 2.000000 0.631069 0.966182 2.000000 0.618593 0.929394 2.000000 0.599314 0.881549 2.000000 0.584948 0.840721 2.000000 0.567180 0.815842 2.000000
0 0.232873 0.831317 0.169176 0.117055 0.283280 0.872865 2.000000 0.268106 0.864470 2.000000 0.235769 0.845720 2.000000 0.197710 0.824172 2.000000 0.184775 0.804163 2.000000 0.200695 0.787373 2.000000
0 0.397273 0.941519 0.196661 0.091058 0.318943 0.975956 2.000000 0.331132 0.969939 2.000000 0.358992 0.956927 2.000000 0.404514 0.935659 2.000000 0.436105 0.923205 2.000000 0.466204 0.920547 2.000000
