0 0.181694 0.068914 0.231055 0.120338 0.092748 0.023918 2.000000 0.110894 0.030935 2.000000 0.146051 0.048159 2.000000 0.192927 0.072188 2.000000 0.235506 0.089985 2.000000 0.261372 0.104245 2.000000
0 0.336029 0.131582 0.199957 0.111890 0.260158 0.170211 2.000000 0.275071 0.159725 2.000000 0.314684 0.140327 2.000000 0.359889 0.119093 2.000000 0.383191 0.103364 2.000000 0.406958 0.091568 2.000000
0 0.213124 0.168705 0.260135 0.093841 0.104503 0.136657 2.000000 0.132931 0.144259 2.000000 0.183262 0.159725 2.000000 0.237322 0.174668 2.000000 0.278333 0.185678 2.000000 0.304431 0.193280 2.000000
0 0.538862 0.158734 0.271448 0.090522 0.653118 0.186219 2.000000 0.626554 0.179141 2.000000 0.571562 0.162888 2.000000 0.509113 0.146373 2.000000 0.461578 0.137460 2.000000 0.432218 0.134052 2.000000
0 0.510858 0.312428 0.106062 0.124800 0.488953 0.368054 2.000000 0.496135 0.354233 2.000000 0.509745 0.322548 2.000000 0.525244 0.297456 2.000000 0.519574 0.271726 2.000000 0.515157 0.257598 2.000000
0 0.265609 0.303996 0.363227 0.239872 0.142880 0.201607 2.000000 0.175502 0.223365 2.000000 0.240747 0.271075 2.000000 0.315778 0.321144 2.000000 0.351663 0.360728 2.000000 0.351663 0.399787 2.000000
0 0.152328 0.842538 0.118495 0.141816 0.130597 0.780270 2.000000 0.135257 0.794426 2.000000 0.151569 0.825883 2.000000 0.174870 0.864418 2.000000 0.175802 0.884341 2.000000 0.168346 0.900069 2.000000
0 0.232026 0.833008 0.148359 0.128569 0.269905 0.881459 2.000000 0.260584 0.872284 2.000000 0.235418 0.841089 2.000000 0.203262 0.808321 2.000000 0.199534 0.796787 2.000000 0.204660 0.783942 2.000000
0 0.359638 0.869532 0.070502 0.094593 0.374819 0.910226 2.000000 0.373421 0.901051 2.000000 0.370624 0.877458 2.000000 0.367828 0.848098 2.000000 0.352915 0.836826 2.000000 0.342662 0.828700 2.000000
0 0.618793 0.768775 0.212273 0.099375 0.531601 0.799772 2.000000 0.547240 0.794597 2.000000 0.587718 0.782178 2.000000 0.624517 0.762513 2.000000 0.649969 0.753716 2.000000 0.676035 0.749749 2.000000
0 0.415388 0.935568 0.227426 0.109308 0.332756 0.966823 2.000000 0.347184 0.960946 2.000000 0.377780 0.948773 2.000000 0.425789 0.929604 2.000000 0.452405 0.916871 2.000000 0.474793 0.908755 2.000000
0 0.627349 0.897982 0.145485 0.203399 0.661776 0.991101 2.000000 0.651963 0.973679 2.000000 0.635797 0.940490 2.000000 0.611009 0.896269 2.000000 0.596136 0.855235 2.000000 0.598260 0.824160 2.000000
