0 0.180983 0.222647 0.125688 0.130081 0.149187 0.274137 2.000000 0.156240 0.258785 2.000000 0.170959 0.227736 2.000000 0.192425 0.199965 2.000000 0.207266 0.179610 2.000000 0.209291 0.158221 2.000000
0 0.207558 0.280226 0.135495 0.128908 0.170678 0.332129 2.000000 0.178141 0.316457 2.000000 0.202270 0.282596 2.000000 0.226150 0.251673 2.000000 0.232369 0.236982 2.000000 0.233861 0.218092 2.000000
0 0.239740 0.407033 0.353543 0.256823 0.117073 0.511454 2.000000 0.144569 0.482880 2.000000 0.189775 0.442248 2.000000 0.260612 0.386412 2.000000 0.316536 0.339226 2.000000 0.335177 0.305147 2.000000
0 0.247112 0.501953 0.050838 0.131510 0.248868 0.562995 2.000000 0.246072 0.549626 2.000000 0.245606 0.519479 2.000000 0.244208 0.492216 2.000000 0.241412 0.471507 2.000000 0.244208 0.454206 2.000000
0 0.177164 0.572576 0.199068 0.130317 0.112157 0.521211 2.000000 0.131815 0.536734 2.000000 0.170752 0.560338 2.000000 0.211580 0.584154 2.000000 0.225567 0.607971 2.000000 0.215360 0.629235 2.000000
0 0.629751 0.393750 0.082238 0.113216 0.633778 0.441187 2.000000 0.634698 0.426007 2.000000 0.635618 0.399099 2.000000 0.635925 0.367532 2.000000 0.618752 0.349248 2.000000 0.595140 0.341658 2.000000
0 0.374275 0.765015 0.138753 0.136636 0.417981 0.705162 2.000000 0.407262 0.720891 2.000000 0.389087 0.747630 2.000000 0.370912 0.771223 2.000000 0.348516 0.797026 2.000000 0.332821 0.813309 2.000000
0 0.447229 0.789341 0.065455 0.115374 0.441007 0.839784 2.000000 0.442419 0.830476 2.000000 0.444235 0.803463 2.000000 0.447665 0.776563 2.000000 0.446455 0.750117 2.000000 0.446656 0.737518 2.000000
0 0.210537 0.885547 0.181521 0.139421 0.152020 0.831801 2.000000 0.164900 0.847843 2.000000 0.189739 0.872855 2.000000 0.214271 0.905456 2.000000 0.238803 0.920635 2.000000 0.269162 0.936677 2.000000
0 0.464387 0.869209 0.097548 0.126207 0.436710 0.922117 2.000000 0.443701 0.909796 2.000000 0.458614 0.885417 2.000000 0.470731 0.857892 2.000000 0.471663 0.834561 2.000000 0.480051 0.819619 2.000000
0 0.580169 0.785254 0.311356 0.171515 0.689259 0.846394 2.000000 0.660127 0.833802 2.000000 0.594503 0.803616 2.000000 0.510479 0.762562 2.000000 0.481347 0.740483 2.000000 0.466321 0.711332 2.000000
0 0.238269 0.960242 0.255560 0.078878 0.126396 0.984589 2.000000 0.158150 0.978789 2.000000 0.202671 0.969674 2.000000 0.268797 0.950891 2.000000 0.305298 0.948221 2.000000 0.328050 0.956508 2.000000
