0 0.175313 0.170080 0.163897 0.129949 0.128067 0.119314 2.000000 0.143738 0.135125 2.000000 0.170852 0.156813 2.000000 0.195727 0.183678 2.000000 0.209657 0.213902 2.000000 0.221844 0.232723 2.000000
0 0.285478 0.326163 0.241697 0.242265 0.219104 0.216066 2.000000 0.233470 0.239670 2.000000 0.270895 0.284325 2.000000 0.320796 0.350670 2.000000 0.337051 0.398090 2.000000 0.322686 0.427435 2.000000
0 0.516669 0.254621 0.084860 0.137113 0.502604 0.316987 2.000000 0.507446 0.304048 2.000000 0.512993 0.274424 2.000000 0.515921 0.240940 2.000000 0.527624 0.217219 2.000000 0.538117 0.200420 2.000000
0 0.265686 0.103684 0.285209 0.090931 0.142639 0.075678 2.000000 0.174066 0.081478 2.000000 0.227683 0.094911 2.000000 0.294566 0.112859 2.000000 0.342002 0.121529 2.000000 0.376375 0.122449 2.000000
0 0.356756 0.112819 0.208402 0.123885 0.276767 0.158449 2.000000 0.291497 0.149142 2.000000 0.323782 0.130187 2.000000 0.364542 0.106806 2.000000 0.394607 0.089781 2.000000 0.423058 0.077522 2.000000
0 0.554555 0.154444 0.291508 0.088552 0.667868 0.181880 2.000000 0.642416 0.172566 2.000000 0.601937 0.161871 2.000000 0.544593 0.148072 2.000000 0.479582 0.136860 2.000000 0.441250 0.130133 2.000000
0 0.261435 0.839596 0.090951 0.127232 0.279388 0.893350 2.000000 0.273546 0.882073 2.000000 0.000000 0.000000 0.000000 0.253029 0.841959 2.000000 0.244442 0.810220 2.000000 0.253029 0.793833 2.000000
0 0.668552 0.739409 0.145928 0.123474 0.623585 0.791386 2.000000 0.635540 0.782360 2.000000 0.664021 0.756535 2.000000 0.687838 0.731017 2.000000 0.699557 0.714856 2.000000 0.704471 0.700396 2.000000
0 0.343141 0.875355 0.235632 0.071487 0.444895 0.896920 2.000000 0.425321 0.892464 2.000000 0.377786 0.880667 2.000000 0.326522 0.866511 2.000000 0.285977 0.864676 2.000000 0.256151 0.864939 2.000000
0 0.275776 0.938252 0.247012 0.084220 0.170394 0.923452 2.000000 0.196958 0.931579 2.000000 0.251484 0.945210 2.000000 0.300884 0.956745 2.000000 0.337234 0.959890 2.000000 0.366594 0.949405 2.000000
0 0.485202 0.892235 0.170248 0.105603 0.427569 0.933126 2.000000 0.444235 0.922352 2.000000 0.474831 0.901364 2.000000 0.510154 0.873799 2.000000 0.542492 0.858128 2.000000 0.561379 0.853747 2.000000
0 0.623416 0.839230 0.193735 0.164936 0.578019 0.907693 2.000000 0.595787 0.895785 2.000000 0.640017 0.859848 2.000000 0.673284 0.817532 2.000000 0.664590 0.788612 2.000000 0.000000 0.000000 0.000000
