0 0.264464 0.093302 0.241121 0.042316 0.156372 0.084972 2.000000 0.181211 0.084800 2.000000 0.239169 0.086870 2.000000 0.301726 0.092389 2.000000 0.338525 0.097909 2.000000 0.361524 0.101531 2.000000
0 0.238458 0.144051 0.249261 0.081885 0.127042 0.169017 2.000000 0.153108 0.159013 2.000000 0.193893 0.149180 2.000000 0.261050 0.135208 2.000000 0.297235 0.127791 2.000000 0.321767 0.120719 2.000000
0 0.562148 0.158103 0.260424 0.051050 0.681937 0.172912 2.000000 0.654870 0.167018 2.000000 0.608595 0.161125 2.000000 0.537873 0.151302 2.000000 0.488979 0.149338 2.000000 0.453182 0.149829 2.000000
0 0.540067 0.212116 0.173346 0.089830 0.473176 0.241999 2.000000 0.493284 0.231335 2.000000 0.526032 0.212591 2.000000 0.574291 0.188030 2.000000 0.000000 0.000000 0.000000 0.000000 0.000000 0.000000
0 0.172775 0.451353 0.095560 0.130293 0.158726 0.395419 2.000000 0.160590 0.411672 2.000000 0.163386 0.432906 2.000000 0.171309 0.468557 2.000000 0.182028 0.492150 2.000000 0.194611 0.509190 2.000000
0 0.325471 0.405829 0.157185 0.249114 0.297370 0.291365 2.000000 0.303744 0.320049 2.000000 0.314368 0.363871 2.000000 0.327824 0.426817 2.000000 0.335615 0.481396 2.000000 0.342698 0.511276 2.000000
0 0.201499 0.789478 0.093361 0.137809 0.218424 0.847240 2.000000 0.213828 0.833667 2.000000 0.207509 0.805552 2.000000 0.204636 0.770327 2.000000 0.198316 0.744797 2.000000 0.192571 0.728639 2.000000
0 0.270259 0.831426 0.052793 0.124358 0.265755 0.886262 2.000000 0.267153 0.875252 2.000000 0.269949 0.849562 2.000000 0.276008 0.817843 2.000000 0.276008 0.796609 2.000000 0.276940 0.779307 2.000000
0 0.335580 0.935009 0.244580 0.034777 0.221396 0.933016 2.000000 0.249748 0.934080 2.000000 0.297381 0.934930 2.000000 0.360891 0.937482 2.000000 0.403609 0.937694 2.000000 0.438010 0.933867 2.000000
0 0.515464 0.902629 0.092594 0.102750 0.493393 0.945360 2.000000 0.498300 0.936046 2.000000 0.506886 0.912414 2.000000 0.511793 0.883090 2.000000 0.530192 0.867049 2.000000 0.548898 0.857734 2.000000
0 0.585419 0.735558 0.173137 0.194411 0.625770 0.822690 2.000000 0.618209 0.806104 2.000000 0.608380 0.770805 2.000000 0.592881 0.723385 2.000000 0.564150 0.687448 2.000000 0.539200 0.664695 2.000000
0 0.667414 0.732789 0.111574 0.127497 0.685837 0.787627 2.000000 0.684905 0.776617 2.000000 0.677915 0.747519 2.000000 0.657409 0.712654 2.000000 0.643428 0.697974 2.000000 0.633642 0.684867 2.000000
