0 0.180878 0.206564 0.099971 0.132883 0.154916 0.264093 2.000000 0.159110 0.248627 2.000000 0.167499 0.217956 2.000000 0.174418 0.186357 2.000000 0.196718 0.160845 2.000000 0.220792 0.152908 2.000000
0 0.222735 0.269845 0.135702 0.139462 0.175410 0.327586 2.000000 0.182872 0.310236 2.000000 0.203519 0.281132 2.000000 0.221180 0.255246 2.000000 0.234115 0.235237 2.000000 0.246055 0.218587 2.000000
0 0.623827 0.375315 0.141459 0.135006 0.657739 0.428630 2.000000 0.650179 0.415020 2.000000 0.635057 0.390566 2.000000 0.617290 0.360583 2.000000 0.602168 0.340169 2.000000 0.584022 0.327623 2.000000
0 0.238425 0.482307 0.088582 0.138094 0.252596 0.539220 2.000000 0.247383 0.522315 2.000000 0.240330 0.489542 2.000000 0.228677 0.454871 2.000000 0.000000 0.000000 0.000000 0.000000 0.000000 0.000000
0 0.161484 0.581902 0.176724 0.136482 0.110309 0.525248 2.000000 0.125335 0.541635 2.000000 0.157534 0.569061 2.000000 0.191879 0.593038 2.000000 0.204758 0.617877 2.000000 0.201692 0.638231 2.000000
0 0.243586 0.398682 0.354187 0.239530 0.119931 0.494494 2.000000 0.149040 0.467275 2.000000 0.203099 0.423896 2.000000 0.271146 0.365418 2.000000 0.332387 0.328418 2.000000 0.363386 0.305452 2.000000
0 0.366370 0.775369 0.146223 0.132596 0.412767 0.721994 2.000000 0.399252 0.737460 2.000000 0.382008 0.756859 2.000000 0.354046 0.784908 2.000000 0.330279 0.810861 2.000000 0.325618 0.824230 2.000000
0 0.450885 0.795610 0.059178 0.106523 0.443916 0.845208 2.000000 0.447150 0.835834 2.000000 0.451378 0.811067 2.000000 0.456602 0.788120 2.000000 0.452871 0.765033 2.000000 0.453120 0.750341 2.000000
0 0.471961 0.864591 0.102111 0.118735 0.441133 0.914801 2.000000 0.445611 0.903467 2.000000 0.460038 0.878701 2.000000 0.472476 0.854914 2.000000 0.476456 0.839103 2.000000 0.484820 0.817780 2.000000
0 0.211888 0.890647 0.162526 0.123134 0.154372 0.843755 2.000000 0.165018 0.859186 2.000000 0.187165 0.883085 2.000000 0.212924 0.911029 2.000000 0.251869 0.930521 2.000000 0.278548 0.930521 2.000000
0 0.238928 0.960573 0.236650 0.062694 0.127837 0.973384 2.000000 0.162140 0.971454 2.000000 0.216419 0.969978 2.000000 0.273120 0.966460 2.000000 0.307826 0.953634 2.000000 0.329215 0.936949 2.000000
0 0.574392 0.799998 0.320183 0.183330 0.689187 0.873124 2.000000 0.661322 0.857099 2.000000 0.621190 0.832917 2.000000 0.556354 0.789870 2.000000 0.494415 0.752931 2.000000 0.457600 0.735301 2.000000
