0 0.298067 0.079505 0.223888 0.061495 0.199960 0.063006 2.000000 0.222959 0.065766 2.000000 0.261904 0.070423 2.000000 0.318329 0.078185 2.000000 0.366473 0.097332 2.000000 0.384566 0.107854 2.000000
0 0.264708 0.133464 0.242908 0.031831 0.149907 0.133886 2.000000 0.183134 0.129927 2.000000 0.238949 0.125415 2.000000 0.294436 0.124034 2.000000 0.335357 0.129190 2.000000 0.365310 0.133518 2.000000
0 0.588735 0.139410 0.262250 0.047513 0.708698 0.154950 2.000000 0.672029 0.148570 2.000000 0.616835 0.141553 2.000000 0.547277 0.136449 2.000000 0.506449 0.135599 2.000000 0.476584 0.137725 2.000000
0 0.605189 0.170576 0.226180 0.041606 0.507796 0.178255 2.000000 0.531613 0.172088 2.000000 0.564124 0.166984 2.000000 0.621207 0.160392 2.000000 0.676022 0.163157 2.000000 0.694924 0.170174 2.000000
0 0.341685 0.416146 0.213831 0.259906 0.289925 0.304861 2.000000 0.301965 0.333147 2.000000 0.318255 0.380555 2.000000 0.345169 0.451469 2.000000 0.372082 0.490909 2.000000 0.399704 0.515609 2.000000
0 0.181994 0.530875 0.100400 0.140125 0.167283 0.468515 2.000000 0.168682 0.482409 2.000000 0.176138 0.506002 2.000000 0.184993 0.538770 2.000000 0.189653 0.569441 2.000000 0.200838 0.583859 2.000000
0 0.229158 0.712065 0.068927 0.130899 0.215336 0.768186 2.000000 0.216563 0.755249 2.000000 0.221776 0.731790 2.000000 0.230976 0.694531 2.000000 0.227701 0.671752 2.000000 0.236455 0.655613 2.000000
0 0.302299 0.775694 0.097067 0.128403 0.281214 0.830788 2.000000 0.284280 0.818886 2.000000 0.289494 0.790080 2.000000 0.295320 0.758168 2.000000 0.306973 0.740574 2.000000 0.323839 0.723842 2.000000
0 0.594121 0.718100 0.136869 0.198262 0.619800 0.805547 2.000000 0.614886 0.785558 2.000000 0.595228 0.746644 2.000000 0.571033 0.700712 2.000000 0.565741 0.665626 2.000000 0.581240 0.638620 2.000000
0 0.677834 0.707599 0.134988 0.131749 0.699743 0.760635 2.000000 0.694072 0.748514 2.000000 0.681975 0.725974 2.000000 0.669122 0.697905 2.000000 0.661183 0.678341 2.000000 0.652488 0.656864 2.000000
0 0.365865 0.913021 0.242905 0.085464 0.266170 0.936326 2.000000 0.292255 0.930372 2.000000 0.345936 0.920591 2.000000 0.406421 0.912085 2.000000 0.443847 0.898263 2.000000 0.454810 0.885504 2.000000
0 0.514517 0.898201 0.140411 0.104764 0.473926 0.937032 2.000000 0.484621 0.925228 2.000000 0.501369 0.901393 2.000000 0.517915 0.876876 2.000000 0.555042 0.867228 2.000000 0.579549 0.869944 2.000000
