0 0.266634 0.139496 0.240378 0.064454 0.155871 0.120427 2.000000 0.182736 0.123645 2.000000 0.226949 0.128639 2.000000 0.288422 0.136395 2.000000 0.328638 0.146090 2.000000 0.360236 0.155462 2.000000
0 0.343754 0.093690 0.130821 0.092624 0.304396 0.060653 2.000000 0.312369 0.068415 2.000000 0.337208 0.085665 2.000000 0.362047 0.103431 2.000000 0.373700 0.124475 2.000000 0.384950 0.130200 2.000000
0 0.591783 0.132024 0.274116 0.034841 0.718062 0.132890 2.000000 0.690465 0.128212 2.000000 0.644345 0.127361 2.000000 0.570628 0.127149 2.000000 0.512411 0.130338 2.000000 0.480656 0.136080 2.000000
0 0.616685 0.148913 0.194445 0.092618 0.535117 0.118398 2.000000 0.000000 0.000000 0.000000 0.000000 0.000000 0.000000 0.000000 0.000000 0.000000 0.661381 0.162841 2.000000 0.677258 0.181767 2.000000
0 0.347061 0.449748 0.334392 0.238988 0.237092 0.355868 2.000000 0.264310 0.380109 2.000000 0.315247 0.429880 2.000000 0.377238 0.486359 2.000000 0.420365 0.513869 2.000000 0.457777 0.531119 2.000000
0 0.189597 0.670135 0.090489 0.128480 0.182435 0.612111 2.000000 0.178988 0.628593 2.000000 0.176690 0.653476 2.000000 0.177264 0.688055 2.000000 0.199670 0.708737 2.000000 0.223225 0.724896 2.000000
0 0.253885 0.659313 0.137920 0.120478 0.206266 0.708667 2.000000 0.216963 0.699012 2.000000 0.238604 0.677604 2.000000 0.272932 0.647381 2.000000 0.284872 0.629051 2.000000 0.289349 0.613940 2.000000
0 0.357841 0.702120 0.187802 0.130757 0.297070 0.749915 2.000000 0.309642 0.739565 2.000000 0.335401 0.716278 2.000000 0.370360 0.685402 2.000000 0.388452 0.671948 2.000000 0.411145 0.657631 2.000000
0 0.581391 0.690274 0.144690 0.199160 0.551339 0.779630 2.000000 0.559278 0.757728 2.000000 0.570997 0.717113 2.000000 0.581204 0.663739 2.000000 0.596703 0.631417 2.000000 0.611447 0.607175 2.000000
0 0.660632 0.677493 0.111145 0.119407 0.684361 0.726067 2.000000 0.680580 0.713734 2.000000 0.674532 0.685452 2.000000 0.665081 0.653130 2.000000 0.640887 0.639095 2.000000 0.627277 0.628676 2.000000
0 0.307066 0.900891 0.251718 0.053948 0.197794 0.912282 2.000000 0.224166 0.909694 2.000000 0.274151 0.903830 2.000000 0.338241 0.896930 2.000000 0.375653 0.892790 2.000000 0.406819 0.888262 2.000000
0 0.536609 0.864958 0.202469 0.102783 0.454552 0.902385 2.000000 0.474203 0.895389 2.000000 0.509277 0.879438 2.000000 0.556540 0.856770 2.000000 0.573206 0.847815 2.000000 0.594848 0.839700 2.000000
