0 0.265847 0.143637 0.245554 0.044406 0.153352 0.137501 2.000000 0.181705 0.134736 2.000000 0.231984 0.133035 2.000000 0.293603 0.133886 2.000000 0.337834 0.140478 2.000000 0.363540 0.151323 2.000000
0 0.312385 0.085692 0.169145 0.096749 0.253068 0.054998 2.000000 0.265508 0.061811 2.000000 0.292187 0.075990 2.000000 0.322305 0.092746 2.000000 0.350683 0.108994 2.000000 0.358892 0.118788 2.000000
0 0.592153 0.142671 0.255890 0.043366 0.708526 0.152637 2.000000 0.683381 0.149532 2.000000 0.640756 0.145910 2.000000 0.564399 0.142115 2.000000 0.510121 0.141425 2.000000 0.481909 0.144185 2.000000
0 0.601013 0.165344 0.228925 0.078193 0.000000 0.000000 0.000000 0.000000 0.000000 0.000000 0.595371 0.159882 2.000000 0.644129 0.172819 2.000000 0.670501 0.181099 2.000000 0.689207 0.189723 2.000000
0 0.354172 0.440919 0.249460 0.252410 0.269237 0.334301 2.000000 0.286472 0.362416 2.000000 0.317496 0.402812 2.000000 0.346222 0.449671 2.000000 0.389885 0.509133 2.000000 0.410568 0.535309 2.000000
0 0.179034 0.596354 0.066809 0.130640 0.174211 0.537311 2.000000 0.174967 0.553260 2.000000 0.179881 0.582392 2.000000 0.183284 0.619818 2.000000 0.183284 0.647249 2.000000 0.193113 0.659795 2.000000
0 0.247228 0.685262 0.101389 0.120525 0.217539 0.736983 2.000000 0.223758 0.724530 2.000000 0.232713 0.696545 2.000000 0.236942 0.664363 2.000000 0.259080 0.646033 2.000000 0.281219 0.636938 2.000000
0 0.326363 0.742063 0.138412 0.114273 0.288050 0.790110 2.000000 0.294305 0.777398 2.000000 0.309842 0.750498 2.000000 0.322151 0.723144 2.000000 0.348786 0.704870 2.000000 0.375421 0.698514 2.000000
0 0.582143 0.708724 0.076852 0.189844 0.582273 0.794669 2.000000 0.579477 0.774221 2.000000 0.580409 0.728346 2.000000 0.576215 0.677490 2.000000 0.584137 0.648392 2.000000 0.594856 0.621392 2.000000
0 0.668440 0.696508 0.088407 0.117422 0.687704 0.747300 2.000000 0.681236 0.735547 2.000000 0.671784 0.710640 2.000000 0.660092 0.682516 2.000000 0.657605 0.666145 2.000000 0.645914 0.648095 2.000000
0 0.348564 0.910958 0.234988 0.077441 0.248430 0.930429 2.000000 0.278529 0.923293 2.000000 0.327782 0.910840 2.000000 0.375791 0.901045 2.000000 0.417083 0.895029 2.000000 0.448177 0.894049 2.000000
0 0.517894 0.887234 0.158009 0.106658 0.457902 0.923468 2.000000 0.473324 0.914933 2.000000 0.496707 0.893665 2.000000 0.523572 0.867639 2.000000 0.553173 0.855466 2.000000 0.579790 0.852947 2.000000
